0 0.35 0.49765625 0.046875 0.02109375
0 0.290625 0.5546875 0.03359375 0.01953125
0 0.25078125 0.57890625 0.02734375 0.0140625
0 0.4515625 0.5859375 0.04453125 0.0265625
0 0.47734375 0.56328125 0.078125 0.01796875
0 0.540625 0.5859375 0.02421875 0.01953125
0 0.47734375 0.63515625 0.03203125 0.0203125
0 0.39765625 0.48984375 0.0296875 0.028125
0 0.42421875 0.475 0.0203125 0.01328125
0 0.4515625 0.48671875 0.021875 0.0140625
0 0.5328125 0.51015625 0.0375 0.01484375
0 0.59140625 0.53828125 0.01484375 0.01640625
0 0.24609375 0.4296875 0.02265625 0.01015625
0 0.33359375 0.56796875 0.01875 0.0125
0 0.57109375 0.6421875 0.01484375 0.01640625
0 0.60234375 0.6625 0.0421875 0.0265625
0 0.2046875 0.6984375 0.01640625 0.01328125
0 0.2296875 0.6828125 0.0203125 0.0125
0 0.24921875 0.70625 0.0171875 0.0125
0 0.28515625 0.70859375 0.028125 0.0265625
0 0.3625 0.703125 0.02265625 0.01640625
0 0.425 0.72421875 0.01640625 0.02109375
0 0.3984375 0.734375 0.0171875 0.01328125
0 0.359375 0.72734375 0.028125 0.0140625
0 0.4828125 0.77109375 0.02421875 0.0125
0 0.5359375 0.73984375 0.05 0.0265625
0 0.54453125 0.79609375 0.0125 0.01015625
0 0.6265625 0.809375 0.01484375 0.028125
0 0.0984375 0.7515625 0.02734375 0.01640625
0 0.38046875 0.2953125 0.01640625 0.0140625
0 0.446875 0.31328125 0.0171875 0.02109375
0 0.5203125 0.39140625 0.02265625 0.0203125
0 0.54609375 0.446875 0.01875 0.0140625
0 0.58984375 0.440625 0.0109375 0.009375
0 0.628125 0.43125 0.01328125 0.0125
0 0.61953125 0.38984375 0.01015625 0.009375
0 0.5875 0.4140625 0.01484375 0.01015625
0 0.54609375 0.38125 0.009375 0.01328125
0 0.5125 0.36953125 0.0171875 0.0140625
0 0.596875 0.4796875 0.00859375 0.01171875
0 0.50703125 0.24453125 0.01640625 0.01484375
0 0.47109375 0.2421875 0.01796875 0.01484375
0 0.4703125 0.2078125 0.0140625 0.009375
0 0.5546875 0.1828125 0.01015625 0.0109375
0 0.6140625 0.215625 0.015625 0.01484375
0 0.56484375 0.26640625 0.0109375 0.01484375
0 0.540625 0.11015625 0.0125 0.01875
0 0.4625 0.03359375 0.0125 0.0125
0 0.4859375 0.05234375 0.015625 0.0140625
0 0.43984375 0.00625 0.01484375 0.0125
0 0.846875 0.0328125 0.01015625 0.00859375
0 0.77890625 0.04609375 0.00703125 0.0109375
0 0.7953125 0.11328125 0.009375 0.01015625
0 0.778125 0.23359375 0.0109375 0.01015625
0 0.72421875 0.3453125 0.00859375 0.0078125
0 0.70078125 0.4828125 0.01484375 0.009375
0 0.6265625 0.4765625 0.01015625 0.01171875
0 0.7140625 0.51015625 0.01328125 0.01015625
0 0.71953125 0.5515625 0.01484375 0.01015625
0 0.7484375 0.5546875 0.0125 0.01171875
0 0.77421875 0.54296875 0.01015625 0.00859375
0 0.74375 0.5203125 0.01328125 0.00625
0 0.76015625 0.5296875 0.01484375 0.009375
0 0.8375 0.4953125 0.01171875 0.00859375
0 0.9046875 0.6109375 0.0125 0.009375
0 0.69609375 0.58359375 0.01640625 0.01015625
0 0.634375 0.61796875 0.01328125 0.00703125
0 0.72890625 0.81875 0.0203125 0.015625
0 0.77265625 0.86171875 0.009375 0.00859375
0 0.8109375 0.8734375 0.02109375 0.01171875
1 0.36875 0.4171875 0.00546875 0.01953125
1 0.43125 0.4359375 0.00390625 0.021875
1 0.48828125 0.4640625 0.01171875 0.0265625
1 0.45859375 0.3640625 0.00859375 0.02421875
1 0.4359375 0.5234375 0.0078125 0.0296875