0 0.32734375 0.3359375 0.01484375 0.02109375
0 0.3125 0.48359375 0.0171875 0.03671875
0 0.30546875 0.65390625 0.021875 0.03671875
0 0.33828125 0.60625 0.0171875 0.03359375
0 0.3546875 0.51796875 0.01328125 0.0296875
0 0.4140625 0.6875 0.02734375 0.05546875
0 0.309375 0.76484375 0.0203125 0.0578125
0 0.1109375 0.77890625 0.0421875 0.02890625
0 0.2 0.82109375 0.0859375 0.02734375
0 0.44296875 0.77734375 0.0234375 0.07109375
0 0.4265625 0.59140625 0.021875 0.0265625
0 0.6 0.3578125 0.040625 0.03125
0 0.409375 0.1703125 0.0234375 0.02578125
0 0.8265625 0.24375 0.0234375 0.046875