0 0.48828125 0.23203125 0.025 0.03125
0 0.4484375 0.1609375 0.0234375 0.0265625
0 0.50546875 0.115625 0.01875 0.0203125
0 0.55625 0.17109375 0.015625 0.01875
0 0.496875 0.16640625 0.015625 0.015625
0 0.69140625 0.47265625 0.01875 0.01875
0 0.73125 0.5 0.0171875 0.0171875
0 0.365625 0.2515625 0.0265625 0.0265625
0 0.28203125 0.26484375 0.0375 0.028125
0 0.509375 0.2515625 0.0109375 0.0109375
0 0.51953125 0.26953125 0.0109375 0.0140625
0 0.465625 0.20234375 0.0203125 0.0265625
0 0.43125 0.1484375 0.0171875 0.0234375
0 0.47578125 0.1171875 0.01875 0.021875
0 0.55234375 0.20703125 0.0171875 0.0203125
0 0.58359375 0.2390625 0.025 0.0203125
0 0.64375 0.140625 0.01875 0.0203125
0 0.71328125 0.14453125 0.01875 0.0234375
0 0.759375 0.17578125 0.0203125 0.01875
0 0.5765625 0.08125 0.025 0.0234375
0 0.628125 0.51328125 0.01875 0.025
0 0.671875 0.553125 0.0171875 0.01875
0 0.65390625 0.51953125 0.0140625 0.01875
0 0.6328125 0.6109375 0.0296875 0.0203125
0 0.64921875 0.58671875 0.0203125 0.025
0 0.26796875 0.6515625 0.046875 0.03125
0 0.3125 0.628125 0.0234375 0.015625
0 0.38125 0.58984375 0.0234375 0.015625
0 0.35078125 0.60546875 0.0203125 0.025
0 0.31953125 0.65625 0.0296875 0.0203125
0 0.4484375 0.61328125 0.0234375 0.0234375
0 0.4734375 0.578125 0.021875 0.0234375
0 0.39296875 0.63671875 0.01875 0.01875
0 0.5359375 0.69453125 0.01875 0.0203125
0 0.73046875 0.63359375 0.0140625 0.0234375
0 0.79765625 0.65859375 0.015625 0.0171875
0 0.77265625 0.696875 0.0171875 0.01875
0 0.7515625 0.734375 0.0234375 0.0140625
0 0.7453125 0.76875 0.028125 0.028125
0 0.83671875 0.628125 0.021875 0.025
0 0.84140625 0.58671875 0.01875 0.0171875
0 0.7953125 0.70703125 0.015625 0.028125
0 0.69765625 0.82421875 0.015625 0.03125
0 0.6671875 0.85390625 0.01875 0.01875
0 0.68046875 0.88203125 0.0296875 0.021875
0 0.70234375 0.8546875 0.015625 0.0125
0 0.9109375 0.5734375 0.0203125 0.0296875
0 0.83671875 0.7453125 0.0359375 0.03125
0 0.72734375 0.83828125 0.0171875 0.0171875
0 0.88984375 0.66875 0.021875 0.01875
0 0.9453125 0.70234375 0.0203125 0.015625
0 0.93828125 0.7328125 0.0171875 0.0359375
0 0.97890625 0.69921875 0.0140625 0.0203125
0 0.9375 0.6765625 0.025 0.0234375
0 0.86328125 0.5515625 0.028125 0.021875
0 0.1359375 0.4921875 0.01875 0.0234375
0 0.20234375 0.52265625 0.0171875 0.01875
0 0.27265625 0.509375 0.0140625 0.0140625
0 0.28515625 0.49921875 0.015625 0.0140625
0 0.321875 0.48828125 0.015625 0.015625
0 0.25078125 0.50703125 0.015625 0.0171875
0 0.134375 0.54453125 0.0109375 0.028125
0 0.29921875 0.5640625 0.025 0.01875