0 0.14375 0.07109375 0.040625 0.04375
0 0.45234375 0.19921875 0.0859375 0.0484375
0 0.33671875 0.2375 0.0375 0.0421875
0 0.21328125 0.2859375 0.05 0.0546875
0 0.18203125 0.32578125 0.034375 0.046875
0 0.14375 0.3390625 0.040625 0.034375
0 0.096875 0.3375 0.03125 0.04375
0 0.0578125 0.35234375 0.0359375 0.0328125
0 0.1578125 0.25 0.034375 0.021875
0 0.26875 0.3359375 0.028125 0.03125
0 0.5015625 0.38671875 0.040625 0.0390625
0 0.44296875 0.35078125 0.0234375 0.0421875
0 0.34765625 0.41328125 0.0609375 0.065625
0 0.2109375 0.52734375 0.0515625 0.078125
0 0.115625 0.5890625 0.053125 0.0703125
0 0.13984375 0.54609375 0.0234375 0.0453125
0 0.28046875 0.43984375 0.028125 0.0515625
0 0.4015625 0.4125 0.034375 0.0421875
0 0.3546875 0.5609375 0.0453125 0.0640625
0 0.40625 0.540625 0.0453125 0.0484375
0 0.48125 0.515625 0.03125 0.0578125
0 0.5375 0.46875 0.0421875 0.04375
0 0.10546875 0.690625 0.04375 0.0546875
0 0.153125 0.67109375 0.04375 0.05625
0 0.3234375 0.6609375 0.046875 0.04375
0 0.2859375 0.690625 0.028125 0.03125
0 0.41171875 0.6171875 0.046875 0.0609375
0 0.43984375 0.65703125 0.0265625 0.034375
0 0.4828125 0.56796875 0.046875 0.04375
0 0.5671875 0.53359375 0.0421875 0.0359375
0 0.61875 0.49453125 0.05625 0.0421875
0 0.43046875 0.709375 0.075 0.0671875
0 0.38828125 0.75546875 0.053125 0.0390625
0 0.55546875 0.66796875 0.0546875 0.0734375
0 0.56875 0.57421875 0.0328125 0.040625
0 0.615625 0.4015625 0.040625 0.0390625
0 0.70703125 0.39609375 0.0265625 0.0453125
0 0.78671875 0.43515625 0.0203125 0.034375
0 0.78203125 0.33984375 0.046875 0.034375
0 0.70546875 0.5171875 0.0265625 0.0265625
0 0.48671875 0.61875 0.034375 0.0359375
0 0.68671875 0.496875 0.028125 0.03125
0 0.72265625 0.43203125 0.05 0.0421875
0 0.8453125 0.290625 0.0484375 0.0484375
0 0.890625 0.209375 0.0296875 0.0296875
0 0.396875 0.1546875 0.0234375 0.0203125
1 0.32578125 0.190625 0.0875 0.0296875
1 0.3671875 0.02109375 0.075 0.0421875
1 0.2171875 0.040625 0.0625 0.053125
1 0.41484375 0.471875 0.0390625 0.0375
1 0.52890625 0.26953125 0.0921875 0.053125