0 0.415625 0.88984375 0.0203125 0.05859375
0 0.42890625 0.696875 0.01640625 0.03359375
0 0.44453125 0.64765625 0.0171875 0.04140625
0 0.4671875 0.5890625 0.01484375 0.03203125
0 0.4328125 0.48984375 0.0140625 0.03359375
0 0.39921875 0.49140625 0.00859375 0.0234375
0 0.40546875 0.5140625 0.01171875 0.021875
0 0.471875 0.4625 0.0140625 0.0390625
0 0.46015625 0.34375 0.0140625 0.02265625
0 0.44140625 0.3265625 0.0140625 0.01953125
0 0.4 0.34296875 0.01796875 0.01796875
0 0.16171875 0.41328125 0.0140625 0.021875
0 0.16015625 0.45078125 0.0125 0.0328125
0 0.02265625 0.3234375 0.0203125 0.01875
0 0.04296875 0.33984375 0.01640625 0.01875
0 0.14921875 0.38984375 0.0140625 0.02421875
0 0.246875 0.553125 0.0140625 0.01796875
0 0.50078125 0.9609375 0.015625 0.078125
0 0.5265625 0.46328125 0.0171875 0.06484375
0 0.5015625 0.37734375 0.0140625 0.028125
0 0.46796875 0.3890625 0.0140625 0.021875
0 0.521875 0.2328125 0.0140625 0.021875
0 0.54296875 0.28125 0.01328125 0.02265625
0 0.5375 0.25703125 0.01015625 0.01875
0 0.5578125 0.28203125 0.0109375 0.03359375
0 0.5625 0.35859375 0.01328125 0.028125
0 0.45234375 0.21171875 0.0140625 0.0203125
0 0.5171875 0.53125 0.0140625 0.03828125
0 0.671875 0.37734375 0.015625 0.02578125
0 0.6609375 0.0734375 0.01328125 0.040625
0 0.67421875 0.01328125 0.0203125 0.0265625
0 0.7046875 0.021875 0.015625 0.021875
0 0.6984375 0.0625 0.01328125 0.021875
0 0.7125 0.12109375 0.015625 0.0203125
0 0.7546875 0.03828125 0.01796875 0.02421875
0 0.75703125 0.125 0.015625 0.02265625
0 0.8046875 0.09296875 0.01640625 0.02578125
0 0.7765625 0.353125 0.01328125 0.02421875
0 0.79453125 0.31953125 0.0109375 0.02421875
0 0.525 0.58671875 0.0109375 0.01640625
1 0.5921875 0.47265625 0.0078125 0.05390625
1 0.53203125 0.675 0.0078125 0.0828125
1 0.6140625 0.32421875 0.009375 0.05