0 0.4953125 0.28125 0.0890625 0.078125
0 0.72734375 0.028125 0.0828125 0.05625
0 0.31171875 0.571875 0.0953125 0.0640625
0 0.16640625 0.80234375 0.0890625 0.075
0 0.8203125 0.41875 0.053125 0.0765625
0 0.76796875 0.38671875 0.0640625 0.0390625
0 0.06953125 0.5734375 0.0625 0.03125
0 0.69609375 0.24296875 0.0484375 0.0234375
1 0.0828125 0.15390625 0.08125 0.090625
1 0.13125 0.3546875 0.090625 0.096875
1 0.91171875 0.128125 0.0546875 0.1296875
1 0.609375 0.12109375 0.059375 0.0875
1 0.6671875 0.3625 0.0984375 0.0828125