0 0.103125 0.2703125 0.05390625 0.07734375
0 0.1015625 0.33984375 0.03125 0.0375
0 0.015625 0.390625 0.03125 0.034375
0 0.15703125 0.36796875 0.02578125 0.04296875
0 0.23515625 0.3703125 0.03359375 0.03125
0 0.1078125 0.41953125 0.02421875 0.02578125
0 0.034375 0.421875 0.03125 0.02421875
0 0.0359375 0.45859375 0.03125 0.01875
0 0.0671875 0.4515625 0.0296875 0.0203125
0 0.1296875 0.4109375 0.015625 0.01875
0 0.15234375 0.4125 0.0140625 0.02265625
0 0.1953125 0.4125 0.03828125 0.04296875
0 0.27109375 0.41328125 0.03203125 0.034375
0 0.36953125 0.41796875 0.03828125 0.0328125
0 0.39453125 0.375 0.034375 0.01875
0 0.34375 0.21953125 0.02578125 0.02421875
0 0.4390625 0.0375 0.04375 0.04453125
0 0.45703125 0.08125 0.03828125 0.0328125
0 0.4390625 0.13203125 0.053125 0.04765625
0 0.55625 0.184375 0.04765625 0.02890625
0 0.90390625 0.0703125 0.03203125 0.034375
0 0.86171875 0.04375 0.034375 0.015625
0 0.68984375 0.09765625 0.03359375 0.0171875
0 0.528125 0.059375 0.03984375 0.02265625
0 0.75546875 0.11484375 0.03125 0.0375
0 0.7625 0.165625 0.034375 0.02265625
0 0.4921875 0.2421875 0.06796875 0.04453125
0 0.35859375 0.27890625 0.02734375 0.0359375
0 0.52265625 0.396875 0.0359375 0.02890625
0 0.59921875 0.3328125 0.03125 0.0171875
0 0.72734375 0.54296875 0.03203125 0.02890625
0 0.8671875 0.56171875 0.0203125 0.02578125
0 0.86171875 0.5953125 0.03203125 0.0375
0 0.975 0.7140625 0.0359375 0.04140625
0 0.98515625 0.928125 0.0296875 0.046875
0 0.928125 0.98359375 0.0296875 0.03203125
0 0.8890625 0.80703125 0.04921875 0.04609375
0 0.828125 0.609375 0.021875 0.02421875
0 0.7546875 0.6296875 0.02734375 0.03125
0 0.8328125 0.70703125 0.0234375 0.03125
0 0.78125 0.7546875 0.03359375 0.0203125
0 0.73828125 0.83828125 0.053125 0.03984375
0 0.68359375 0.8671875 0.05 0.0359375
0 0.61796875 0.90078125 0.04921875 0.0375
0 0.5 0.98046875 0.0421875 0.0390625
0 0.44609375 0.74375 0.03828125 0.0359375
0 0.6921875 0.65546875 0.03828125 0.034375
0 0.70390625 0.60390625 0.03359375 0.02421875
0 0.66796875 0.5703125 0.02578125 0.02578125
0 0.51171875 0.4953125 0.0296875 0.02890625
0 0.4828125 0.52265625 0.02734375 0.01875
0 0.48125 0.6296875 0.028125 0.0171875
0 0.3359375 0.65 0.028125 0.03125
0 0.2890625 0.72421875 0.05 0.04765625
0 0.35078125 0.69765625 0.0453125 0.02578125
0 0.36328125 0.7609375 0.034375 0.0328125
0 0.2 0.8296875 0.0296875 0.02578125
0 0.22890625 0.7078125 0.01796875 0.02265625
0 0.2 0.6796875 0.03203125 0.02421875
0 0.178125 0.71640625 0.0375 0.0328125
0 0.11640625 0.721875 0.02421875 0.02421875
0 0.13515625 0.74921875 0.04375 0.02265625
0 0.0234375 0.7515625 0.03359375 0.02421875
0 0.11875 0.8109375 0.0359375 0.02578125
0 0.1171875 0.771875 0.03125 0.0203125
0 0.05234375 0.8421875 0.02734375 0.034375
0 0.13984375 0.85078125 0.03203125 0.0203125
0 0.09765625 0.88046875 0.028125 0.02421875
0 0.01796875 0.8671875 0.0359375 0.0328125
0 0.1 0.85859375 0.02421875 0.02578125
1 0.92421875 0.4171875 0.0140625 0.0421875
1 0.95234375 0.53359375 0.01875 0.04921875
1 0.96171875 0.365625 0.0140625 0.0671875
1 0.7890625 0.39140625 0.01171875 0.05703125
1 0.90546875 0.71640625 0.01171875 0.059375