0 0.4234375 0.06015625 0.02421875 0.04296875
0 0.51796875 0.0359375 0.02421875 0.04296875
0 0.47890625 0.0296875 0.02578125 0.03046875
0 0.70546875 0.11640625 0.02109375 0.04609375
0 0.6984375 0.18046875 0.02421875 0.0625
0 0.534375 0.2765625 0.04453125 0.0546875
0 0.53046875 0.3375 0.03359375 0.0640625
0 0.75 0.26015625 0.05625 0.065625
0 0.86953125 0.08828125 0.03515625 0.0578125
0 0.909375 0.14453125 0.04453125 0.03046875
0 0.35078125 0.42265625 0.02265625 0.04765625
0 0.3796875 0.425 0.01953125 0.02734375
0 0.28125 0.4421875 0.01796875 0.03515625
0 0.2953125 0.50234375 0.03359375 0.04453125
0 0.24609375 0.565625 0.03984375 0.053125
0 0.2453125 0.65546875 0.04140625 0.05
0 0.35078125 0.68671875 0.0640625 0.04765625
0 0.365625 0.52578125 0.04609375 0.03359375
0 0.403125 0.5109375 0.04765625 0.04453125
0 0.65625 0.4078125 0.0578125 0.0515625
0 0.64609375 0.4515625 0.071875 0.03203125
0 0.66171875 0.5375 0.053125 0.04453125
0 0.69609375 0.3703125 0.02578125 0.03671875
0 0.89375 0.26796875 0.0625 0.053125
0 0.9015625 0.41015625 0.0546875 0.03203125
0 0.8921875 0.190625 0.03984375 0.04453125
0 0.94296875 0.090625 0.0703125 0.04609375
1 0.7640625 0.07890625 0.02109375 0.05625
1 0.64140625 0.26171875 0.0109375 0.03046875
1 0.825 0.35859375 0.02421875 0.0515625
1 0.796875 0.46015625 0.02890625 0.053125
1 0.70078125 0.79296875 0.028125 0.059375