0 0.4515625 0.16171875 0.025 0.0328125
0 0.48671875 0.2078125 0.0296875 0.025
0 0.515625 0.228125 0.0171875 0.021875
0 0.4640625 0.26328125 0.025 0.025
0 0.49453125 0.2609375 0.0203125 0.025
0 0.48046875 0.2984375 0.021875 0.0390625
0 0.45859375 0.328125 0.0203125 0.03125
0 0.43671875 0.334375 0.0265625 0.0328125
0 0.42421875 0.3703125 0.0234375 0.0328125
0 0.3015625 0.471875 0.0265625 0.0359375
0 0.34609375 0.409375 0.0234375 0.028125
0 0.27578125 0.54765625 0.028125 0.0421875
0 0.16953125 0.6453125 0.021875 0.040625
0 0.13203125 0.69921875 0.0265625 0.0453125
0 0.0640625 0.84140625 0.0390625 0.034375
0 0.85390625 0.46015625 0.046875 0.0328125
0 0.8625 0.490625 0.0203125 0.025
0 0.87578125 0.54765625 0.0203125 0.021875
0 0.80234375 0.35390625 0.0203125 0.025
0 0.76875 0.2765625 0.0265625 0.0265625
0 0.91171875 0.296875 0.0171875 0.021875
0 0.79609375 0.15546875 0.040625 0.046875
0 0.72890625 0.18046875 0.01875 0.0375
0 0.93203125 0.1609375 0.021875 0.025
0 0.76015625 0.60859375 0.025 0.028125
0 0.77421875 0.640625 0.0296875 0.0265625
0 0.65859375 0.43828125 0.0296875 0.0390625
0 0.6453125 0.50078125 0.0296875 0.0375
1 0.26484375 0.04921875 0.0265625 0.059375
1 0.19140625 0.0484375 0.028125 0.0875
1 0.25703125 0.2703125 0.034375 0.0703125