0 0.01484375 0.23515625 0.0296875 0.0453125
0 0.07578125 0.1171875 0.053125 0.0421875
0 0.34296875 0.2390625 0.0875 0.053125
0 0.25 0.31796875 0.0390625 0.04375
0 0.15390625 0.409375 0.053125 0.0578125
0 0.13984375 0.45703125 0.0375 0.0484375
0 0.109375 0.484375 0.0421875 0.0375
0 0.065625 0.5 0.034375 0.0453125
0 0.034375 0.52890625 0.0375 0.034375
0 0.0890625 0.396875 0.034375 0.0234375
0 0.22421875 0.434375 0.0296875 0.0328125
0 0.45859375 0.39453125 0.0421875 0.0421875
0 0.39140625 0.3828125 0.0265625 0.04375
0 0.3265625 0.4765625 0.0640625 0.06875
0 0.2421875 0.63359375 0.05625 0.0796875
0 0.17734375 0.7265625 0.05625 0.071875
0 0.18359375 0.67734375 0.0265625 0.0453125
0 0.2734375 0.5265625 0.03125 0.053125
0 0.37578125 0.45546875 0.0359375 0.04375
0 0.3875 0.6109375 0.0484375 0.065625
0 0.42890625 0.57265625 0.046875 0.05
0 0.48828125 0.521875 0.0359375 0.059375
0 0.52265625 0.45703125 0.04375 0.0453125
0 0.20546875 0.825 0.0453125 0.05625
0 0.24296875 0.7890625 0.046875 0.0578125
0 0.396875 0.715625 0.0484375 0.046875
0 0.3734375 0.75703125 0.0296875 0.0328125
0 0.4625 0.6421875 0.05 0.0625
0 0.503125 0.66875 0.028125 0.0359375
0 0.509375 0.56953125 0.0484375 0.046875
0 0.575 0.50625 0.04375 0.0375
0 0.6078125 0.45 0.0578125 0.0453125
0 0.5140625 0.7203125 0.078125 0.071875
0 0.4921875 0.778125 0.0546875 0.0421875
0 0.61484375 0.634375 0.059375 0.0765625
0 0.59140625 0.54296875 0.0359375 0.040625
0 0.56953125 0.36484375 0.0421875 0.0421875
0 0.653125 0.32578125 0.028125 0.046875
0 0.7421875 0.3328125 0.021875 0.034375
0 0.70078125 0.24609375 0.0484375 0.0375
0 0.696875 0.4390625 0.028125 0.028125
0 0.53203125 0.615625 0.0359375 0.0375
0 0.671875 0.42734375 0.0296875 0.0328125
0 0.68125 0.353125 0.0515625 0.0453125
0 0.7421875 0.1765625 0.0515625 0.0515625
0 0.753125 0.08359375 0.03125 0.03125
0 0.275 0.21875 0.025 0.021875
1 0.22265625 0.27890625 0.0875 0.0359375
1 0.196875 0.10390625 0.0765625 0.0515625
1 0.06640625 0.1796875 0.0640625 0.05625
1 0.4109375 0.50546875 0.040625 0.0390625
1 0.43984375 0.27578125 0.09375 0.059375