0 0.49609375 0.41015625 0.0203125 0.021875
0 0.57265625 0.5953125 0.05 0.0546875
0 0.559375 0.51640625 0.0234375 0.0234375
0 0.76484375 0.65 0.015625 0.015625
0 0.61484375 0.34375 0.0328125 0.0359375
0 0.5953125 0.303125 0.0125 0.015625
0 0.1796875 0.36328125 0.025 0.021875
0 0.36796875 0.3375 0.028125 0.034375
0 0.37734375 0.44921875 0.0203125 0.021875
0 0.278125 0.00625 0.03125 0.0125
0 0.309375 0.1328125 0.0609375 0.065625
0 0.30546875 0.221875 0.025 0.021875
0 0.19921875 0.2296875 0.028125 0.0296875
0 0.17109375 0.1609375 0.03125 0.0359375
0 0.41328125 0.57734375 0.025 0.021875
0 0.403125 0.53359375 0.0265625 0.021875
0 0.55546875 0.40859375 0.0203125 0.021875
0 0.640625 0.3828125 0.025 0.0234375
0 0.70625 0.52734375 0.040625 0.034375
0 0.5390625 0.45390625 0.021875 0.0203125
0 0.51796875 0.35234375 0.05 0.0390625
0 0.471875 0.2796875 0.05 0.0421875
0 0.3859375 0.0203125 0.05 0.040625
0 0.37578125 0.08359375 0.0421875 0.0453125
0 0.321875 0.25234375 0.0203125 0.0203125