0 0.025 0.2328125 0.04375 0.065625
0 0.0609375 0.39375 0.078125 0.08125
0 0.071875 0.5984375 0.05625 0.078125
0 0.1609375 0.7109375 0.078125 0.059375
0 0.15 0.8734375 0.05625 0.084375
0 0.309375 0.7359375 0.075 0.084375
0 0.2265625 0.8390625 0.053125 0.078125
0 0.253125 0.1125 0.05 0.06875
0 0.2828125 0.0625 0.0359375 0.06875
0 0.2296875 0.0421875 0.04140625 0.0375
0 0.4 0.10234375 0.03984375 0.03984375
0 0.41640625 0.175 0.0265625 0.034375
0 0.26796875 0.1734375 0.0359375 0.04453125
0 0.33203125 0.34140625 0.0359375 0.05078125
0 0.2328125 0.19453125 0.02109375 0.04140625
0 0.40703125 0.3140625 0.02109375 0.04296875
0 0.428125 0.465625 0.07421875 0.04609375
0 0.440625 0.5203125 0.065625 0.04140625
0 0.45703125 0.5953125 0.01640625 0.02265625
0 0.528125 0.61328125 0.0296875 0.0359375