1 0.234375 0.02578125 0.07578125 0.040625
1 0.33046875 0.18359375 0.06171875 0.0375
1 0.36796875 0.45859375 0.09453125 0.021875
1 0.7421875 0.30625 0.07578125 0.01875
1 0.503125 0.26875 0.07265625 0.040625
0 0.13515625 0.08125 0.0375 0.0484375
0 0.21015625 0.28046875 0.0484375 0.06484375
0 0.13046875 0.33984375 0.16484375 0.0375
0 0.4515625 0.2046875 0.08359375 0.0375
0 0.15 0.2484375 0.03515625 0.0375
0 0.33203125 0.23984375 0.03203125 0.0484375
0 0.50703125 0.3765625 0.08125 0.04609375
0 0.2265625 0.53828125 0.09140625 0.040625
0 0.1296875 0.58828125 0.03203125 0.0859375
0 0.3671875 0.5609375 0.0484375 0.05390625
0 0.4609375 0.5125 0.021875 0.07578125
0 0.53671875 0.47109375 0.03203125 0.03515625
0 0.6203125 0.3921875 0.04296875 0.04609375
0 0.62578125 0.43671875 0.096875 0.0375
0 0.7109375 0.384375 0.040625 0.03515625
0 0.375 0.6296875 0.06484375 0.1
0 0.28984375 0.6890625 0.0515625 0.08359375
0 0.4453125 0.7109375 0.06484375 0.06171875
0 0.3828125 0.75703125 0.03203125 0.0515625
0 0.56640625 0.65546875 0.04296875 0.08125
0 0.45078125 0.65859375 0.05390625 0.05390625
0 0.56953125 0.53515625 0.04296875 0.03515625
0 0.6328125 0.49375 0.07265625 0.0375
0 0.73671875 0.5046875 0.0484375 0.0484375
0 0.79140625 0.4359375 0.03515625 0.040625
0 0.81484375 0.31015625 0.13515625 0.04296875