0 0.1640625 0.45859375 0.0203125 0.03125
0 0.2640625 0.4953125 0.021875 0.028125
0 0.2125 0.6609375 0.0203125 0.0359375
0 0.09296875 0.85390625 0.0265625 0.078125
0 0.28359375 0.33984375 0.0515625 0.103125
0 0.34765625 0.31328125 0.0875 0.2109375
0 0.48515625 0.33515625 0.0734375 0.1859375
0 0.55625 0.62890625 0.04375 0.0453125
0 0.584375 0.5421875 0.021875 0.03125
0 0.74375 0.42421875 0.021875 0.028125
0 0.621875 0.5953125 0.01875 0.028125
0 0.53828125 0.72421875 0.0203125 0.028125
0 0.5890625 0.70390625 0.01875 0.0234375
0 0.775 0.534375 0.0484375 0.0375
0 0.775 0.87109375 0.025 0.028125
0 0.83046875 0.8375 0.034375 0.0640625
0 0.91015625 0.77109375 0.0390625 0.04375
0 0.6390625 0.50234375 0.0546875 0.0453125
0 0.5796875 0.378125 0.0390625 0.1
0 0.6640625 0.246875 0.021875 0.040625
1 0.684375 0.3859375 0.0421875 0.084375
1 0.31875 0.70859375 0.05 0.1125
1 0.01484375 0.6046875 0.0296875 0.140625
1 0.1453125 0.0296875 0.046875 0.059375
1 0.128125 0.7078125 0.04375 0.0859375
1 0.409375 0.9328125 0.0515625 0.0859375