0 0.59765625 0.61328125 0.0578125 0.04375
0 0.396875 0.52109375 0.075 0.040625
0 0.36953125 0.6234375 0.0484375 0.025
0 0.08125 0.6375 0.059375 0.028125
0 0.715625 0.45625 0.08125 0.025
0 0.54296875 0.07265625 0.015625 0.028125
0 0.85078125 0.4765625 0.0390625 0.01875
0 0.35234375 0.79921875 0.0703125 0.028125
0 0.4515625 0.70703125 0.028125 0.0109375
0 0.15390625 0.6390625 0.0265625 0.0140625
1 0.14453125 0.73203125 0.0734375 0.0515625
1 0.909375 0.75234375 0.028125 0.0390625
1 0.75859375 0.55390625 0.0578125 0.0671875
1 0.10703125 0.425 0.03125 0.05625