0 0.70390625 0.66953125 0.0359375 0.02265625
0 0.5703125 0.52734375 0.04375 0.03125
0 0.74140625 0.50546875 0.03359375 0.034375
0 0.68671875 0.59375 0.028125 0.02734375
0 0.6625 0.71015625 0.0515625 0.0484375
0 0.74375 0.74453125 0.028125 0.0296875
0 0.246875 0.37265625 0.10625 0.02734375
0 0.66328125 0.2390625 0.08046875 0.025
0 0.87421875 0.3484375 0.0203125 0.015625
0 0.88828125 0.40546875 0.028125 0.04609375
0 0.8796875 0.4734375 0.0203125 0.05078125
0 0.84296875 0.475 0.0203125 0.03125
0 0.7375 0.665625 0.05703125 0.034375
0 0.75390625 0.728125 0.03359375 0.02578125
0 0.79140625 0.7484375 0.0203125 0.02109375
0 0.71015625 0.79375 0.0234375 0.0140625
0 0.79375 0.64296875 0.0359375 0.02109375
0 0.225 0.66328125 0.03125 0.04609375
0 0.32734375 0.6328125 0.0390625 0.0296875
0 0.3625 0.57421875 0.015625 0.05546875
0 0.35859375 0.7765625 0.03359375 0.084375
0 0.0984375 0.81171875 0.04140625 0.05
0 0.25234375 0.84375 0.0390625 0.02109375
0 0.3171875 0.88671875 0.03359375 0.0296875
0 0.390625 0.8765625 0.0359375 0.06640625
0 0.26875 0.77578125 0.03125 0.0234375
0 0.228125 0.77265625 0.01796875 0.00703125
0 0.215625 0.7515625 0.0125 0.00625
0 0.25390625 0.740625 0.0125 0.00859375
0 0.23359375 0.78515625 0.0171875 0.0078125
0 0.2609375 0.8015625 0.01875 0.00625
0 0.20546875 0.71953125 0.00859375 0.00546875
0 0.275 0.88125 0.03359375 0.02109375
0 0.2578125 0.94375 0.02109375 0.0140625
0 0.44765625 0.9515625 0.040625 0.01796875
0 0.475 0.915625 0.02109375 0.0171875
0 0.51640625 0.89765625 0.01875 0.01171875
0 0.46328125 0.88828125 0.00859375 0.00625
0 0.70625 0.8703125 0.021875 0.0078125
0 0.375 0.6890625 0.01328125 0.03359375
0 0.37421875 0.72109375 0.04453125 0.0109375
0 0.33203125 0.68046875 0.03046875 0.02734375
0 0.16328125 0.7109375 0.02578125 0.03125
0 0.11015625 0.70625 0.0265625 0.0203125
0 0.66796875 0.91171875 0.01875 0.01640625
0 0.44140625 0.5859375 0.0203125 0.01640625
0 0.41171875 0.62734375 0.015625 0.01484375
0 0.72578125 0.559375 0.0203125 0.01328125
0 0.6765625 0.65078125 0.01484375 0.0078125
0 0.1515625 0.484375 0.03515625 0.01015625
0 0.20703125 0.46640625 0.02890625 0.00703125
0 0.2265625 0.41875 0.059375 0.0140625
0 0.15 0.55390625 0.04453125 0.009375
0 0.02578125 0.65390625 0.05078125 0.0109375
0 0.0765625 0.85703125 0.02109375 0.03203125
0 0.44296875 0.9203125 0.01953125 0.009375
0 0.45234375 0.796875 0.01953125 0.01015625
0 0.7140625 0.62578125 0.015625 0.00625
0 0.8203125 0.58046875 0.03515625 0.0078125