0 0.1484375 0.43984375 0.015625 0.009375
0 0.21015625 0.39375 0.0203125 0.0203125
0 0.06328125 0.4625 0.0171875 0.015625
0 0.0625 0.5109375 0.0109375 0.015625
0 0.17109375 0.52578125 0.0140625 0.021875
0 0.08515625 0.48046875 0.009375 0.0109375
0 0.103125 0.47734375 0.0109375 0.0109375
0 0.0328125 0.5 0.0125 0.021875
0 0.02421875 0.5484375 0.0109375 0.0140625
0 0.0421875 0.56796875 0.0078125 0.009375
0 0.06328125 0.57890625 0.0140625 0.015625
0 0.0296875 0.59765625 0.0125 0.015625
0 0.0046875 0.54453125 0.0078125 0.0125
0 0.003125 0.484375 0.00625 0.0109375
0 0.03125 0.525 0.0078125 0.0125
0 0.07109375 0.4390625 0.021875 0.0125
0 0.09296875 0.409375 0.0125 0.0203125
0 0.103125 0.43203125 0.0125 0.0125
0 0.1375 0.41328125 0.0125 0.0140625
0 0.21875 0.43515625 0.01875 0.021875
0 0.20625 0.47109375 0.0140625 0.015625
0 0.21875 0.5296875 0.0140625 0.0140625
0 0.14453125 0.49921875 0.009375 0.0125
0 0.15390625 0.5125 0.0125 0.015625
0 0.0765625 0.5421875 0.025 0.01875
0 0.13046875 0.55 0.0125 0.0125
0 0.00859375 0.65234375 0.0125 0.0375
0 0.03125 0.64453125 0.0265625 0.0140625
0 0.00859375 0.60859375 0.009375 0.028125
0 0.02734375 0.62109375 0.0125 0.0171875
0 0.0828125 0.60859375 0.0109375 0.0140625
0 0.0359375 0.6734375 0.0109375 0.021875
0 0.046875 0.6265625 0.0109375 0.015625
0 0.01640625 0.70078125 0.0109375 0.015625
0 0.071875 0.6265625 0.0109375 0.015625
0 0.059375 0.65078125 0.0109375 0.0140625
0 0.01015625 0.715625 0.009375 0.0140625
0 0.1453125 0.61640625 0.015625 0.01875
0 0.178125 0.6296875 0.0125 0.015625
0 0.109375 0.7046875 0.0109375 0.015625
0 0.1234375 0.70546875 0.0078125 0.015625
0 0.13671875 0.68671875 0.009375 0.0171875
0 0.09296875 0.73203125 0.009375 0.0125
0 0.09765625 0.759375 0.009375 0.01875
0 0.08828125 0.77578125 0.009375 0.0109375
0 0.29453125 0.515625 0.0203125 0.015625
0 0.2234375 0.5765625 0.0125 0.015625
0 0.25078125 0.56171875 0.0171875 0.015625
0 0.20859375 0.64453125 0.0203125 0.0140625
0 0.1828125 0.67890625 0.0140625 0.01875
0 0.171875 0.70703125 0.0140625 0.0171875
0 0.1453125 0.7734375 0.015625 0.0296875
0 0.21875 0.6671875 0.021875 0.015625
0 0.21640625 0.68828125 0.0125 0.0140625
0 0.24375 0.653125 0.0125 0.015625
0 0.240625 0.67109375 0.0140625 0.0171875
0 0.196875 0.7078125 0.0125 0.015625
0 0.2109375 0.709375 0.0125 0.0171875
0 0.1859375 0.73046875 0.0109375 0.01875
0 0.17734375 0.74453125 0.0109375 0.0171875
0 0.175 0.765625 0.0171875 0.03125
0 0.1671875 0.7921875 0.0109375 0.021875
0 0.13671875 0.81484375 0.0140625 0.025
0 0.26171875 0.609375 0.0109375 0.0140625
0 0.2828125 0.61875 0.0109375 0.015625
0 0.3 0.55859375 0.0078125 0.015625
0 0.3125 0.5859375 0.0140625 0.015625
0 0.29921875 0.85 0.0125 0.0171875
0 0.30234375 0.87578125 0.009375 0.0171875
0 0.30703125 0.809375 0.0125 0.01875
0 0.31640625 0.86015625 0.0125 0.0125
0 0.30546875 0.83828125 0.009375 0.015625
0 0.34453125 0.77578125 0.0125 0.0171875
0 0.3265625 0.79921875 0.0140625 0.021875
0 0.31640625 0.7296875 0.0078125 0.0140625
0 0.353125 0.72265625 0.0078125 0.0125
0 0.33359375 0.64921875 0.009375 0.01875
0 0.3328125 0.696875 0.009375 0.021875
0 0.35 0.66171875 0.009375 0.0125
0 0.42734375 0.75625 0.0140625 0.015625
0 0.45703125 0.7609375 0.0265625 0.0125
0 0.45546875 0.69609375 0.0296875 0.021875
0 0.49296875 0.72578125 0.0078125 0.0125
0 0.4734375 0.7875 0.0234375 0.0234375
0 0.5140625 0.8140625 0.0203125 0.0171875
0 0.48359375 0.765625 0.021875 0.0234375
0 0.5296875 0.85234375 0.0140625 0.0140625
0 0.58046875 0.8796875 0.0140625 0.015625
0 0.55703125 0.91015625 0.0140625 0.0265625
0 0.56953125 0.83984375 0.0109375 0.0140625
0 0.6 0.8859375 0.0125 0.0171875
0 0.53984375 0.79296875 0.0140625 0.015625
0 0.47578125 0.725 0.0171875 0.0203125
0 0.53984375 0.740625 0.0125 0.01875
0 0.49921875 0.68125 0.0140625 0.0125
0 0.4796875 0.6796875 0.0125 0.0171875
0 0.4921875 0.70625 0.0109375 0.0140625
0 0.46796875 0.60625 0.0140625 0.015625
0 0.48984375 0.584375 0.0140625 0.015625
0 0.509375 0.5890625 0.0125 0.0140625
0 0.5140625 0.60859375 0.0140625 0.0125
0 0.53984375 0.62578125 0.0109375 0.03125
0 0.52109375 0.65859375 0.0140625 0.0171875
0 0.5375 0.6796875 0.0171875 0.015625
0 0.55390625 0.66015625 0.0125 0.0125
0 0.5859375 0.66484375 0.009375 0.015625
0 0.59296875 0.65234375 0.009375 0.0125
0 0.61015625 0.67734375 0.0171875 0.01875
0 0.5859375 0.68515625 0.0109375 0.0125
0 0.5484375 0.6921875 0.0125 0.0234375
0 0.5703125 0.70703125 0.0140625 0.0234375
0 0.5890625 0.71640625 0.0140625 0.01875
0 0.61953125 0.75234375 0.046875 0.0328125
0 0.63515625 0.78671875 0.01875 0.0171875
0 0.6625 0.8109375 0.03125 0.0359375
0 0.66015625 0.84296875 0.01875 0.025
0 0.68046875 0.846875 0.0140625 0.0140625
0 0.64609375 0.740625 0.0125 0.01875
0 0.5421875 0.58125 0.0140625 0.01875
0 0.5109375 0.53359375 0.009375 0.01875
0 0.48828125 0.5375 0.0125 0.015625
0 0.45703125 0.53984375 0.009375 0.0109375
0 0.4578125 0.465625 0.0140625 0.015625
0 0.46875 0.40390625 0.0171875 0.01875
0 0.571875 0.48046875 0.0140625 0.0140625
0 0.60078125 0.55625 0.0328125 0.0359375
0 0.7109375 0.6359375 0.01875 0.015625
0 0.70390625 0.6546875 0.0140625 0.01875
0 0.71015625 0.6828125 0.0125 0.015625
0 0.7140625 0.70078125 0.0125 0.0171875
0 0.74296875 0.68984375 0.025 0.0234375
0 0.78125 0.7609375 0.0265625 0.0234375
0 0.465625 0.31484375 0.0125 0.0125
0 0.5265625 0.3078125 0.009375 0.0140625
0 0.54296875 0.33046875 0.0125 0.0125
0 0.5609375 0.34453125 0.0125 0.0140625
0 0.58828125 0.378125 0.0125 0.0125
0 0.60625 0.39609375 0.0296875 0.0171875
0 0.64296875 0.384375 0.015625 0.0140625
0 0.65546875 0.4546875 0.0203125 0.025
0 0.703125 0.46328125 0.0265625 0.021875
0 0.73671875 0.4890625 0.0234375 0.0328125
0 0.7765625 0.54765625 0.0296875 0.021875
0 0.76796875 0.60390625 0.03125 0.01875
0 0.82265625 0.6234375 0.01875 0.0203125
0 0.77421875 0.40703125 0.03125 0.03125
0 0.79375 0.465625 0.01875 0.021875
0 0.8171875 0.50625 0.01875 0.01875
0 0.86796875 0.5484375 0.034375 0.0234375
0 0.665625 0.365625 0.0125 0.0140625
0 0.63671875 0.33359375 0.0234375 0.009375
0 0.60234375 0.2515625 0.0140625 0.0171875
0 0.65 0.21171875 0.0171875 0.0125
0 0.7109375 0.26953125 0.0109375 0.009375
0 0.75 0.2734375 0.021875 0.0140625
0 0.72890625 0.28359375 0.015625 0.0171875
0 0.75390625 0.3 0.0125 0.015625
0 0.80234375 0.3359375 0.009375 0.0140625
0 0.8390625 0.37421875 0.0078125 0.0390625
0 0.8515625 0.41328125 0.0109375 0.0171875
0 0.7875 0.271875 0.0234375 0.021875
0 0.7515625 0.24921875 0.0125 0.0140625
0 0.7296875 0.221875 0.0328125 0.01875
0 0.78046875 0.1359375 0.01875 0.0140625
0 0.80078125 0.15 0.0125 0.0125
0 0.80234375 0.11484375 0.03125 0.0234375
0 0.76796875 0.121875 0.0140625 0.0125
0 0.81953125 0.1453125 0.0125 0.015625
0 0.83828125 0.14921875 0.0125 0.009375
0 0.859375 0.16484375 0.0109375 0.015625
0 0.625 0.05390625 0.01875 0.0125
0 0.5390625 0.075 0.0203125 0.0140625
0 0.58984375 0.20625 0.0171875 0.0140625
0 0.53515625 0.13515625 0.0171875 0.009375
0 0.246875 0.24609375 0.015625 0.015625
0 0.175 0.28125 0.0171875 0.0125
0 0.16484375 0.24375 0.0140625 0.009375