0 0.08984375 0.41171875 0.0203125 0.009375
0 0.08046875 0.46171875 0.00703125 0.009375
0 0.06015625 0.47734375 0.01171875 0.00859375
0 0.12578125 0.43828125 0.0109375 0.00703125
0 0.12109375 0.38515625 0.0125 0.0125
0 0.128125 0.375 0.00703125 0.0078125
0 0.1359375 0.36484375 0.00546875 0.00625
0 0.1421875 0.3609375 0.00703125 0.0078125
0 0.14921875 0.353125 0.00625 0.0046875
0 0.15390625 0.35 0.0046875 0.00625
0 0.16328125 0.34453125 0.01171875 0.00625
0 0.165625 0.3375 0.00390625 0.00390625
0 0.1734375 0.33359375 0.00859375 0.00625
0 0.18828125 0.3234375 0.0078125 0.00703125
0 0.24765625 0.37265625 0.00625 0.00703125
0 0.275 0.4125 0.00703125 0.0078125
0 0.27265625 0.36796875 0.0046875 0.00625
0 0.25234375 0.34765625 0.0046875 0.0046875
0 0.27578125 0.34140625 0.0046875 0.0046875
0 0.275 0.509375 0.00625 0.0109375
0 0.253125 0.559375 0.00546875 0.00625
0 0.23203125 0.496875 0.00625 0.00859375
0 0.23125 0.51328125 0.00546875 0.01171875
0 0.2453125 0.6046875 0.003125 0.00546875
0 0.2984375 0.64765625 0.00625 0.0109375
0 0.309375 0.73984375 0.0109375 0.0125
0 0.2796875 0.75234375 0.00546875 0.009375
0 0.3359375 0.92890625 0.00625 0.00703125
0 0.325 0.96015625 0.00546875 0.01015625
0 0.44765625 0.95 0.0046875 0.00859375
0 0.321875 0.46484375 0.01015625 0.01484375
0 0.34296875 0.59375 0.0109375 0.0171875
0 0.334375 0.57890625 0.00390625 0.00390625
0 0.365625 0.51484375 0.00390625 0.00703125
0 0.384375 0.49375 0.0078125 0.01015625
0 0.41171875 0.46796875 0.00625 0.00625
0 0.38828125 0.39296875 0.00625 0.00625
0 0.4015625 0.425 0.0046875 0.00625
0 0.41328125 0.4546875 0.003125 0.0046875
0 0.43359375 0.5109375 0.0046875 0.00703125
0 0.4140625 0.575 0.00390625 0.00546875
0 0.45078125 0.59921875 0.00546875 0.01015625
0 0.434375 0.628125 0.00703125 0.009375
0 0.46875 0.6328125 0.00703125 0.0078125
0 0.5015625 0.7453125 0.0125 0.015625
0 0.48671875 0.78984375 0.01015625 0.0109375
0 0.50234375 0.84453125 0.01171875 0.01640625
0 0.5234375 0.9 0.00546875 0.0078125
0 0.571875 0.93359375 0.00546875 0.015625
0 0.57421875 0.78203125 0.00859375 0.01484375
0 0.53828125 0.68828125 0.0125 0.015625
0 0.56875 0.690625 0.01015625 0.01484375
0 0.51953125 0.65625 0.009375 0.01171875
0 0.54453125 0.6375 0.00703125 0.00859375
0 0.5015625 0.59375 0.00390625 0.00546875
0 0.5390625 0.55078125 0.00859375 0.009375
0 0.45 0.49375 0.00390625 0.00625
0 0.421875 0.3953125 0.00859375 0.00859375
0 0.44609375 0.33515625 0.00234375 0.00546875
0 0.4890625 0.43984375 0.0046875 0.00390625
0 0.61328125 0.4671875 0.00546875 0.0078125
0 0.67265625 0.5015625 0.003125 0.003125
0 0.69453125 0.53984375 0.0046875 0.00546875
0 0.7046875 0.65 0.01171875 0.01640625
0 0.67578125 0.6953125 0.00546875 0.00703125
0 0.684375 0.72265625 0.0078125 0.00546875
0 0.72578125 0.734375 0.01015625 0.0109375
0 0.76640625 0.75859375 0.00625 0.01015625
0 0.7484375 0.8875 0.009375 0.01640625
0 0.728125 0.91640625 0.01171875 0.01640625
0 0.628125 0.72890625 0.00859375 0.00859375
0 0.6 0.675 0.01015625 0.01796875
0 0.63671875 0.69296875 0.00546875 0.0109375
0 0.828125 0.76875 0.01171875 0.0140625
0 0.9328125 0.79921875 0.00625 0.00859375
0 0.9640625 0.84296875 0.0046875 0.00625
0 0.9203125 0.671875 0.00546875 0.0078125
0 0.91640625 0.66484375 0.00390625 0.00390625
0 0.85859375 0.6328125 0.01328125 0.01328125
0 0.83984375 0.64140625 0.00625 0.00859375
0 0.80859375 0.5546875 0.0125 0.0109375
0 0.7640625 0.4625 0.00625 0.0109375
0 0.765625 0.5015625 0.00703125 0.009375
0 0.740625 0.434375 0.00703125 0.009375
0 0.96484375 0.5515625 0.01015625 0.01015625
0 0.98125 0.53203125 0.00859375 0.00625
0 0.9484375 0.6484375 0.0078125 0.0078125
0 0.9734375 0.67578125 0.0078125 0.009375
0 0.98671875 0.6953125 0.00859375 0.009375
0 0.94140625 0.734375 0.0046875 0.00703125
1 0.6265625 0.5625 0.02265625 0.03125
1 0.55390625 0.45546875 0.025 0.01484375
1 0.37890625 0.628125 0.0234375 0.02421875
1 0.46640625 0.68671875 0.02578125 0.0390625