1 0.1296875 0.18984375 0.0265625 0.0515625
1 0.2734375 0.33046875 0.03125 0.0703125
1 0.15078125 0.33359375 0.0265625 0.046875
1 0.47265625 0.20703125 0.0328125 0.0671875
0 0.29140625 0.240625 0.075 0.0671875
0 0.2546875 0.19453125 0.034375 0.053125
0 0.14296875 0.25234375 0.0609375 0.0375
0 0.21328125 0.2734375 0.0640625 0.0421875
0 0.28515625 0.44765625 0.0515625 0.0453125
0 0.3859375 0.30703125 0.0265625 0.0328125
0 0.4265625 0.34921875 0.05 0.075
0 0.44453125 0.11015625 0.0453125 0.065625
0 0.309375 0.09765625 0.0625 0.065625
0 0.196875 0.06171875 0.0421875 0.0640625
0 0.1125 0.03359375 0.0359375 0.053125
0 0.63671875 0.28671875 0.0703125 0.05625
0 0.41796875 0.603125 0.0359375 0.05
0 0.40859375 0.6578125 0.0484375 0.040625
0 0.48671875 0.73515625 0.0421875 0.0484375
0 0.56015625 0.77578125 0.075 0.0640625
0 0.53125 0.6015625 0.065625 0.05625
0 0.66328125 0.69921875 0.0671875 0.0671875
0 0.16875 0.73515625 0.103125 0.05625
0 0.0515625 0.4359375 0.040625 0.0421875
0 0.0796875 0.8953125 0.059375 0.034375
0 0.0265625 0.4625 0.053125 0.0375
0 0.04296875 0.515625 0.0765625 0.0515625