0 0.41796875 0.321875 0.05625 0.05
0 0.71015625 0.1796875 0.0515625 0.0359375
0 0.975 0.12890625 0.0328125 0.0421875
0 0.91328125 0.25 0.046875 0.0375
0 0.7125 0.0640625 0.0890625 0.0359375
0 0.53203125 0.01875 0.0359375 0.0234375
0 0.1921875 0.2640625 0.03125 0.0265625
0 0.12578125 0.3 0.0359375 0.0234375
0 0.215625 0.3375 0.034375 0.034375
0 0.271875 0.36796875 0.03125 0.0234375
0 0.4875 0.3703125 0.0234375 0.028125
0 0.44296875 0.53046875 0.03125 0.0265625
0 0.3171875 0.56953125 0.0234375 0.021875
0 0.21875 0.534375 0.0296875 0.0265625
0 0.03359375 0.67421875 0.0265625 0.028125
0 0.21328125 0.7015625 0.0203125 0.021875
0 0.06796875 0.80078125 0.0296875 0.0296875
0 0.20546875 0.765625 0.0671875 0.0296875
0 0.18984375 0.84375 0.0359375 0.0265625
0 0.1078125 0.88515625 0.0625 0.0296875
0 0.3640625 0.88984375 0.0265625 0.0234375
0 0.84921875 0.796875 0.0234375 0.028125
0 0.48671875 0.6484375 0.0296875 0.0359375
0 0.52890625 0.73671875 0.0421875 0.025
1 0.1234375 0.0859375 0.0296875 0.0484375
1 0.0578125 0.3015625 0.015625 0.0765625
1 0.05546875 0.5109375 0.015625 0.0703125
1 0.7578125 0.5234375 0.01875 0.04375
0 0.72890625 0.29453125 0.040625 0.046875
0 0.62578125 0.33984375 0.028125 0.0234375
0 0.85390625 0.38828125 0.0296875 0.0203125
0 0.5171875 0.5015625 0.0265625 0.0203125
0 0.34609375 0.56953125 0.0265625 0.025
0 0.41171875 0.84140625 0.0375 0.03125
0 0.234375 0.8859375 0.028125 0.021875
0 0.36875 0.965625 0.046875 0.0265625
0 0.09453125 0.95078125 0.0296875 0.0265625
0 0.26328125 0.87578125 0.0296875 0.01875