1 0.20078125 0.06953125 0.01875 0.0359375
1 0.55859375 0.14453125 0.0171875 0.0375
1 0.56015625 0.0671875 0.021875 0.040625
1 0.5234375 0.22421875 0.0171875 0.034375
1 0.7421875 0.12734375 0.01875 0.0328125
1 0.64765625 0.2640625 0.015625 0.0375
1 0.871875 0.28125 0.0140625 0.0359375
1 0.77265625 0.41171875 0.015625 0.0359375
1 0.98828125 0.34140625 0.01875 0.0328125
0 0.07265625 0.01171875 0.01875 0.0140625
0 0.11015625 0.01484375 0.0171875 0.0171875
0 0.05546875 0.05625 0.01875 0.0234375
0 0.10546875 0.115625 0.03125 0.0234375
0 0.1078125 0.153125 0.0359375 0.0203125
0 0.0546875 0.1453125 0.0375 0.0234375
0 0.0890625 0.228125 0.0234375 0.0296875
0 0.3046875 0.0609375 0.03125 0.05625
0 0.17578125 0.225 0.021875 0.0203125
0 0.22109375 0.21875 0.0171875 0.015625
0 0.15703125 0.34609375 0.0296875 0.0453125
0 0.1 0.36171875 0.015625 0.0109375
0 0.253125 0.34765625 0.015625 0.0140625
0 0.29765625 0.29375 0.025 0.071875
0 0.32265625 0.32265625 0.028125 0.05
0 0.31171875 0.4296875 0.0296875 0.0265625
0 0.3453125 0.43203125 0.0390625 0.0265625
0 0.36953125 0.3390625 0.021875 0.0171875
0 0.4109375 0.4265625 0.0390625 0.0234375
0 0.44375 0.109375 0.015625 0.0125
0 0.4796875 0.128125 0.0296875 0.021875
0 0.515625 0.10078125 0.015625 0.015625
0 0.42734375 0.2078125 0.0125 0.0140625
0 0.44765625 0.21640625 0.0203125 0.0234375
0 0.4515625 0.27265625 0.0265625 0.0234375
0 0.48046875 0.3515625 0.021875 0.025
0 0.5 0.3921875 0.0125 0.0140625
0 0.58515625 0.0265625 0.028125 0.028125
0 0.6375 0.06171875 0.0171875 0.0140625
0 0.66875 0.04296875 0.021875 0.0171875
0 0.67265625 0.12109375 0.0328125 0.0390625
0 0.7078125 0.16484375 0.034375 0.0296875
0 0.76015625 0.21640625 0.0203125 0.015625
0 0.1125 0.48359375 0.0328125 0.0828125
0 0.34296875 0.57265625 0.03125 0.0265625
0 0.303125 0.5046875 0.0296875 0.04375
0 0.39921875 0.67890625 0.034375 0.0296875
0 0.09765625 0.68515625 0.0375 0.059375
0 0.575 0.946875 0.03125 0.0234375
0 0.6875 0.98125 0.04375 0.0234375
0 0.76875 0.57890625 0.0296875 0.0484375