0 0.46640625 0.3828125 0.090625 0.0640625
0 0.26328125 0.634375 0.090625 0.0984375
0 0.40234375 0.72578125 0.0390625 0.03125
0 0.51015625 0.665625 0.028125 0.0375
0 0.45859375 0.63359375 0.0328125 0.0484375
0 0.39296875 0.615625 0.0328125 0.0546875
0 0.6234375 0.63046875 0.0265625 0.053125
0 0.54453125 0.62109375 0.0375 0.0515625
0 0.5171875 0.715625 0.065625 0.053125
0 0.43203125 0.57734375 0.0359375 0.0484375
0 0.47890625 0.51328125 0.03125 0.0375
0 0.5203125 0.45625 0.028125 0.028125
0 0.54296875 0.4234375 0.0171875 0.021875
0 0.57265625 0.36015625 0.04375 0.05
0 0.64609375 0.31796875 0.0359375 0.0375
0 0.60546875 0.44765625 0.0390625 0.0375
0 0.57734375 0.50546875 0.0296875 0.0328125
0 0.625 0.50859375 0.0328125 0.0375
0 0.671875 0.41953125 0.025 0.0265625
0 0.73125 0.41796875 0.0265625 0.0265625
0 0.696875 0.44140625 0.0296875 0.0265625
0 0.6703125 0.353125 0.0328125 0.0328125
0 0.73984375 0.32890625 0.028125 0.034375
0 0.69296875 0.32890625 0.0234375 0.025
0 0.66875 0.290625 0.0296875 0.0265625
0 0.6390625 0.38046875 0.021875 0.0328125
0 0.696875 0.4953125 0.021875 0.03125
0 0.65546875 0.559375 0.0234375 0.0359375
0 0.65546875 0.59609375 0.028125 0.040625
0 0.6578125 0.6625 0.0296875 0.0265625
0 0.5875 0.7296875 0.0328125 0.0203125
0 0.6140625 0.73984375 0.01875 0.0234375
0 0.3703125 0.55390625 0.0234375 0.021875
0 0.3140625 0.47734375 0.0234375 0.04375
0 0.33671875 0.46796875 0.0171875 0.028125
0 0.37109375 0.4625 0.025 0.025
0 0.3875 0.3875 0.0203125 0.0328125
0 0.4109375 0.3640625 0.025 0.0234375
0 0.24375 0.32421875 0.028125 0.04375
0 0.15078125 0.41484375 0.0421875 0.0421875
0 0.13828125 0.46015625 0.0328125 0.0515625
0 0.0640625 0.51875 0.028125 0.04375
0 0.1 0.5640625 0.025 0.015625
0 0.0875 0.4125 0.0328125 0.01875
0 0.2234375 0.44296875 0.0203125 0.0234375
0 0.328125 0.25859375 0.0265625 0.021875
0 0.3484375 0.228125 0.0375 0.028125
0 0.0078125 0.25859375 0.015625 0.0328125
0 0.06171875 0.128125 0.0359375 0.0171875
0 0.25859375 0.80390625 0.040625 0.0515625
0 0.38125 0.76328125 0.0328125 0.0359375
1 0.409375 0.5046875 0.0359375 0.05625
1 0.340625 0.65078125 0.028125 0.0484375
1 0.42578125 0.26796875 0.0390625 0.0609375
1 0.04375 0.20859375 0.046875 0.06875