1 0.3453125 0.75546875 0.0453125 0.0421875
1 0.328125 0.95 0.0453125 0.046875
1 0.64453125 0.653125 0.0078125 0.07890625
1 0.628125 0.7546875 0.0203125 0.05390625
1 0.6703125 0.4875 0.0203125 0.0703125
1 0.83203125 0.94375 0.0453125 0.09609375
1 0.98046875 0.96796875 0.0390625 0.0640625
0 0.31171875 0.8640625 0.04765625 0.084375
0 0.38203125 0.9640625 0.0375 0.0625
0 0.228125 0.72734375 0.02734375 0.18671875
0 0.27890625 0.7015625 0.01796875 0.14296875
0 0.27578125 0.5640625 0.0375 0.0890625
0 0.27265625 0.39609375 0.03515625 0.05546875
0 0.31796875 0.4859375 0.05078125 0.05078125