0 0.34453125 0.22421875 0.03671875 0.03671875
0 0.36171875 0.2671875 0.03828125 0.021875
0 0.34609375 0.284375 0.021875 0.021875
0 0.31953125 0.26015625 0.021875 0.0203125
0 0.30859375 0.28984375 0.03203125 0.0296875
0 0.31640625 0.31953125 0.0265625 0.025
0 0.2796875 0.21875 0.04140625 0.03359375
0 0.32890625 0.1546875 0.025 0.0265625
0 0.3625 0.171875 0.01875 0.0234375
0 0.36875 0.14140625 0.01875 0.0203125
0 0.52890625 0.22265625 0.01640625 0.021875
0 0.58671875 0.1734375 0.01484375 0.01796875
0 0.5734375 0.23671875 0.01796875 0.0296875
0 0.509375 0.290625 0.028125 0.03125
0 0.30390625 0.35625 0.025 0.0203125
0 0.64453125 0.23984375 0.01171875 0.009375
0 0.646875 0.21484375 0.01171875 0.01171875
0 0.68671875 0.22734375 0.0125 0.0125
0 0.7109375 0.1984375 0.0109375 0.01171875
0 0.65390625 0.2578125 0.01484375 0.009375
0 0.609375 0.259375 0.01171875 0.01171875
0 0.59609375 0.28671875 0.01171875 0.0140625
0 0.5625 0.29609375 0.02265625 0.01015625
0 0.63203125 0.428125 0.02421875 0.01953125
0 0.7171875 0.3640625 0.01171875 0.0125
0 0.678125 0.2875 0.0125 0.01328125
0 0.71875 0.24296875 0.0140625 0.01015625
0 0.578125 0.446875 0.02421875 0.01015625
0 0.7 0.4109375 0.03359375 0.02578125
0 0.66015625 0.55 0.0125 0.0171875
0 0.77890625 0.25 0.0140625 0.01796875
0 0.796875 0.340625 0.0125 0.01015625
0 0.94921875 0.303125 0.0109375 0.01171875
0 0.78984375 0.5015625 0.02109375 0.01484375
0 0.77890625 0.571875 0.01875 0.0109375
0 0.88359375 0.55390625 0.01328125 0.01328125
0 0.58828125 0.546875 0.0109375 0.0140625
0 0.6640625 0.67890625 0.0234375 0.01875
0 0.57734375 0.7703125 0.01484375 0.0109375
0 0.22421875 0.2765625 0.0171875 0.01796875
0 0.3078125 0.4765625 0.01796875 0.0203125
0 0.3625 0.5140625 0.01796875 0.0203125
0 0.41015625 0.5296875 0.01796875 0.02265625
0 0.3140625 0.634375 0.01875 0.015625
0 0.2875 0.65703125 0.01796875 0.01484375
0 0.41015625 0.70546875 0.0171875 0.025
0 0.3125 0.76953125 0.0203125 0.01875
0 0.35625 0.79375 0.015625 0.0171875
0 0.2875 0.84921875 0.0171875 0.02109375
0 0.39140625 0.8796875 0.02265625 0.02109375
0 0.403125 0.828125 0.0171875 0.0140625
0 0.4046875 0.93671875 0.0203125 0.0203125
1 0.72578125 0.478125 0.05078125 0.01328125
1 0.609375 0.48359375 0.05 0.0203125
1 0.3578125 0.40390625 0.05703125 0.02421875