0 0.04140625 0.4203125 0.0328125 0.040625
0 0.028125 0.58046875 0.0484375 0.053125
0 0.02265625 0.83125 0.0453125 0.05
0 0.225 0.9046875 0.0640625 0.0484375
0 0.27734375 0.81171875 0.0328125 0.0375
0 0.1640625 0.66875 0.0421875 0.0421875
0 0.1671875 0.36015625 0.05 0.0609375
0 0.46796875 0.19140625 0.0625 0.0734375
0 0.49140625 0.07265625 0.034375 0.034375
0 0.45703125 0.29453125 0.0390625 0.046875
0 0.51640625 0.3671875 0.0578125 0.0640625
0 0.415625 0.6078125 0.0390625 0.040625
0 0.4734375 0.65546875 0.0328125 0.034375
0 0.39609375 0.70390625 0.028125 0.0265625
0 0.49609375 0.5953125 0.034375 0.028125
0 0.3703125 0.85625 0.03125 0.0359375
0 0.44921875 0.90078125 0.0234375 0.028125
0 0.6359375 0.5578125 0.0390625 0.0515625
0 0.7140625 0.315625 0.0375 0.05
0 0.66796875 0.49140625 0.04375 0.053125
0 0.7140625 0.57734375 0.034375 0.04375
0 0.75703125 0.47421875 0.0296875 0.0421875
0 0.68125 0.56796875 0.025 0.028125
0 0.84921875 0.5140625 0.0265625 0.0390625
0 0.7578125 0.7453125 0.0484375 0.05625
0 0.94921875 0.47890625 0.03125 0.0328125
0 0.89375 0.415625 0.0234375 0.0328125
0 0.54921875 0.85390625 0.025 0.0390625
1 0.87421875 0.83515625 0.04375 0.1109375
1 0.83359375 0.62890625 0.0375 0.1
1 0.44140625 0.459375 0.040625 0.0984375
1 0.2265625 0.628125 0.046875 0.1015625