0 0.03828125 0.10625 0.0203125 0.0296875
0 0.084375 0.08203125 0.021875 0.028125
0 0.1515625 0.0640625 0.025 0.0234375
0 0.26953125 0.11640625 0.0265625 0.0328125
0 0.27890625 0.18515625 0.01875 0.021875
0 0.24921875 0.203125 0.0234375 0.021875
0 0.33359375 0.13203125 0.0265625 0.0296875
0 0.36015625 0.16484375 0.0375 0.03125
0 0.35859375 0.203125 0.034375 0.028125
0 0.41015625 0.12890625 0.0203125 0.025
0 0.47265625 0.03046875 0.0265625 0.0359375
0 0.5890625 0.0328125 0.025 0.0234375
0 0.69140625 0.05078125 0.021875 0.015625
0 0.7359375 0.0578125 0.0375 0.0296875
0 0.77890625 0.0484375 0.0296875 0.0265625
0 0.79921875 0.121875 0.0171875 0.0171875
0 0.55546875 0.13203125 0.0328125 0.03125
0 0.609375 0.12734375 0.0296875 0.0296875
0 0.45390625 0.2328125 0.040625 0.03125
0 0.40546875 0.29453125 0.034375 0.0328125
0 0.4375 0.296875 0.025 0.0234375
0 0.628125 0.16875 0.0328125 0.0265625
0 0.903125 0.27265625 0.0203125 0.0234375
0 0.9375 0.36015625 0.0234375 0.028125
0 0.9453125 0.4375 0.0328125 0.040625
0 0.76171875 0.3203125 0.021875 0.01875
0 0.8 0.4890625 0.0265625 0.0203125
0 0.8 0.5265625 0.0328125 0.0359375
0 0.9828125 0.54609375 0.0296875 0.0265625
0 0.91953125 0.59765625 0.025 0.0296875
0 0.86484375 0.696875 0.04375 0.0390625
0 0.8 0.62265625 0.028125 0.025
0 0.95859375 0.765625 0.03125 0.0328125
0 0.975 0.83671875 0.0359375 0.040625
0 0.92265625 0.8265625 0.025 0.0265625
0 0.89140625 0.83125 0.0234375 0.021875
0 0.8640625 0.90234375 0.0359375 0.028125
0 0.821875 0.7625 0.04375 0.03125
0 0.75703125 0.67265625 0.03125 0.0265625
0 0.740625 0.7515625 0.04375 0.0359375
0 0.69765625 0.78984375 0.0421875 0.03125
0 0.64453125 0.83046875 0.0390625 0.0265625
0 0.5609375 0.93046875 0.0359375 0.0375
0 0.59375 0.9640625 0.0359375 0.0328125
0 0.52890625 0.9765625 0.040625 0.0421875
0 0.7703125 0.53671875 0.01875 0.015625
0 0.7109375 0.56796875 0.025 0.0234375
0 0.665625 0.60546875 0.0375 0.028125
0 0.66640625 0.5609375 0.034375 0.025
0 0.671875 0.5015625 0.0359375 0.0390625
0 0.6296875 0.5375 0.015625 0.0171875
0 0.55703125 0.53359375 0.021875 0.01875
0 0.53828125 0.61015625 0.0140625 0.0125
0 0.4765625 0.6359375 0.01875 0.0171875
0 0.46875 0.74140625 0.03125 0.0265625
0 0.40625 0.77421875 0.0234375 0.028125
0 0.35625 0.684375 0.028125 0.0265625
0 0.36875 0.72578125 0.0375 0.0453125
0 0.32421875 0.76015625 0.034375 0.046875
0 0.27578125 0.765625 0.025 0.0265625
0 0.24140625 0.74375 0.0359375 0.025
0 0.22578125 0.77890625 0.0328125 0.03125
0 0.26875 0.8734375 0.0390625 0.0359375
0 0.178125 0.80078125 0.0296875 0.025
0 0.1984375 0.81953125 0.05 0.0234375
0 0.184375 0.84296875 0.03125 0.0234375
0 0.19375 0.88203125 0.0296875 0.025
0 0.215625 0.9203125 0.0390625 0.0421875
0 0.18359375 0.9515625 0.03125 0.0375
0 0.14140625 0.93359375 0.0328125 0.034375
0 0.10390625 0.96328125 0.03125 0.01875
0 0.09375 0.84453125 0.021875 0.025
0 0.07109375 0.86953125 0.03125 0.0359375
0 0.0515625 0.58125 0.0359375 0.021875
0 0.04453125 0.54921875 0.034375 0.034375
0 0.0796875 0.5640625 0.0234375 0.0234375
0 0.11328125 0.528125 0.025 0.025
0 0.128125 0.515625 0.01875 0.021875
0 0.15078125 0.51640625 0.015625 0.01875
0 0.2171875 0.4640625 0.034375 0.028125
0 0.18203125 0.5015625 0.040625 0.0359375
0 0.14453125 0.47734375 0.028125 0.0296875
0 0.08984375 0.45390625 0.034375 0.03125
0 0.18515625 0.54609375 0.028125 0.028125
0 0.25546875 0.48359375 0.0234375 0.021875
0 0.07421875 0.40859375 0.0484375 0.0375
0 0.09375 0.3734375 0.05625 0.0375
0 0.28203125 0.3109375 0.0234375 0.0234375
0 0.3109375 0.35546875 0.0265625 0.0296875
0 0.3578125 0.42578125 0.03125 0.028125
0 0.3453125 0.46796875 0.0359375 0.025
0 0.3203125 0.4890625 0.0375 0.0203125
0 0.46796875 0.41328125 0.0390625 0.0421875
0 0.4796875 0.50703125 0.034375 0.0296875
0 0.4609375 0.5390625 0.0234375 0.01875
0 0.52734375 0.3484375 0.0234375 0.015625
1 0.77109375 0.20234375 0.0203125 0.0484375
1 0.825 0.378125 0.025 0.0640625
1 0.70703125 0.390625 0.01875 0.0609375
1 0.8671875 0.61171875 0.0234375 0.075