0 0.4 0.09296875 0.0953125 0.09375
0 0.45625 0.178125 0.0578125 0.0515625
0 0.44375 0.23046875 0.0578125 0.046875
0 0.3125 0.2796875 0.0671875 0.053125
0 0.45546875 0.33828125 0.0578125 0.046875
0 0.39296875 0.38046875 0.0515625 0.059375
0 0.4484375 0.48828125 0.04375 0.0453125
0 0.3484375 0.59765625 0.0671875 0.0609375
0 0.3671875 0.72734375 0.0484375 0.071875
0 0.50859375 0.7203125 0.0578125 0.0765625
0 0.47109375 0.86328125 0.0515625 0.0515625
0 0.33515625 0.834375 0.075 0.0734375
0 0.35625 0.92890625 0.0515625 0.0484375
0 0.55078125 0.3640625 0.028125 0.05
0 0.5296875 0.165625 0.0515625 0.134375
0 0.5828125 0.02734375 0.0390625 0.01875
0 0.64296875 0.04609375 0.03125 0.0296875
1 0.30859375 0.16328125 0.0390625 0.0828125
0 0.10078125 0.04375 0.0828125 0.025
0 0.25703125 0.13125 0.028125 0.053125
0 0.740625 0.21484375 0.0484375 0.028125
0 0.7109375 0.2984375 0.025 0.0171875
0 0.25390625 0.18671875 0.025 0.0234375
0 0.134375 0.140625 0.03125 0.028125
0 0.18984375 0.22734375 0.0203125 0.025
1 0.29140625 0.4421875 0.028125 0.0765625
1 0.25859375 0.7296875 0.015625 0.0640625