0 0.12890625 0.16015625 0.0484375 0.040625
0 0.3046875 0.2484375 0.0890625 0.065625
0 0.28984375 0.34609375 0.0859375 0.0765625
0 0.371875 0.53125 0.090625 0.0625
0 0.5734375 0.25234375 0.0609375 0.075
0 0.65546875 0.25 0.06875 0.0609375
0 0.628125 0.3984375 0.05625 0.075
0 0.57421875 0.00546875 0.0734375 0.0109375
0 0.77109375 0.15703125 0.059375 0.0546875
0 0.8453125 0.24296875 0.0890625 0.06875
0 0.91796875 0.14375 0.040625 0.0390625
0 0.803125 0.48984375 0.046875 0.0578125
0 0.69453125 0.69609375 0.0375 0.021875
0 0.625 0.68984375 0.01875 0.0203125
0 0.7453125 0.6984375 0.021875 0.0203125
1 0.503125 0.58515625 0.04375 0.0484375
1 0.3734375 0.41640625 0.0328125 0.046875
1 0.7203125 0.38359375 0.0390625 0.0734375
1 0.7421875 0.5140625 0.0359375 0.0484375
1 0.54375 0.08828125 0.03125 0.0515625
1 0.23203125 0.0921875 0.0375 0.040625
0 0.6359375 0.14765625 0.028125 0.0234375