0 0.47109375 0.33046875 0.0875 0.0828125
0 0.3875 0.440625 0.0421875 0.0703125
0 0.09765625 0.48671875 0.05 0.046875
0 0.54921875 0.4953125 0.0515625 0.08125
0 0.3890625 0.61484375 0.0453125 0.0359375
0 0.40859375 0.69375 0.0671875 0.0578125
0 0.41640625 0.80078125 0.0578125 0.04375
0 0.34375 0.7296875 0.05625 0.0765625
0 0.37734375 0.86796875 0.0625 0.1109375
0 0.17578125 0.65703125 0.0484375 0.0265625
0 0.14375 0.61484375 0.05 0.0390625
0 0.10546875 0.54765625 0.0453125 0.028125
0 0.05078125 0.35390625 0.0828125 0.084375