0 0.45 0.14296875 0.0890625 0.071875
0 0.26953125 0.29140625 0.0578125 0.04375
0 0.09921875 0.271875 0.0609375 0.0546875
0 0.2921875 0.0984375 0.0578125 0.0578125
0 0.37734375 0.53125 0.0796875 0.084375
0 0.26015625 0.615625 0.078125 0.0875
0 0.346875 0.70625 0.071875 0.053125
0 0.86015625 0.69375 0.065625 0.05625
0 0.91015625 0.35 0.0484375 0.0546875
0 0.28984375 0.76640625 0.05 0.0421875
0 0.29921875 0.88828125 0.053125 0.053125
0 0.54609375 0.08671875 0.0421875 0.028125
0 0.75546875 0.08125 0.065625 0.0734375
0 0.5890625 0.3375 0.071875 0.0640625