0 0.303125 0.2515625 0.0421875 0.0421875
0 0.32734375 0.29140625 0.040625 0.028125
0 0.3140625 0.3109375 0.025 0.025
0 0.284375 0.29140625 0.025 0.0234375
0 0.278125 0.32265625 0.0359375 0.034375
0 0.290625 0.35078125 0.0296875 0.028125
0 0.23828125 0.25703125 0.046875 0.0390625
0 0.27734375 0.1859375 0.028125 0.0296875
0 0.3125 0.19765625 0.021875 0.0265625
0 0.3140625 0.16640625 0.021875 0.0234375
0 0.48515625 0.221875 0.0203125 0.0234375
0 0.534375 0.1640625 0.0171875 0.0203125
0 0.53125 0.228125 0.021875 0.0328125
0 0.4765625 0.29140625 0.0328125 0.0359375
0 0.28359375 0.3890625 0.028125 0.0234375
0 0.60234375 0.2203125 0.0125 0.0109375
0 0.60078125 0.1953125 0.0140625 0.0140625
0 0.64140625 0.2015625 0.0140625 0.0140625
0 0.6609375 0.16953125 0.0125 0.0140625
0 0.6140625 0.23671875 0.015625 0.0109375
0 0.5703125 0.2453125 0.0140625 0.0140625
0 0.56171875 0.27421875 0.0140625 0.015625
0 0.5296875 0.2890625 0.0234375 0.0140625
0 0.61953125 0.40859375 0.0265625 0.0234375
0 0.69296875 0.33203125 0.0140625 0.0140625
0 0.64296875 0.2625 0.0140625 0.015625
0 0.67578125 0.21171875 0.015625 0.0125
0 0.56875 0.43515625 0.025 0.0140625
0 0.68359375 0.38046875 0.0375 0.03125
0 0.665625 0.52421875 0.015625 0.01875
0 0.73671875 0.209375 0.0171875 0.0203125
0 0.76796875 0.29609375 0.0140625 0.0125
0 0.9125 0.23515625 0.0125 0.0140625
0 0.78671875 0.45625 0.0234375 0.0171875
0 0.78671875 0.52734375 0.0203125 0.0140625
0 0.8875 0.49296875 0.015625 0.015625
0 0.59453125 0.5328125 0.0125 0.015625
0 0.68984375 0.65078125 0.0265625 0.021875
0 0.61875 0.7546875 0.015625 0.0125
0 0.19296875 0.32265625 0.0203125 0.0203125
0 0.30625 0.50703125 0.0203125 0.0234375
0 0.36640625 0.53515625 0.0203125 0.0234375
0 0.415625 0.54375 0.021875 0.025
0 0.3375 0.66171875 0.0203125 0.01875
0 0.31484375 0.68828125 0.0203125 0.0171875
0 0.44375 0.7171875 0.0203125 0.028125
0 0.35703125 0.7953125 0.0234375 0.021875
0 0.40390625 0.8125 0.01875 0.01875
0 0.34453125 0.878125 0.0203125 0.0234375
0 0.45234375 0.8921875 0.025 0.025
0 0.45546875 0.8390625 0.01875 0.0171875
0 0.47421875 0.94609375 0.0234375 0.0234375
1 0.71953125 0.44296875 0.0515625 0.0203125
1 0.60546875 0.46640625 0.053125 0.028125
1 0.34453125 0.42734375 0.059375 0.0328125