0 0.35703125 0.11796875 0.028125 0.0234375
0 0.375 0.1640625 0.025 0.0171875
0 0.25546875 0.1484375 0.0203125 0.0203125
0 0.2828125 0.23203125 0.0234375 0.015625
0 0.259375 0.34140625 0.028125 0.025
0 0.28984375 0.36171875 0.0265625 0.0171875
0 0.378125 0.28671875 0.0203125 0.025
0 0.19765625 0.29140625 0.01875 0.0171875
0 0.61953125 0.29140625 0.03125 0.0390625
0 0.74921875 0.39765625 0.021875 0.021875
0 0.7640625 0.46796875 0.0265625 0.0265625
0 0.8078125 0.465625 0.0328125 0.028125
0 0.63359375 0.428125 0.0265625 0.025
0 0.6125 0.55078125 0.028125 0.034375
0 0.6890625 0.54453125 0.0203125 0.0265625
0 0.5515625 0.5328125 0.0265625 0.0296875
0 0.69375 0.60390625 0.0203125 0.0203125
0 0.290625 0.04921875 0.0203125 0.021875
0 0.37109375 0.0609375 0.0171875 0.01875
0 0.3390625 0.3375 0.0234375 0.0203125
0 0.35546875 0.4421875 0.0140625 0.0140625
0 0.3921875 0.45625 0.0140625 0.0140625
0 0.34140625 0.478125 0.0109375 0.015625
0 0.29140625 0.51640625 0.0125 0.0109375
0 0.29375 0.6328125 0.01875 0.015625
0 0.30703125 0.66875 0.0203125 0.0171875
0 0.2984375 0.70234375 0.0171875 0.0171875
0 0.3125 0.73046875 0.0125 0.0140625
0 0.33671875 0.703125 0.0125 0.0109375
0 0.35234375 0.715625 0.0125 0.0109375
0 0.3375 0.7640625 0.025 0.01875
0 0.275 0.76953125 0.0109375 0.015625
0 0.32421875 0.83046875 0.0125 0.021875
0 0.3546875 0.81328125 0.009375 0.009375
0 0.36328125 0.8421875 0.0078125 0.0125
0 0.39296875 0.76796875 0.0078125 0.0125
0 0.51640625 0.75546875 0.0140625 0.015625
0 0.57265625 0.8 0.0109375 0.015625
0 0.56015625 0.74375 0.0125 0.0125
0 0.49140625 0.68515625 0.0234375 0.025
0 0.5625 0.73125 0.0125 0.0109375
0 0.55234375 0.684375 0.015625 0.0171875
0 0.58046875 0.6890625 0.0171875 0.015625
0 0.63671875 0.7125 0.0140625 0.0140625
0 0.63125 0.73125 0.015625 0.0140625
0 0.67109375 0.740625 0.0109375 0.0109375
0 0.634375 0.7546875 0.015625 0.0171875
0 0.6609375 0.6828125 0.009375 0.0109375
0 0.70546875 0.72578125 0.0125 0.015625
0 0.62734375 0.66171875 0.0140625 0.01875
0 0.7078125 0.64140625 0.0171875 0.015625
0 0.7265625 0.6796875 0.0140625 0.0140625
0 0.76640625 0.715625 0.0234375 0.0203125
0 0.740625 0.58515625 0.0125 0.0109375
0 0.778125 0.62109375 0.0125 0.0125
0 0.66796875 0.5625 0.0265625 0.0265625
0 0.50390625 0.3828125 0.0140625 0.0171875
0 0.67421875 0.2546875 0.05 0.0421875
1 0.58515625 0.3171875 0.028125 0.0125
1 0.5140625 0.44609375 0.0390625 0.021875
1 0.31953125 0.58125 0.03125 0.03125