0 0.05234375 0.090625 0.0203125 0.0296875
0 0.09921875 0.06796875 0.021875 0.028125
0 0.1671875 0.05234375 0.025 0.0234375
0 0.28359375 0.10859375 0.0265625 0.0328125
0 0.28984375 0.17734375 0.0171875 0.021875
0 0.26015625 0.19453125 0.021875 0.0203125
0 0.346875 0.1265625 0.025 0.028125
0 0.371875 0.16015625 0.0359375 0.0296875
0 0.36953125 0.1984375 0.0328125 0.0265625
0 0.42265625 0.12578125 0.0203125 0.0234375
0 0.4890625 0.0296875 0.0265625 0.034375
0 0.60546875 0.0359375 0.025 0.0234375
0 0.70703125 0.0578125 0.021875 0.015625
0 0.7515625 0.06640625 0.0375 0.028125
0 0.79453125 0.05859375 0.0296875 0.025
0 0.81171875 0.1328125 0.0171875 0.0171875
0 0.56875 0.134375 0.03125 0.03125
0 0.62265625 0.13203125 0.028125 0.028125
0 0.46328125 0.23125 0.0390625 0.0296875
0 0.4125 0.29140625 0.0328125 0.03125
0 0.44453125 0.29453125 0.025 0.0234375
0 0.63984375 0.1734375 0.0328125 0.0265625
0 0.9109375 0.28671875 0.0203125 0.021875
0 0.9421875 0.37578125 0.0234375 0.028125
0 0.946875 0.453125 0.03125 0.040625
0 0.76796875 0.3296875 0.0203125 0.01875
0 0.80078125 0.49921875 0.0265625 0.01875
0 0.7984375 0.53671875 0.03125 0.0359375
0 0.98046875 0.5625 0.028125 0.0265625
0 0.915625 0.61171875 0.025 0.028125
0 0.8578125 0.709375 0.04375 0.0375
0 0.7953125 0.6328125 0.0265625 0.025
0 0.94921875 0.78203125 0.03125 0.03125
0 0.96328125 0.853125 0.034375 0.0390625
0 0.9109375 0.84140625 0.025 0.025
0 0.8796875 0.8453125 0.021875 0.0203125
0 0.85 0.91484375 0.0359375 0.0265625
0 0.8125 0.7734375 0.0421875 0.0296875
0 0.75078125 0.68203125 0.03125 0.025
0 0.73125 0.76015625 0.0421875 0.0359375
0 0.6875 0.79609375 0.040625 0.03125
0 0.6328125 0.83515625 0.0390625 0.025
0 0.54609375 0.93203125 0.0359375 0.0375
0 0.57734375 0.9671875 0.034375 0.0328125
0 0.5125 0.97734375 0.0390625 0.0421875
0 0.76953125 0.54609375 0.01875 0.0140625
0 0.70859375 0.57578125 0.025 0.0234375
0 0.66171875 0.61171875 0.0359375 0.0265625
0 0.6640625 0.5671875 0.034375 0.025
0 0.67109375 0.5078125 0.034375 0.0375
0 0.628125 0.5421875 0.015625 0.0171875
0 0.55546875 0.5359375 0.021875 0.01875
0 0.534375 0.6109375 0.0125 0.0109375
0 0.471875 0.63515625 0.01875 0.0171875
0 0.46015625 0.73984375 0.03125 0.025
0 0.396875 0.77109375 0.0234375 0.028125
0 0.35 0.67890625 0.028125 0.0265625
0 0.3609375 0.72109375 0.0359375 0.04375
0 0.315625 0.75390625 0.0328125 0.046875
0 0.26640625 0.7578125 0.025 0.025
0 0.2328125 0.734375 0.0359375 0.0234375
0 0.215625 0.76953125 0.0328125 0.03125
0 0.25625 0.86484375 0.0390625 0.034375
0 0.1671875 0.78984375 0.0296875 0.0234375
0 0.1875 0.80859375 0.05 0.021875
0 0.17265625 0.83125 0.03125 0.021875
0 0.18046875 0.871875 0.028125 0.0234375
0 0.20078125 0.91015625 0.0375 0.0421875
0 0.16796875 0.940625 0.0296875 0.0375
0 0.1265625 0.92109375 0.03125 0.0328125
0 0.08828125 0.94921875 0.03125 0.0171875
0 0.08203125 0.83046875 0.021875 0.025
0 0.05859375 0.85390625 0.03125 0.034375
0 0.04921875 0.565625 0.034375 0.021875
0 0.04296875 0.53359375 0.0328125 0.0328125
0 0.07734375 0.54921875 0.0234375 0.021875
0 0.1125 0.5140625 0.0234375 0.025
0 0.128125 0.50234375 0.0171875 0.021875
0 0.15 0.50390625 0.0140625 0.01875
0 0.21796875 0.4546875 0.034375 0.0265625
0 0.18203125 0.48984375 0.0390625 0.034375
0 0.1453125 0.46484375 0.028125 0.028125
0 0.09140625 0.43984375 0.034375 0.0296875
0 0.18359375 0.53515625 0.028125 0.028125
0 0.25625 0.475 0.0234375 0.0203125
0 0.078125 0.39375 0.046875 0.0359375
0 0.0984375 0.359375 0.05625 0.034375
0 0.28828125 0.303125 0.0234375 0.021875
0 0.31640625 0.34921875 0.025 0.028125
0 0.36015625 0.42109375 0.0296875 0.028125
0 0.34609375 0.4625 0.0359375 0.025
0 0.32109375 0.4828125 0.0375 0.0203125
0 0.47109375 0.4125 0.0390625 0.040625
0 0.4796875 0.50625 0.034375 0.0296875
0 0.459375 0.53828125 0.021875 0.01875
0 0.5328125 0.34921875 0.021875 0.015625
1 0.78125 0.21171875 0.01875 0.0484375
1 0.82890625 0.38984375 0.0234375 0.0640625
1 0.71015625 0.39765625 0.0171875 0.0609375
1 0.86328125 0.62421875 0.021875 0.075