0 0.06875 0.39921875 0.065625 0.0796875
0 0.1859375 0.440625 0.0578125 0.0671875
0 0.1375 0.02421875 0.059375 0.0484375
0 0.14296875 0.15234375 0.0453125 0.0578125
0 0.15625 0.2796875 0.0453125 0.0609375
0 0.2078125 0.91796875 0.071875 0.09375
0 0.6703125 0.07265625 0.034375 0.0578125
0 0.6828125 0.21328125 0.003125 0.0328125
0 0.70546875 0.23046875 0.03125 0.03125
0 0.73828125 0.26875 0.0328125 0.0375
0 0.75 0.3203125 0.0375 0.040625
0 0.78984375 0.33046875 0.0359375 0.0453125
0 0.76484375 0.37578125 0.0265625 0.0375
0 0.7875 0.409375 0.0375 0.0359375
0 0.8109375 0.46875 0.040625 0.0546875
0 0.8796875 0.621875 0.0484375 0.0390625
0 0.82421875 0.21171875 0.04375 0.040625
0 0.890625 0.22265625 0.0375 0.053125
0 0.67890625 0.14453125 0.034375 0.04375
0 0.7671875 0.096875 0.025 0.03125
0 0.8328125 0.10234375 0.021875 0.0234375
0 0.89765625 0.29609375 0.0234375 0.025
0 0.94140625 0.34140625 0.025 0.028125
0 0.85703125 0.3515625 0.0296875 0.0421875
0 0.90625 0.43515625 0.028125 0.0359375
0 0.93671875 0.4671875 0.0328125 0.05
0 0.98046875 0.43515625 0.0390625 0.0390625
0 0.953125 0.39453125 0.0359375 0.025
0 0.98984375 0.1765625 0.0203125 0.034375
0 0.98046875 0.58046875 0.0359375 0.0484375
0 0.89296875 0.5671875 0.0390625 0.053125
0 0.96875 0.06640625 0.034375 0.0578125
0 0.91953125 0.7203125 0.0328125 0.04375
0 0.965625 0.71484375 0.0328125 0.0296875
0 0.98125 0.765625 0.021875 0.0734375
1 0.57109375 0.39296875 0.0375 0.0640625
1 0.6203125 0.20546875 0.059375 0.0953125
1 0.65703125 0.55625 0.04375 0.1328125
1 0.765625 0.5640625 0.028125 0.078125