0 0.065625 0.4140625 0.0625 0.078125
0 0.184375 0.4515625 0.05625 0.065625
0 0.121875 0.03671875 0.05703125 0.04765625
0 0.13125 0.16484375 0.04375 0.05703125
0 0.1484375 0.2921875 0.04375 0.06015625
0 0.22265625 0.928125 0.06796875 0.09140625
0 0.65546875 0.0671875 0.0328125 0.05703125
0 0.67265625 0.20703125 0.0015625 0.0328125
0 0.69609375 0.2234375 0.0296875 0.0296875
0 0.7296875 0.2609375 0.03125 0.0359375
0 0.74375 0.31171875 0.0359375 0.0390625
0 0.78359375 0.3203125 0.034375 0.04375
0 0.76015625 0.36640625 0.025 0.0359375
0 0.784375 0.39921875 0.0359375 0.034375
0 0.809375 0.4578125 0.0390625 0.05390625
0 0.88359375 0.60859375 0.04765625 0.0375
0 0.8140625 0.20078125 0.0421875 0.0390625
0 0.88046875 0.209375 0.0359375 0.05234375
0 0.66640625 0.13828125 0.0328125 0.0421875
0 0.753125 0.0875 0.0234375 0.0296875
0 0.81875 0.090625 0.0203125 0.0234375
0 0.890625 0.28203125 0.021875 0.025
0 0.9359375 0.32578125 0.0234375 0.0265625
0 0.8515625 0.3390625 0.028125 0.040625
0 0.90390625 0.42109375 0.0265625 0.034375
0 0.93515625 0.45234375 0.03125 0.04921875
0 0.9796875 0.41953125 0.0390625 0.0375
0 0.94921875 0.37890625 0.034375 0.0234375
0 0.9828125 0.16015625 0.0265625 0.0328125
0 0.9828125 0.56328125 0.03359375 0.04765625
0 0.8953125 0.553125 0.0375 0.05234375
0 0.953125 0.05 0.0328125 0.05703125
0 0.92734375 0.70546875 0.03125 0.0421875
0 0.97265625 0.6984375 0.03125 0.028125
0 0.98984375 0.7484375 0.01953125 0.07265625
1 0.5671875 0.390625 0.0359375 0.06328125
1 0.61015625 0.2015625 0.05546875 0.09296875
1 0.65859375 0.55078125 0.0390625 0.13125
1 0.76796875 0.5546875 0.025 0.07734375