0 0.52578125 0.2828125 0.0859375 0.075
0 0.79140625 0.06484375 0.08125 0.05625
0 0.30390625 0.5453125 0.09375 0.0609375
0 0.12734375 0.753125 0.0859375 0.0734375
0 0.82890625 0.4640625 0.0515625 0.0765625
0 0.78125 0.425 0.0625 0.0375
0 0.06328125 0.51328125 0.0625 0.0296875
0 0.73046875 0.27265625 0.0484375 0.021875
1 0.13515625 0.09921875 0.078125 0.0890625
1 0.1546875 0.30546875 0.0875 0.0953125
1 0.959375 0.1890625 0.05 0.128125
1 0.6609375 0.13984375 0.05625 0.0859375
1 0.68515625 0.38671875 0.0953125 0.0796875