0 0.29609375 0.290625 0.03125 0.0234375
0 0.34296875 0.2859375 0.0296875 0.0265625
0 0.53203125 0.034375 0.0234375 0.021875
0 0.3984375 0.01015625 0.0171875 0.015625
0 0.42109375 0.01640625 0.01875 0.0140625
0 0.45625 0.025 0.0453125 0.01875
0 0.32109375 0.01015625 0.0265625 0.0203125
0 0.30546875 0.01953125 0.025 0.0171875
0 0.42265625 0.0953125 0.0296875 0.021875
0 0.3796875 0.096875 0.015625 0.0203125
0 0.48828125 0.00859375 0.0203125 0.0171875
0 0.57578125 0.01875 0.025 0.0171875
0 0.59921875 0.04609375 0.021875 0.021875
0 0.56875 0.0421875 0.0125 0.015625
0 0.6203125 0.0265625 0.015625 0.0140625
0 0.69453125 0.0765625 0.0140625 0.0140625
0 0.70859375 0.06328125 0.0125 0.015625
0 0.7265625 0.08828125 0.01875 0.0203125
0 0.7703125 0.09375 0.01875 0.01875
0 0.753125 0.05859375 0.0109375 0.0140625
0 0.7703125 0.0703125 0.0109375 0.0125
0 0.83359375 0.07890625 0.0296875 0.0234375
0 0.83203125 0.11484375 0.0265625 0.0234375
0 0.8734375 0.13046875 0.021875 0.0203125
0 0.89921875 0.15546875 0.0265625 0.01875
0 0.915625 0.1265625 0.0234375 0.0234375
0 0.9453125 0.1453125 0.015625 0.01875
0 0.9640625 0.1578125 0.0125 0.015625
0 0.97890625 0.21171875 0.0234375 0.0203125
0 0.99609375 0.23984375 0.0078125 0.0171875
0 0.996875 0.19609375 0.00625 0.0234375
0 0.29609375 0.22578125 0.0140625 0.0125
0 0.3671875 0.23671875 0.0125 0.0140625
0 0.25703125 0.2265625 0.03125 0.015625
0 0.48828125 0.20390625 0.021875 0.0203125
0 0.44765625 0.20625 0.0140625 0.0109375
0 0.42578125 0.22578125 0.0125 0.009375
0 0.35546875 0.11953125 0.0140625 0.0171875
0 0.53125 0.17890625 0.015625 0.0140625
0 0.56484375 0.0921875 0.0125 0.0140625
0 0.178125 0.26796875 0.0234375 0.0203125
0 0.13828125 0.28046875 0.015625 0.0203125
0 0.115625 0.28359375 0.0203125 0.0234375
0 0.09609375 0.284375 0.01875 0.0203125
0 0.071875 0.2859375 0.015625 0.01875
0 0.18984375 0.29921875 0.0171875 0.01875
0 0.1671875 0.3140625 0.0203125 0.028125
0 0.14453125 0.3203125 0.0171875 0.0234375
0 0.1171875 0.31875 0.0140625 0.0265625
0 0.096875 0.353125 0.0140625 0.0140625
0 0.07109375 0.35859375 0.025 0.015625
0 0.13515625 0.34765625 0.015625 0.015625
0 0.17109375 0.37734375 0.0203125 0.0203125
0 0.203125 0.37109375 0.01875 0.0203125
0 0.2171875 0.35703125 0.015625 0.025
0 0.2328125 0.35 0.0171875 0.0203125
0 0.3046875 0.34140625 0.025 0.0171875
0 0.33515625 0.3796875 0.025 0.0265625
0 0.2390625 0.38046875 0.0203125 0.015625
0 0.36640625 0.3703125 0.0203125 0.0234375
0 0.3953125 0.35859375 0.0234375 0.0234375
0 0.41796875 0.35 0.0203125 0.015625
0 0.21875 0.43984375 0.015625 0.0171875
0 0.19921875 0.45 0.0125 0.015625
0 0.23828125 0.46171875 0.01875 0.015625
0 0.1859375 0.4734375 0.0375 0.015625
0 0.13984375 0.5265625 0.0234375 0.0203125
0 0.25703125 0.5046875 0.0140625 0.015625
0 0.265625 0.47265625 0.0203125 0.0203125
0 0.33125 0.49765625 0.0203125 0.021875
0 0.41171875 0.475 0.015625 0.0203125
0 0.39453125 0.4671875 0.0203125 0.021875
0 0.27890625 0.5125 0.0171875 0.0140625
0 0.2296875 0.55234375 0.0234375 0.0265625
0 0.24375 0.5390625 0.0203125 0.021875
0 0.321875 0.52734375 0.025 0.01875
0 0.32421875 0.56171875 0.015625 0.0140625
0 0.34296875 0.59921875 0.0171875 0.0171875
0 0.33125 0.6171875 0.01875 0.0171875
0 0.24296875 0.63359375 0.0265625 0.0234375
0 0.1765625 0.57421875 0.0328125 0.0171875
0 0.17421875 0.51796875 0.021875 0.021875
0 0.2171875 0.503125 0.0203125 0.015625
0 0.3875 0.56796875 0.0171875 0.0203125
0 0.36875 0.64609375 0.0203125 0.0265625
0 0.31796875 0.68046875 0.021875 0.021875
0 0.278125 0.66015625 0.0203125 0.021875
0 0.47421875 0.590625 0.0171875 0.01875
0 0.50625 0.57265625 0.0203125 0.025
0 0.590625 0.628125 0.0203125 0.0265625
0 0.68359375 0.6015625 0.0296875 0.028125
0 0.7609375 0.58125 0.01875 0.0171875
0 0.75703125 0.53984375 0.0203125 0.0203125
0 0.7296875 0.475 0.021875 0.0203125
0 0.8171875 0.54375 0.0203125 0.0171875
0 0.82265625 0.61015625 0.025 0.0328125
0 0.78359375 0.57890625 0.0296875 0.028125
0 0.76484375 0.4625 0.015625 0.0140625
0 0.85390625 0.48203125 0.021875 0.0265625
0 0.9078125 0.49296875 0.0234375 0.021875
0 0.946875 0.55703125 0.0296875 0.0328125
0 0.97734375 0.59765625 0.021875 0.0265625
0 0.86796875 0.62734375 0.028125 0.03125
0 0.890625 0.6734375 0.0296875 0.0328125
0 0.784375 0.63984375 0.0234375 0.028125
0 0.7515625 0.64375 0.0171875 0.0203125
0 0.74765625 0.61640625 0.0234375 0.0203125
0 0.72890625 0.5875 0.025 0.0203125
0 0.76875 0.50703125 0.009375 0.0125
0 0.7953125 0.4765625 0.0265625 0.0296875
0 0.6296875 0.57890625 0.0171875 0.0125
0 0.65078125 0.57109375 0.0140625 0.0203125
0 0.71171875 0.55703125 0.015625 0.01875
0 0.73671875 0.5546875 0.0140625 0.0140625
0 0.734375 0.49921875 0.0265625 0.025
0 0.7703125 0.5328125 0.0125 0.0109375
0 0.70390625 0.43203125 0.0140625 0.0171875
0 0.721875 0.2859375 0.0109375 0.0140625
0 0.74296875 0.31640625 0.028125 0.0171875
0 0.78203125 0.340625 0.0125 0.025
0 0.81328125 0.365625 0.0125 0.01875
0 0.8375 0.39453125 0.0171875 0.0296875
0 0.85 0.4203125 0.0109375 0.015625
0 0.87890625 0.45234375 0.0125 0.021875
0 0.67265625 0.25390625 0.0140625 0.0109375