1 0.1640625 0.09765625 0.01640625 0.03515625
1 0.52734375 0.140625 0.0140625 0.0359375
1 0.521875 0.06328125 0.01875 0.0390625
1 0.49921875 0.2234375 0.0140625 0.03359375
1 0.70859375 0.1078125 0.01640625 0.03203125
1 0.6265625 0.25234375 0.01328125 0.0359375
1 0.8515625 0.25 0.01171875 0.03515625
1 0.7640625 0.38828125 0.01328125 0.034375
1 0.97265625 0.29921875 0.01640625 0.03203125
0 0.03203125 0.05078125 0.01796875 0.01328125
0 0.10859375 0.0140625 0.025 0.01015625
0 0.06953125 0.05078125 0.015625 0.015625
0 0.01875 0.096875 0.01640625 0.021875
0 0.0734375 0.1515625 0.0296875 0.0203125
0 0.07890625 0.18828125 0.034375 0.01796875
0 0.02578125 0.18515625 0.03515625 0.02109375
0 0.0671875 0.26484375 0.0203125 0.028125
0 0.2671875 0.0796875 0.02734375 0.05390625
0 0.153125 0.25390625 0.0203125 0.01796875
0 0.19765625 0.24375 0.01640625 0.0140625
0 0.14453125 0.3765625 0.02578125 0.04296875
0 0.0890625 0.396875 0.0140625 0.01015625
0 0.240625 0.36953125 0.0140625 0.0125
0 0.28046875 0.3125 0.01875 0.0703125
0 0.3078125 0.3390625 0.0234375 0.0484375
0 0.30625 0.44609375 0.02734375 0.025
0 0.33984375 0.44609375 0.03671875 0.0234375
0 0.35625 0.35078125 0.0203125 0.01484375
0 0.4046875 0.434375 0.03671875 0.01953125
0 0.41015625 0.115625 0.0140625 0.01171875
0 0.44765625 0.13125 0.028125 0.01953125
0 0.48046875 0.10078125 0.0140625 0.01484375
0 0.40234375 0.215625 0.0109375 0.01328125
0 0.4234375 0.221875 0.01796875 0.02265625
0 0.43203125 0.27734375 0.025 0.02109375
0 0.46796875 0.35390625 0.0203125 0.0234375
0 0.490625 0.39296875 0.01171875 0.01328125
0 0.54375 0.02109375 0.02578125 0.0265625
0 0.5984375 0.0515625 0.015625 0.01328125
0 0.628125 0.0296875 0.02109375 0.01484375
0 0.6390625 0.1078125 0.03046875 0.0359375
0 0.678125 0.14765625 0.0328125 0.0265625
0 0.734375 0.19453125 0.01875 0.0140625
0 0.1125 0.5171875 0.02578125 0.08046875
0 0.35 0.5859375 0.0296875 0.0234375
0 0.30390625 0.521875 0.02578125 0.04140625
0 0.41484375 0.68671875 0.03203125 0.0265625
0 0.115625 0.71953125 0.03203125 0.05703125
0 0.61328125 0.93828125 0.0296875 0.02109375
0 0.72890625 0.96328125 0.0421875 0.0203125
0 0.775 0.55546875 0.02578125 0.04609375