0 0.471875 0.19609375 0.0125 0.0109375
0 0.41328125 0.1375 0.0265625 0.021875
0 0.459375 0.16015625 0.0234375 0.025
0 0.5015625 0.19921875 0.015625 0.015625
0 0.49453125 0.2234375 0.015625 0.015625
0 0.51875 0.25078125 0.015625 0.0203125
0 0.51875 0.2203125 0.015625 0.01875
0 0.53984375 0.2609375 0.0109375 0.01875
0 0.5421875 0.2890625 0.015625 0.01875
0 0.56875 0.3171875 0.01875 0.028125
0 0.5859375 0.2375 0.015625 0.015625
0 0.5484375 0.1921875 0.0125 0.0125
0 0.49375 0.16171875 0.0203125 0.0203125
0 0.45078125 0.11171875 0.009375 0.0234375
0 0.465625 0.125 0.0125 0.015625
0 0.48828125 0.1171875 0.0125 0.015625
0 0.5109375 0.140625 0.0125 0.015625
0 0.52265625 0.13515625 0.009375 0.015625
0 0.42265625 0.07421875 0.015625 0.009375
0 0.49140625 0.09375 0.0125 0.0203125
0 0.58046875 0.18828125 0.0125 0.015625
0 0.303125 0.215625 0.0125 0.0125
0 0.35546875 0.2546875 0.009375 0.015625
0 0.39921875 0.3171875 0.015625 0.0125
0 0.42734375 0.284375 0.0125 0.01875
0 0.4875 0.32109375 0.015625 0.0125
0 0.47265625 0.3375 0.015625 0.0203125
0 0.440625 0.37109375 0.015625 0.0125
0 0.465625 0.39453125 0.021875 0.0125
0 0.30703125 0.32109375 0.015625 0.01875
0 0.340625 0.26796875 0.021875 0.01875
0 0.04765625 0.4984375 0.015625 0.0125
0 0.0828125 0.50390625 0.025 0.01875
0 0.12109375 0.4859375 0.015625 0.015625
0 0.13671875 0.4828125 0.01875 0.015625
0 0.1578125 0.4796875 0.0125 0.015625
0 0.17890625 0.478125 0.01875 0.015625
0 0.2015625 0.48203125 0.0109375 0.015625
0 0.25078125 0.49609375 0.015625 0.015625
0 0.27265625 0.49921875 0.015625 0.0125
0 0.28359375 0.490625 0.015625 0.0125
0 0.3171875 0.4828125 0.015625 0.0125
0 0.1484375 0.50234375 0.015625 0.0125
0 0.25078125 0.45625 0.01875 0.015625
0 0.20078125 0.5125 0.028125 0.0109375
0 0.34609375 0.47890625 0.025 0.01875
0 0.38046875 0.47421875 0.015625 0.015625
0 0.2484375 0.53359375 0.01875 0.0203125
0 0.43671875 0.5046875 0.0203125 0.015625
0 0.25703125 0.640625 0.028125 0.015625
0 0.30546875 0.61953125 0.021875 0.0234375
0 0.346875 0.60078125 0.015625 0.01875
0 0.38125 0.58359375 0.015625 0.0203125
0 0.4140625 0.56484375 0.025 0.015625
0 0.46796875 0.575 0.015625 0.0203125
0 0.475 0.5375 0.015625 0.015625
0 0.4984375 0.5265625 0.015625 0.009375
0 0.41796875 0.59921875 0.0203125 0.015625
0 0.38515625 0.63515625 0.015625 0.0125
0 0.31328125 0.6484375 0.0234375 0.0125
0 0.3609375 0.67265625 0.025 0.0125
0 0.38515625 0.671875 0.0125 0.0109375
0 0.40625 0.6625 0.015625 0.021875
0 0.47265625 0.66015625 0.015625 0.0125
0 0.46796875 0.48515625 0.01875 0.015625
0 0.49765625 0.47734375 0.0125 0.0125
0 0.61953125 0.46875 0.009375 0.009375
0 0.55625 0.56484375 0.015625 0.0109375
0 0.6421875 0.503125 0.021875 0.015625
0 0.678125 0.5125 0.0125 0.009375
0 0.65078125 0.5265625 0.015625 0.0125
0 0.640625 0.534375 0.0125 0.015625
0 0.721875 0.5125 0.021875 0.01875
0 0.68984375 0.47734375 0.015625 0.015625
0 0.7453125 0.5140625 0.021875 0.025
0 0.6234375 0.6078125 0.015625 0.028125
0 0.58046875 0.66640625 0.01875 0.028125
0 0.5265625 0.69375 0.0203125 0.0203125
0 0.37578125 0.74375 0.015625 0.015625
0 0.33046875 0.759375 0.0578125 0.0078125
0 0.35703125 0.7890625 0.01875 0.015625
0 0.4015625 0.7703125 0.015625 0.015625
0 0.665625 0.8859375 0.025 0.01875
0 0.6625 0.85234375 0.028125 0.009375
0 0.6484375 0.86953125 0.0234375 0.01875
0 0.684375 0.82734375 0.015625 0.028125
0 0.70078125 0.80703125 0.01875 0.0234375
0 0.71953125 0.784375 0.015625 0.01875
0 0.7375 0.77734375 0.01875 0.01875
0 0.74140625 0.74921875 0.0234375 0.01875
0 0.74609375 0.72578125 0.0125 0.021875
0 0.76328125 0.73046875 0.0078125 0.0125
0 0.75 0.76875 0.009375 0.015625
0 0.80234375 0.6546875 0.0125 0.015625
0 0.7875 0.71875 0.0125 0.021875
0 0.76484375 0.6984375 0.01875 0.01875
0 0.8 0.70078125 0.0125 0.015625
0 0.78984375 0.6734375 0.009375 0.01875
0 0.81171875 0.67734375 0.0125 0.025
0 0.8265625 0.64609375 0.0125 0.03125
0 0.834375 0.59765625 0.015625 0.021875
0 0.84140625 0.57578125 0.01875 0.0203125
0 0.71640625 0.62578125 0.01875 0.01875
0 0.646875 0.7 0.021875 0.015625
0 0.684375 0.68046875 0.028125 0.01875
0 0.73515625 0.5984375 0.0109375 0.015625
0 0.7484375 0.6234375 0.015625 0.0234375
0 0.7890625 0.59921875 0.0125 0.01875
0 0.784375 0.5765625 0.025 0.0234375
0 0.8015625 0.52578125 0.0265625 0.01875
0 0.85390625 0.5515625 0.01875 0.0125
0 0.875 0.54609375 0.015625 0.015625
0 0.85546875 0.590625 0.015625 0.015625
0 0.8484375 0.61953125 0.01875 0.0109375
0 0.8828125 0.6203125 0.0125 0.01875
0 0.86953125 0.69453125 0.025 0.0234375
0 0.85703125 0.74453125 0.015625 0.015625
0 0.82421875 0.7578125 0.025 0.015625
0 0.79765625 0.7953125 0.0125 0.0203125
0 0.76328125 0.815625 0.0125 0.01875
0 0.73515625 0.8328125 0.01875 0.0125
0 0.6890625 0.8578125 0.015625 0.0203125
0 0.7140625 0.8421875 0.0125 0.015625
0 0.90703125 0.590625 0.015625 0.025
0 0.915625 0.56796875 0.01875 0.01875
0 0.971875 0.58828125 0.015625 0.0375
0 0.93515625 0.6546875 0.009375 0.015625
0 0.9359375 0.7171875 0.0125 0.01875
0 0.928125 0.68828125 0.015625 0.0203125
0 0.93125 0.75546875 0.009375 0.015625
0 0.8171875 0.79140625 0.0125 0.009375
0 0.909375 0.78515625 0.015625 0.01875
0 0.9703125 0.7125 0.009375 0.015625
0 0.90625 0.75546875 0.009375 0.0125
0 0.8 0.88125 0.015625 0.01875
0 0.9375 0.83828125 0.0125 0.015625
0 0.953125 0.809375 0.015625 0.0109375
0 0.9703125 0.784375 0.0203125 0.021875
0 0.98671875 0.734375 0.0203125 0.0375
0 0.9625 0.73515625 0.0109375 0.015625