1 0.24609375 0.346875 0.0671875 0.05546875
1 0.4265625 0.509375 0.05546875 0.0796875
1 0.81328125 0.3 0.046875 0.075
1 0.8546875 0.5328125 0.0734375 0.096875
1 0.65625 0.34375 0.05703125 0.05546875
0 0.1015625 0.05546875 0.03515625 0.02421875
0 0.04921875 0.29375 0.02421875 0.02890625
0 0.009375 0.43515625 0.0140625 0.03515625
0 0.3046875 0.04765625 0.0203125 0.02421875
0 0.24921875 0.14296875 0.01640625 0.015625
0 0.19609375 0.24921875 0.01640625 0.02265625
0 0.33359375 0.15546875 0.02890625 0.02265625
0 0.4375 0.146875 0.02421875 0.02890625
0 0.51953125 0.1296875 0.01640625 0.02890625
0 0.4203125 0.290625 0.0265625 0.0203125
0 0.4140625 0.39375 0.02265625 0.02265625
0 0.48046875 0.36640625 0.02421875 0.02421875
0 0.48671875 0.4375 0.0328125 0.03984375
0 0.453125 0.6484375 0.0265625 0.04453125
0 0.37421875 0.69609375 0.02421875 0.02421875
0 0.3578125 0.7953125 0.02890625 0.04765625
0 0.3453125 0.909375 0.02421875 0.02734375
0 0.621875 0.7640625 0.0203125 0.03671875
0 0.61953125 0.5875 0.0328125 0.03046875
0 0.69609375 0.6234375 0.03046875 0.03515625
0 0.609375 0.51484375 0.0328125 0.03203125
0 0.690625 0.51875 0.01875 0.02734375
0 0.79453125 0.62421875 0.03046875 0.03046875
0 0.7734375 0.38125 0.02890625 0.03203125
0 0.6 0.20625 0.02265625 0.0203125
0 0.8171875 0.72890625 0.0140625 0.02734375