0 0.33046875 0.12890625 0.0265625 0.02109375
0 0.3515625 0.1734375 0.02421875 0.01484375
0 0.23125 0.16640625 0.01953125 0.01953125
0 0.26484375 0.24765625 0.02265625 0.01484375
0 0.24921875 0.35859375 0.0265625 0.02265625
0 0.28046875 0.3765625 0.025 0.015625
0 0.36328125 0.29609375 0.01875 0.02421875
0 0.18359375 0.31328125 0.0171875 0.015625
0 0.6046875 0.28359375 0.02890625 0.0375
0 0.74140625 0.38046875 0.02109375 0.02109375
0 0.7609375 0.45 0.025 0.02421875
0 0.8046875 0.44453125 0.03046875 0.0265625
0 0.628125 0.41875 0.025 0.02265625
0 0.615625 0.54296875 0.0265625 0.03203125
0 0.69140625 0.53125 0.01875 0.025
0 0.55390625 0.52890625 0.025 0.028125
0 0.70078125 0.58984375 0.01875 0.01953125
0 0.259375 0.06484375 0.01953125 0.02109375
0 0.340625 0.07109375 0.015625 0.0171875
0 0.328125 0.34921875 0.02265625 0.01875
0 0.3515625 0.45234375 0.0125 0.0125
0 0.3890625 0.4640625 0.0125 0.0125
0 0.340625 0.4890625 0.009375 0.015625
0 0.29296875 0.53125 0.0125 0.009375
0 0.30390625 0.646875 0.01796875 0.01484375
0 0.31953125 0.68203125 0.01953125 0.015625
0 0.31328125 0.715625 0.015625 0.015625
0 0.32890625 0.74296875 0.01171875 0.0125
0 0.3515625 0.7140625 0.0125 0.009375
0 0.36796875 0.725 0.0125 0.01015625
0 0.35625 0.775 0.02421875 0.01640625
0 0.29453125 0.784375 0.01015625 0.01484375
0 0.34765625 0.8421875 0.01171875 0.021875
0 0.3765625 0.82265625 0.009375 0.00859375
0 0.3875 0.85078125 0.00703125 0.01171875
0 0.41171875 0.775 0.00703125 0.01171875
0 0.534375 0.75390625 0.01328125 0.0140625
0 0.59375 0.79453125 0.01015625 0.01484375
0 0.57734375 0.7390625 0.01171875 0.0109375
0 0.5046875 0.68515625 0.021875 0.02421875
0 0.578125 0.7265625 0.0125 0.009375
0 0.56484375 0.68046875 0.01484375 0.015625
0 0.59375 0.6828125 0.015625 0.0140625
0 0.6515625 0.70234375 0.0125 0.0125
0 0.646875 0.721875 0.0140625 0.0125
0 0.6875 0.728125 0.01015625 0.01015625
0 0.6515625 0.74453125 0.01484375 0.015625
0 0.6734375 0.67109375 0.009375 0.01015625
0 0.72109375 0.7109375 0.01171875 0.01484375
0 0.63828125 0.65234375 0.01328125 0.01796875
0 0.7171875 0.6265625 0.01640625 0.01484375
0 0.73828125 0.66328125 0.0125 0.0125
0 0.78046875 0.696875 0.021875 0.01953125
0 0.74609375 0.56796875 0.01171875 0.01015625
0 0.7859375 0.6015625 0.01171875 0.01171875
0 0.671875 0.55078125 0.02421875 0.02421875
0 0.49609375 0.3828125 0.01328125 0.015625
0 0.65703125 0.24296875 0.046875 0.0390625
1 0.571875 0.31171875 0.02734375 0.0109375
1 0.51015625 0.4453125 0.03828125 0.01875
1 0.32578125 0.59375 0.0296875 0.0296875