1 0.0625 0.7921875 0.034375 0.0296875
1 0.2390625 0.365625 0.0171875 0.0890625
1 0.45234375 0.11328125 0.0234375 0.059375
1 0.421875 0.34921875 0.015625 0.06875
1 0.428125 0.59453125 0.0125 0.0734375
1 0.509375 0.5125 0.0140625 0.1140625
1 0.7859375 0.18984375 0.01875 0.0609375
1 0.6640625 0.17578125 0.01875 0.0875
1 0.68828125 0.41171875 0.0140625 0.0828125
1 0.83203125 0.10390625 0.0234375 0.0875
1 0.94140625 0.240625 0.0140625 0.0609375
1 0.9765625 0.2984375 0.0171875 0.0453125
1 0.78828125 0.46796875 0.0203125 0.0515625
0 0.2015625 0.278125 0.0109375 0.0375
0 0.21328125 0.41796875 0.0140625 0.046875
0 0.19140625 0.3984375 0.0140625 0.0390625
0 0.23046875 0.5296875 0.0171875 0.0453125
0 0.215625 0.23984375 0.0078125 0.0265625
0 0.1734375 0.0203125 0.0078125 0.0234375
0 0.171875 0.071875 0.009375 0.01875
0 0.22109375 0.79609375 0.0109375 0.0296875
0 0.24453125 0.7796875 0.0125 0.0390625
0 0.3609375 0.5140625 0.0109375 0.0625
0 0.38515625 0.528125 0.0109375 0.0515625
0 0.37578125 0.65078125 0.0109375 0.05625
0 0.39453125 0.7078125 0.00625 0.0421875
0 0.42734375 0.67421875 0.0046875 0.034375
0 0.40234375 0.2171875 0.015625 0.05
0 0.42890625 0.196875 0.009375 0.0703125
0 0.46484375 0.0296875 0.0109375 0.059375
0 0.36796875 0.07265625 0.009375 0.0203125
0 0.371875 0.8359375 0.0125 0.05
0 0.496875 0.87421875 0.0390625 0.009375
0 0.415625 0.51015625 0.0078125 0.0421875
0 0.5390625 0.29609375 0.003125 0.0453125
0 0.5375 0.36328125 0.0109375 0.01875
0 0.621875 0.3921875 0.0109375 0.01875
0 0.62890625 0.4875 0.0078125 0.0359375
0 0.58828125 0.54609375 0.0078125 0.021875
0 0.66484375 0.509375 0.0046875 0.0234375
0 0.7234375 0.39453125 0.009375 0.01875
0 0.81328125 0.40078125 0.0109375 0.0125
0 0.65078125 0.63203125 0.0140625 0.028125
0 0.69609375 0.61796875 0.0078125 0.0140625
0 0.67890625 0.7640625 0.059375 0.0171875
0 0.81875 0.5 0.0125 0.015625
0 0.84765625 0.48359375 0.0140625 0.0140625