0 0.43984375 0.24296875 0.00625 0.00546875
0 0.43359375 0.23046875 0.00625 0.0046875
0 0.44765625 0.28359375 0.00625 0.00390625
0 0.46875 0.2859375 0.0046875 0.0046875
0 0.4703125 0.29609375 0.00703125 0.00625
0 0.471875 0.3109375 0.009375 0.01328125
0 0.4796875 0.31015625 0.00703125 0.015625
0 0.4921875 0.3328125 0.0125 0.02109375
0 0.46796875 0.3203125 0.00390625 0.0046875
0 0.4625 0.32421875 0.0046875 0.00390625
0 0.46796875 0.3421875 0.00390625 0.00390625
0 0.4828125 0.35625 0.0046875 0.0078125
0 0.50859375 0.3109375 0.0046875 0.0046875
0 0.5140625 0.3109375 0.0078125 0.00859375
0 0.4984375 0.3578125 0.00546875 0.00546875
0 0.51953125 0.37578125 0.0046875 0.0046875
0 0.52421875 0.35234375 0.00390625 0.00546875
0 0.43828125 0.36484375 0.00390625 0.003125
0 0.4703125 0.384375 0.003125 0.003125
0 0.48828125 0.40078125 0.00859375 0.00703125
0 0.5 0.41328125 0.003125 0.003125
0 0.50703125 0.378125 0.00390625 0.00390625
0 0.509375 0.41953125 0.009375 0.00703125
0 0.51796875 0.42890625 0.00703125 0.0078125
0 0.53515625 0.3953125 0.00546875 0.00625
0 0.5484375 0.41484375 0.00546875 0.00390625
0 0.53359375 0.42578125 0.00390625 0.003125
0 0.54375 0.4296875 0.0046875 0.00390625
0 0.55390625 0.42578125 0.003125 0.003125
0 0.49375 0.49140625 0.0109375 0.01015625
0 0.4 0.47734375 0.00546875 0.00390625
0 0.38046875 0.46875 0.0046875 0.00390625
0 0.42265625 0.4890625 0.0078125 0.00390625
0 0.3828125 0.4640625 0.0046875 0.003125
0 0.396875 0.453125 0.00546875 0.0046875
0 0.36640625 0.4390625 0.00546875 0.0046875
0 0.38125 0.42421875 0.009375 0.00390625
0 0.34609375 0.40546875 0.0078125 0.00234375
0 0.35625 0.41015625 0.00625 0.0046875
0 0.3625 0.4140625 0.00390625 0.003125
0 0.35703125 0.4015625 0.00546875 0.00390625
0 0.30546875 0.375 0.0078125 0.00234375
0 0.309375 0.41640625 0.009375 0.00390625
0 0.3 0.415625 0.00546875 0.00234375
0 0.29765625 0.42109375 0.00546875 0.00390625
0 0.2890625 0.41484375 0.00390625 0.00390625
0 0.31484375 0.47578125 0.009375 0.00390625
0 0.0984375 0.46953125 0.00390625 0.00390625
0 0.071875 0.48828125 0.003125 0.003125
0 0.0921875 0.49765625 0.00390625 0.00390625
0 0.0953125 0.52734375 0.0046875 0.003125
0 0.1078125 0.54921875 0.00390625 0.003125
0 0.053125 0.59765625 0.00546875 0.00390625
0 0.03984375 0.5796875 0.00546875 0.00546875
0 0.0859375 0.5890625 0.00390625 0.003125
0 0.0296875 0.5640625 0.0046875 0.00546875
0 0.00625 0.55546875 0.00390625 0.00390625
0 0.01171875 0.54453125 0.00546875 0.00546875
0 0.02578125 0.509375 0.0046875 0.0078125
0 0.03125 0.4921875 0.00546875 0.00546875
0 0.05234375 0.52265625 0.00390625 0.00390625
0 0.0546875 0.5265625 0.00390625 0.00390625
0 0.05859375 0.53515625 0.003125 0.0046875
0 0.01875 0.74453125 0.0078125 0.00390625
0 0.03125 0.74375 0.00859375 0.00234375
0 0.03359375 0.74296875 0.00546875 0.00390625
0 0.015625 0.78671875 0.00546875 0.003125
0 0.0046875 0.7984375 0.00546875 0.003125
0 0.01796875 0.790625 0.0046875 0.00234375
0 0.003125 0.79375 0.0046875 0.00234375
0 0.046875 0.77734375 0.00390625 0.00390625
0 0.0125 0.80546875 0.00390625 0.003125
0 0.02421875 0.80234375 0.0046875 0.003125
0 0.00546875 0.83671875 0.00859375 0.0046875
0 0.02109375 0.82578125 0.00546875 0.003125
0 0.06328125 0.80234375 0.0046875 0.003125
0 0.0375 0.8171875 0.009375 0.00390625
0 0.04765625 0.81171875 0.009375 0.003125
0 0.0671875 0.80078125 0.00390625 0.00234375
0 0.0765625 0.79453125 0.0046875 0.003125
0 0.08125 0.79140625 0.0046875 0.003125
0 0.09296875 0.78515625 0.003125 0.00234375
0 0.103125 0.8515625 0.00546875 0.003125
0 0.109375 0.8484375 0.0046875 0.00234375
0 0.11171875 0.9125 0.00703125 0.00390625
0 0.11796875 0.90859375 0.0046875 0.00625
0 0.0734375 0.9453125 0.00625 0.0046875
0 0.0953125 0.93828125 0.00625 0.003125
0 0.08203125 0.9578125 0.00625 0.003125
0 0.13046875 0.9625 0.0046875 0.0046875
0 0.23203125 0.853125 0.00625 0.0046875
0 0.3265625 0.775 0.00546875 0.0078125
0 0.2046875 0.65 0.003125 0.00546875
0 0.209375 0.66171875 0.00546875 0.01015625
0 0.2375 0.61640625 0.00546875 0.00625
0 0.2515625 0.640625 0.0046875 0.00546875
0 0.26953125 0.65078125 0.0046875 0.0046875
0 0.265625 0.6421875 0.0046875 0.00390625
0 0.284375 0.60625 0.0078125 0.003125
0 0.3421875 0.5875 0.00546875 0.00234375
0 0.353125 0.58515625 0.00703125 0.003125
0 0.3796875 0.59375 0.015625 0.00390625
0 0.3578125 0.615625 0.0109375 0.0046875
0 0.4203125 0.76796875 0.0046875 0.0125
0 0.40078125 0.69296875 0.00546875 0.0046875
0 0.4671875 0.6984375 0.0046875 0.00546875
0 0.3765625 0.6515625 0.01015625 0.00390625
0 0.41328125 0.6578125 0.00625 0.003125
0 0.6375 0.71171875 0.0046875 0.00390625
0 0.71171875 0.8125 0.00546875 0.00390625
0 0.75234375 0.7421875 0.00703125 0.00625
0 0.6109375 0.57421875 0.00625 0.00390625
0 0.59140625 0.56484375 0.00390625 0.00390625
0 0.62734375 0.58125 0.00546875 0.003125
0 0.665625 0.56484375 0.009375 0.003125
0 0.67890625 0.5796875 0.0078125 0.00390625
0 0.6875 0.5796875 0.0046875 0.00390625
0 0.69453125 0.55546875 0.00546875 0.003125
0 0.721875 0.56015625 0.00390625 0.003125
0 0.76328125 0.56875 0.00546875 0.0046875
0 0.77265625 0.56796875 0.00546875 0.00390625
0 0.78359375 0.56796875 0.00703125 0.0046875
0 0.80078125 0.56875 0.00546875 0.003125
0 0.76484375 0.6 0.00546875 0.00390625
0 0.7625 0.60625 0.00390625 0.00390625
0 0.80390625 0.6 0.00625 0.00390625
0 0.79609375 0.575 0.0078125 0.003125
0 0.8203125 0.56796875 0.01328125 0.003125
0 0.8140625 0.62421875 0.00390625 0.00859375
0 0.79921875 0.63984375 0.0046875 0.00546875
0 0.821875 0.625 0.00390625 0.0046875
0 0.88671875 0.56875 0.009375 0.00546875
0 0.9140625 0.58515625 0.00390625 0.00390625
0 0.8984375 0.60390625 0.00390625 0.00703125
0 0.8875 0.615625 0.00390625 0.00625
0 0.8890625 0.64609375 0.00390625 0.0046875
0 0.8828125 0.6328125 0.00234375 0.00390625
0 0.8734375 0.67109375 0.00390625 0.0046875
0 0.88671875 0.653125 0.003125 0.0078125
0 0.88046875 0.66015625 0.00546875 0.00625
0 0.90859375 0.6078125 0.003125 0.00546875
0 0.93359375 0.5796875 0.0046875 0.0046875
0 0.934375 0.60859375 0.00390625 0.00625
0 0.95234375 0.5796875 0.00390625 0.00703125
0 0.96796875 0.56484375 0.00546875 0.01015625
0 0.8609375 0.66640625 0.00390625 0.00390625
1 0.9296875 0.66015625 0.00390625 0.0125
1 0.83359375 0.66875 0.00625 0.01640625
1 0.78984375 0.69921875 0.0046875 0.01328125
1 0.7875 0.7546875 0.00546875 0.01171875
1 0.74375 0.7796875 0.00703125 0.01171875
0 0.86796875 0.7640625 0.00703125 0.00625
0 0.871875 0.775 0.00546875 0.00625
0 0.87421875 0.78203125 0.00390625 0.00546875
0 0.884375 0.79609375 0.0046875 0.00390625
0 0.8953125 0.803125 0.009375 0.0046875
0 0.909375 0.80859375 0.0046875 0.003125
0 0.875 0.79921875 0.00703125 0.01015625
0 0.92421875 0.81484375 0.009375 0.00546875
0 0.8125 0.86640625 0.01015625 0.00703125