0 0.315625 0.32578125 0.034375 0.0296875
0 0.2625 0.3171875 0.0234375 0.021875
0 0.2046875 0.28828125 0.021875 0.01875
0 0.1828125 0.29296875 0.015625 0.021875
0 0.16484375 0.240625 0.0171875 0.021875
0 0.14453125 0.27265625 0.0203125 0.015625
0 0.2078125 0.23515625 0.0171875 0.021875
0 0.21875 0.2546875 0.01875 0.0171875
0 0.2109375 0.3875 0.0171875 0.021875
0 0.26328125 0.37265625 0.015625 0.015625
0 0.31171875 0.35859375 0.0328125 0.0296875
0 0.2875 0.22421875 0.0171875 0.01875
0 0.23984375 0.18828125 0.0125 0.0109375
0 0.215625 0.16953125 0.015625 0.01875
0 0.27109375 0.1640625 0.01875 0.0171875
0 0.28984375 0.18359375 0.0140625 0.01875
0 0.309375 0.21484375 0.015625 0.0203125
0 0.33671875 0.234375 0.0140625 0.0203125
0 0.35546875 0.25546875 0.0125 0.01875
0 0.315625 0.24921875 0.0171875 0.015625
0 0.35625 0.28125 0.015625 0.0203125
0 0.38671875 0.28828125 0.01875 0.021875
0 0.275 0.40546875 0.0203125 0.0203125
0 0.1328125 0.325 0.021875 0.021875
0 0.11171875 0.2515625 0.021875 0.01875
0 0.10703125 0.215625 0.0203125 0.0203125
0 0.06796875 0.18828125 0.0265625 0.028125
0 0.05703125 0.2265625 0.0171875 0.0203125
0 0.03671875 0.30234375 0.0140625 0.0203125
0 0.08125 0.33203125 0.0265625 0.0234375
0 0.040625 0.3890625 0.0296875 0.0421875
0 0.0265625 0.4359375 0.0203125 0.025
0 0.0734375 0.44921875 0.0265625 0.0265625
0 0.1359375 0.425 0.021875 0.021875
0 0.05546875 0.49453125 0.025 0.0234375
0 0.0046875 0.50546875 0.009375 0.0140625
0 0.00625 0.553125 0.0125 0.025
0 0.01796875 0.5375 0.0234375 0.0265625
0 0.10703125 0.58984375 0.021875 0.0296875
0 0.090625 0.62265625 0.0296875 0.021875
0 0.03203125 0.64375 0.0171875 0.01875
0 0.0390625 0.6625 0.015625 0.01875
0 0.05703125 0.6828125 0.0171875 0.021875
0 0.0453125 0.7046875 0.0140625 0.025
0 0.00390625 0.715625 0.0078125 0.021875
0 0.103125 0.6640625 0.0140625 0.0203125
0 0.10078125 0.70625 0.01875 0.03125
0 0.1890625 0.6671875 0.0140625 0.021875
0 0.11953125 0.4859375 0.0125 0.0171875
0 0.13046875 0.50625 0.015625 0.01875
0 0.18359375 0.4890625 0.0125 0.0171875
0 0.23125 0.48125 0.0171875 0.021875
0 0.25 0.47734375 0.015625 0.0203125
0 0.0109375 0.840625 0.0125 0.021875
0 0.03046875 0.8234375 0.01875 0.0265625
0 0.04921875 0.79921875 0.01875 0.034375
0 0.00390625 0.884375 0.0078125 0.025
0 0.1796875 0.85 0.0140625 0.01875
0 0.175 0.89453125 0.0140625 0.025
0 0.2484375 0.79140625 0.0140625 0.015625
0 0.23359375 0.65625 0.01875 0.0359375
0 0.19140625 0.6953125 0.0265625 0.0234375
0 0.2203125 0.7265625 0.015625 0.0171875
0 0.26796875 0.6953125 0.0234375 0.021875
0 0.303125 0.6046875 0.0203125 0.021875
0 0.31328125 0.5734375 0.015625 0.01875
0 0.3703125 0.553125 0.01875 0.0234375
0 0.3765625 0.584375 0.0234375 0.0296875
0 0.321875 0.64609375 0.0171875 0.021875
0 0.3390625 0.63984375 0.01875 0.0203125
0 0.328125 0.67109375 0.0171875 0.021875
0 0.3578125 0.66171875 0.0203125 0.0203125
0 0.278125 0.76484375 0.0234375 0.021875
0 0.3046875 0.778125 0.01875 0.0234375
0 0.37890625 0.7140625 0.0328125 0.046875
0 0.3046875 0.80234375 0.0203125 0.0234375
0 0.26875 0.83359375 0.0203125 0.025
0 0.33046875 0.74921875 0.021875 0.0203125
0 0.434375 0.57734375 0.015625 0.015625
0 0.46875 0.58984375 0.01875 0.015625
0 0.48203125 0.57734375 0.021875 0.025
0 0.49609375 0.5640625 0.0140625 0.0203125
0 0.465625 0.615625 0.0203125 0.01875
0 0.484375 0.6265625 0.015625 0.015625
0 0.48515625 0.67890625 0.021875 0.0265625
0 0.50625 0.6765625 0.01875 0.025
0 0.5296875 0.64375 0.0171875 0.021875
0 0.51171875 0.51640625 0.01875 0.015625
0 0.41328125 0.81796875 0.0203125 0.0203125
0 0.48515625 0.7484375 0.0234375 0.021875
0 0.42265625 0.853125 0.0203125 0.0265625
0 0.40390625 0.9140625 0.0140625 0.028125
0 0.509375 0.715625 0.0140625 0.025
0 0.55703125 0.70234375 0.03125 0.0296875
0 0.58125 0.63984375 0.0265625 0.028125
0 0.41171875 0.93515625 0.0203125 0.025
0 0.42578125 0.959375 0.0140625 0.021875
0 0.47109375 0.90859375 0.021875 0.028125
0 0.60390625 0.546875 0.015625 0.01875
0 0.6578125 0.59296875 0.01875 0.0296875
0 0.72265625 0.53203125 0.0203125 0.021875
0 0.68671875 0.5484375 0.0140625 0.01875
0 0.72890625 0.57890625 0.015625 0.015625
0 0.734375 0.6015625 0.0328125 0.0265625
0 0.6890625 0.60859375 0.0109375 0.0125
0 0.684375 0.6359375 0.0203125 0.021875
0 0.66015625 0.66953125 0.0203125 0.025
0 0.7046875 0.65 0.0171875 0.021875
0 0.7375 0.64453125 0.0203125 0.021875
0 0.71015625 0.6703125 0.0359375 0.0265625
0 0.63984375 0.7171875 0.0296875 0.0234375
0 0.684375 0.7484375 0.0171875 0.03125
0 0.60703125 0.7796875 0.0234375 0.0453125
0 0.63359375 0.784375 0.0171875 0.025
0 0.66171875 0.83125 0.0125 0.01875
0 0.70078125 0.76796875 0.0296875 0.0375
0 0.59765625 0.9453125 0.021875 0.0265625
0 0.56796875 0.9796875 0.0171875 0.021875
0 0.6390625 0.9640625 0.015625 0.01875
0 0.75546875 0.74140625 0.01875 0.028125
0 0.78359375 0.66640625 0.0125 0.01875
0 0.79375 0.6125 0.015625 0.021875
0 0.8296875 0.6484375 0.0171875 0.0203125
0 0.8140625 0.71015625 0.028125 0.0375
0 0.840625 0.734375 0.015625 0.0203125
0 0.8375 0.69140625 0.01875 0.0171875
0 0.80390625 0.82890625 0.0109375 0.0171875
0 0.81171875 0.85078125 0.0140625 0.021875
0 0.77265625 0.8859375 0.021875 0.0359375
0 0.75703125 0.99375 0.0234375 0.0125
0 0.778125 0.96171875 0.0171875 0.01875
0 0.82109375 0.97890625 0.015625 0.01875
0 0.825 0.58359375 0.01875 0.0296875
0 0.846875 0.62265625 0.021875 0.021875
0 0.878125 0.5828125 0.0171875 0.021875
0 0.89296875 0.6140625 0.0125 0.015625
0 0.91328125 0.68984375 0.0203125 0.0265625
0 0.9578125 0.5765625 0.021875 0.01875
0 0.984375 0.6 0.0140625 0.0203125
0 0.91171875 0.87578125 0.015625 0.0234375
0 0.88828125 0.77890625 0.0234375 0.034375
0 0.49609375 0.08046875 0.021875 0.028125
0 0.5078125 0.10546875 0.015625 0.015625