0 0.25546875 0.29453125 0.0265625 0.0328125
0 0.1859375 0.27890625 0.03125 0.0234375
0 0.16953125 0.31796875 0.021875 0.025
0 0.203125 0.309375 0.021875 0.0203125
0 0.29296875 0.26796875 0.0171875 0.0171875
0 0.30546875 0.3125 0.015625 0.028125
0 0.32109375 0.25703125 0.0234375 0.0203125
0 0.35625 0.26640625 0.0203125 0.0203125
0 0.39140625 0.253125 0.0203125 0.0171875
0 0.51484375 0.2609375 0.0203125 0.0171875
0 0.5484375 0.3140625 0.0203125 0.0203125
0 0.571875 0.365625 0.015625 0.0203125
0 0.6984375 0.24140625 0.025 0.0234375
0 0.67734375 0.26796875 0.01875 0.0234375
0 0.74609375 0.36171875 0.021875 0.028125
0 0.81171875 0.2671875 0.015625 0.0171875
0 0.87421875 0.36171875 0.0171875 0.028125
0 0.7515625 0.17578125 0.0203125 0.01875
0 0.925 0.35 0.0171875 0.021875
0 0.896875 0.24296875 0.025 0.021875
0 0.32734375 0.45859375 0.0296875 0.0265625
0 0.2046875 0.540625 0.015625 0.015625
0 0.24765625 0.60546875 0.021875 0.021875
0 0.271875 0.603125 0.01875 0.015625
0 0.2953125 0.6125 0.0171875 0.021875
0 0.31875 0.55234375 0.021875 0.015625
0 0.2953125 0.5671875 0.015625 0.01875
0 0.46171875 0.59140625 0.025 0.028125
0 0.31953125 0.6359375 0.0171875 0.0171875
0 0.275 0.67734375 0.015625 0.015625
0 0.284375 0.73671875 0.021875 0.021875
0 0.3640625 0.68828125 0.0265625 0.0265625
0 0.5890625 0.61953125 0.0296875 0.025
0 0.5375 0.75390625 0.0375 0.0265625
0 0.54453125 0.7921875 0.028125 0.025
0 0.6109375 0.7421875 0.0234375 0.0234375
0 0.74296875 0.60234375 0.0203125 0.025
0 0.63984375 0.4859375 0.0171875 0.0171875
0 0.59453125 0.85078125 0.021875 0.025
0 0.3328125 0.9125 0.021875 0.0203125
0 0.28046875 0.796875 0.0234375 0.021875
1 0.4203125 0.33046875 0.034375 0.040625
1 0.37421875 0.38515625 0.0390625 0.03125
1 0.6328125 0.5515625 0.03125 0.028125