0 0.04140625 0.3296875 0.0296875 0.040625
0 0.0203125 0.37734375 0.0171875 0.0390625
0 0.0140625 0.49140625 0.028125 0.0546875
0 0.1015625 0.54453125 0.04375 0.0671875
0 0.0453125 0.6171875 0.0328125 0.046875
0 0.05625 0.6765625 0.034375 0.04375
0 0.0578125 0.7578125 0.0453125 0.053125
0 0.04453125 0.903125 0.0390625 0.040625
0 0.084375 0.8921875 0.01875 0.0234375
0 0.134375 0.8921875 0.04375 0.046875
0 0.18515625 0.90078125 0.0375 0.0421875
0 0.28046875 0.58828125 0.04375 0.0546875
0 0.1203125 0.03828125 0.028125 0.03125