0 0.184375 0.00546875 0.01875 0.0109375
0 0.18828125 0.021875 0.0171875 0.0140625
0 0.15625 0.03984375 0.0234375 0.0140625
0 0.24765625 0.02578125 0.015625 0.015625
0 0.36875 0.003125 0.015625 0.00625
0 0.3984375 0.00703125 0.0109375 0.0109375
0 0.43125 0.00625 0.021875 0.0125
0 0.46171875 0.0125 0.0140625 0.0140625
0 0.47734375 0.0203125 0.01875 0.015625
0 0.45546875 0.02421875 0.015625 0.0125
0 0.159375 0.00546875 0.021875 0.0109375
0 0.53671875 0.10546875 0.0109375 0.0125
0 0.4875 0.13359375 0.015625 0.01875
0 0.51171875 0.125 0.0125 0.015625
0 0.46328125 0.13359375 0.0140625 0.0125
0 0.44296875 0.1421875 0.0125 0.0109375
0 0.4578125 0.17109375 0.0140625 0.0109375
0 0.49375 0.1625 0.0125 0.0140625
0 0.50703125 0.165625 0.0125 0.01875
0 0.51796875 0.16171875 0.0109375 0.0140625
0 0.4734375 0.1828125 0.009375 0.0109375
0 0.45625 0.1984375 0.0125 0.0171875
0 0.43046875 0.18671875 0.0171875 0.021875
0 0.40625 0.19609375 0.0234375 0.025
0 0.38203125 0.20625 0.01875 0.0296875
0 0.403125 0.22421875 0.0125 0.0140625
0 0.36953125 0.22421875 0.021875 0.0171875
0 0.353125 0.22421875 0.0125 0.01875
0 0.33203125 0.20390625 0.015625 0.0140625
0 0.3140625 0.22734375 0.015625 0.03125
0 0.3296875 0.2265625 0.0109375 0.0125
0 0.340625 0.21640625 0.0125 0.015625
0 0.30078125 0.20546875 0.0109375 0.0109375
0 0.27578125 0.240625 0.0140625 0.01875
0 0.24453125 0.22578125 0.0109375 0.0125
0 0.24296875 0.2453125 0.009375 0.0109375
0 0.23828125 0.2640625 0.0171875 0.0203125
0 0.2546875 0.2515625 0.0109375 0.0140625
0 0.2609375 0.2734375 0.0109375 0.009375
0 0.21796875 0.27421875 0.0109375 0.0203125
0 0.2046875 0.28046875 0.0125 0.015625
0 0.19609375 0.271875 0.0125 0.0171875
0 0.16953125 0.2828125 0.0171875 0.0203125
0 0.1625 0.3015625 0.0125 0.0109375
0 0.18515625 0.33125 0.015625 0.025
0 0.2 0.3328125 0.0140625 0.0125
0 0.1328125 0.31796875 0.0171875 0.0203125
0 0.1109375 0.33515625 0.0171875 0.0140625
0 0.14140625 0.3546875 0.0125 0.0171875
0 0.1328125 0.3703125 0.021875 0.021875
0 0.1546875 0.3546875 0.0109375 0.015625
0 0.1140625 0.375 0.0125 0.015625
0 0.0859375 0.35390625 0.0109375 0.009375
0 0.06875 0.3578125 0.01875 0.021875
0 0.0671875 0.4 0.0171875 0.025
0 0.09296875 0.39765625 0.015625 0.015625
0 0.040625 0.409375 0.025 0.0234375
0 0.06484375 0.496875 0.028125 0.0296875
0 0.0875 0.528125 0.0171875 0.0359375
0 0.103125 0.465625 0.015625 0.0140625
0 0.11953125 0.509375 0.0234375 0.0265625
0 0.16015625 0.46640625 0.01875 0.0265625
0 0.153125 0.43828125 0.021875 0.01875
0 0.20390625 0.45625 0.0140625 0.0171875
0 0.19296875 0.4078125 0.025 0.025
0 0.22890625 0.4359375 0.021875 0.0328125
0 0.24921875 0.41953125 0.025 0.028125
0 0.21015625 0.378125 0.0171875 0.0203125
0 0.25703125 0.39296875 0.0171875 0.0171875
0 0.23984375 0.35703125 0.021875 0.0265625
0 0.30625 0.38046875 0.0171875 0.0234375
0 0.29296875 0.39375 0.021875 0.0203125
0 0.2765625 0.3484375 0.021875 0.0171875
0 0.35 0.35 0.0203125 0.0296875
0 0.2984375 0.3359375 0.0125 0.015625
0 0.37265625 0.3203125 0.0265625 0.028125
0 0.3375 0.30078125 0.01875 0.0140625
0 0.403125 0.30625 0.028125 0.028125
0 0.428125 0.26484375 0.0203125 0.01875
0 0.459375 0.2515625 0.0109375 0.0140625
0 0.52109375 0.265625 0.0125 0.0125
0 0.52109375 0.28125 0.0125 0.0109375
0 0.43671875 0.325 0.0109375 0.0171875
0 0.36875 0.38203125 0.025 0.021875
0 0.4046875 0.36796875 0.0171875 0.0234375
0 0.34296875 0.3890625 0.009375 0.009375
0 0.36171875 0.409375 0.0171875 0.0171875
0 0.31875 0.425 0.0265625 0.01875
0 0.2921875 0.4671875 0.0203125 0.01875
0 0.31640625 0.446875 0.0234375 0.0109375
0 0.2609375 0.48515625 0.0171875 0.0234375
0 0.2609375 0.44921875 0.0203125 0.015625
0 0.2296875 0.46640625 0.015625 0.015625
0 0.23203125 0.50703125 0.028125 0.0140625
0 0.20390625 0.4953125 0.01875 0.021875
0 0.175 0.515625 0.028125 0.0359375
0 0.21328125 0.53125 0.0125 0.015625
0 0.178125 0.54140625 0.015625 0.015625
0 0.15546875 0.565625 0.0203125 0.0265625
0 0.2765625 0.53046875 0.0203125 0.021875
0 0.2921875 0.52265625 0.0171875 0.015625
0 0.36015625 0.5203125 0.025 0.01875
0 0.3375 0.5328125 0.0140625 0.0140625
0 0.3046875 0.5625 0.015625 0.0171875
0 0.28828125 0.57578125 0.0125 0.009375
0 0.340625 0.56640625 0.015625 0.0125
0 0.3703125 0.58671875 0.0171875 0.01875
0 0.4125 0.53515625 0.015625 0.01875
0 0.38046875 0.55703125 0.0125 0.0125
0 0.45546875 0.5234375 0.0265625 0.01875
0 0.41875 0.58046875 0.0171875 0.0140625
0 0.35546875 0.61484375 0.0265625 0.025
0 0.4953125 0.59765625 0.0265625 0.0234375
0 0.5640625 0.63828125 0.0171875 0.0171875
0 0.57421875 0.6625 0.0140625 0.0171875
0 0.571875 0.7015625 0.025 0.028125
0 0.6078125 0.7515625 0.021875 0.0296875
0 0.61953125 0.66171875 0.0203125 0.021875
0 0.62265625 0.68359375 0.0203125 0.01875
0 0.64375 0.71328125 0.01875 0.021875
0 0.65546875 0.7515625 0.0171875 0.0234375
0 0.5890625 0.61640625 0.0203125 0.0203125
0 0.60390625 0.59296875 0.0125 0.015625
0 0.63046875 0.6046875 0.0171875 0.015625
0 0.65 0.634375 0.0203125 0.0234375
0 0.65390625 0.6859375 0.0125 0.0171875
0 0.61640625 0.55859375 0.0203125 0.0203125
0 0.63203125 0.5828125 0.025 0.025
0 0.6046875 0.5171875 0.0203125 0.01875
0 0.62578125 0.51875 0.015625 0.01875
0 0.671875 0.5765625 0.01875 0.0171875
0 0.66640625 0.6015625 0.03125 0.0296875
0 0.73828125 0.659375 0.0359375 0.025
0 0.6921875 0.665625 0.0328125 0.021875
0 0.728125 0.69609375 0.0203125 0.028125
0 0.784375 0.7140625 0.0375 0.034375
0 0.69375 0.55546875 0.015625 0.01875
0 0.72109375 0.58359375 0.0265625 0.025
0 0.74609375 0.6171875 0.0375 0.0328125
0 0.71484375 0.609375 0.015625 0.01875
0 0.77421875 0.659375 0.0234375 0.0265625
0 0.83984375 0.6828125 0.03125 0.028125
0 0.78046875 0.61640625 0.0171875 0.015625
0 0.7421875 0.58046875 0.01875 0.021875
0 0.72578125 0.55859375 0.01875 0.0234375
0 0.696875 0.528125 0.034375 0.0265625
0 0.709375 0.5125 0.021875 0.01875
0 0.69453125 0.4953125 0.0171875 0.015625
0 0.6625 0.46171875 0.0265625 0.0203125
0 0.71171875 0.484375 0.0171875 0.0140625
0 0.75703125 0.55703125 0.0171875 0.021875
0 0.78046875 0.5828125 0.0234375 0.0203125
0 0.80390625 0.56953125 0.0171875 0.0203125
0 0.775 0.5390625 0.0171875 0.021875
0 0.7953125 0.54375 0.015625 0.015625
0 0.81796875 0.584375 0.0140625 0.0125
0 0.75234375 0.52109375 0.0171875 0.015625
0 0.80859375 0.50546875 0.0203125 0.0203125
0 0.71875 0.46328125 0.0234375 0.01875
0 0.73828125 0.43984375 0.01875 0.01875
0 0.69609375 0.4375 0.01875 0.01875
0 0.678125 0.41875 0.0203125 0.0203125
0 0.659375 0.4046875 0.0171875 0.01875
0 0.76875 0.4421875 0.021875 0.01875
0 0.8125 0.46171875 0.0234375 0.0140625
0 0.8375 0.50078125 0.0171875 0.0203125
0 0.87890625 0.5328125 0.0328125 0.0234375
0 0.8328125 0.47578125 0.009375 0.0109375
0 0.66875 0.30625 0.015625 0.015625
0 0.753125 0.3671875 0.03125 0.0296875
0 0.79921875 0.39609375 0.025 0.0203125
0 0.83828125 0.42265625 0.0171875 0.01875
0 0.88515625 0.45390625 0.0171875 0.015625
0 0.90625 0.4734375 0.01875 0.0265625
0 0.9234375 0.4890625 0.0171875 0.021875
0 0.9578125 0.54140625 0.0125 0.01875
0 0.98125 0.56171875 0.0234375 0.025
0 0.9203125 0.42421875 0.015625 0.0140625
0 0.94296875 0.4453125 0.025 0.01875
0 0.89921875 0.41875 0.015625 0.0109375
0 0.9671875 0.46171875 0.0140625 0.009375
0 0.9859375 0.47734375 0.0140625 0.0203125
0 0.9984375 0.49140625 0.003125 0.0234375
0 0.9609375 0.471875 0.025 0.01875
0 0.8625 0.3515625 0.028125 0.0203125
0 0.909375 0.38515625 0.034375 0.0234375
0 0.821875 0.3328125 0.0140625 0.015625
0 0.6984375 0.28046875 0.015625 0.01875
0 0.7203125 0.27265625 0.01875 0.015625
0 0.7515625 0.3140625 0.015625 0.0125
0 0.64921875 0.2296875 0.0234375 0.0171875
0 0.71640625 0.225 0.009375 0.009375
0 0.796875 0.17578125 0.0171875 0.0171875
0 0.76015625 0.15546875 0.0234375 0.0171875
0 0.8109375 0.20625 0.025 0.0203125
0 0.8921875 0.24765625 0.021875 0.01875
0 0.94140625 0.2390625 0.0140625 0.015625
0 0.89765625 0.26640625 0.0125 0.0140625
0 0.79375 0.0828125 0.0234375 0.0234375
0 0.8921875 0.121875 0.01875 0.0125
0 0.903125 0.1390625 0.00625 0.009375
0 0.81796875 0.0921875 0.01875 0.0296875
0 0.75625 0.0734375 0.0546875 0.028125
0 0.86171875 0.07734375 0.0546875 0.03125
0 0.95859375 0.21171875 0.015625 0.0171875
0 0.68046875 0.04921875 0.025 0.025
0 0.615625 0.0296875 0.0203125 0.0171875
0 0.64453125 0.040625 0.0140625 0.0140625