0 0.2125 0.35 0.03125 0.059375
0 0.1609375 0.1671875 0.034375 0.0578125
0 0.14921875 0.3 0.0421875 0.1203125
0 0.18125 0.1203125 0.03125 0.03828125
0 0.45546875 0.3515625 0.05546875 0.14375
0 0.5125 0.32734375 0.0234375 0.14375
0 0.51640625 0.0875 0.03125 0.059375
0 0.56796875 0.05703125 0.01796875 0.071875
0 0.259375 0.56640625 0.00546875 0.028125
0 0.21875 0.5875 0.0234375 0.03515625
0 0.49609375 0.60703125 0.0265625 0.05234375
0 0.24296875 0.63671875 0.0390625 0.028125
0 0.4578125 0.62421875 0.01796875 0.06328125
0 0.5328125 0.49296875 0.015625 0.0421875
0 0.58515625 0.465625 0.0265625 0.0296875
0 0.153125 0.859375 0.04453125 0.0296875
0 0.02109375 0.33203125 0.0421875 0.0453125
0 0.940625 0.2 0.0234375 0.0265625
0 0.95078125 0.2859375 0.01796875 0.03984375
0 0.621875 0.115625 0.0265625 0.0171875
0 0.7671875 0.1953125 0.01328125 0.015625
0 0.8796875 0.33515625 0.01796875 0.02265625
0 0.66328125 0.653125 0.1 0.015625
0 0.7578125 0.6015625 0.08359375 0.02421875
0 0.921875 0.54921875 0.07578125 0.02109375
0 0.56015625 0.33203125 0.01328125 0.0453125
0 0.7078125 0.78125 0.1890625 0.02421875
0 0.93671875 0.753125 0.1265625 0.05390625
1 0.6046875 0.25 0.0234375 0.0765625
1 0.2265625 0.2421875 0.05 0.0890625
1 0.73203125 0.30625 0.03125 0.09453125
1 0.971875 0.11953125 0.04453125 0.071875
1 0.1546875 0.6578125 0.05234375 0.05234375
1 0.6875 0.47734375 0.02109375 0.06328125