0 0.3046875 0.20859375 0.0171875 0.0140625
0 0.3515625 0.19453125 0.0203125 0.0171875
0 0.47578125 0.29453125 0.0609375 0.0265625
0 0.534375 0.29140625 0.0265625 0.03125
0 0.56484375 0.265625 0.0171875 0.01875
0 0.6015625 0.28671875 0.01875 0.015625
0 0.7046875 0.3234375 0.034375 0.0265625
0 0.68984375 0.1640625 0.0234375 0.0125
0 0.7203125 0.24453125 0.0265625 0.0171875
0 0.775 0.23671875 0.0140625 0.0140625
0 0.78515625 0.29140625 0.0203125 0.0109375
0 0.821875 0.28828125 0.0140625 0.0140625
0 0.51796875 0.01640625 0.01875 0.0171875
0 0.59765625 0.05625 0.0109375 0.0140625
0 0.58828125 0.08203125 0.0109375 0.015625
0 0.56484375 0.13046875 0.015625 0.0125
0 0.71796875 0.1625 0.0171875 0.0171875
0 0.81171875 0.17890625 0.0125 0.0125
0 0.78203125 0.36328125 0.0140625 0.0171875
0 0.7046875 0.3828125 0.0453125 0.0484375
0 0.7859375 0.41171875 0.0171875 0.015625
0 0.6359375 0.39140625 0.0515625 0.028125
0 0.7078125 0.41953125 0.021875 0.021875
0 0.77421875 0.43828125 0.025 0.0171875
0 0.59609375 0.38671875 0.01875 0.015625
0 0.3609375 0.38671875 0.025 0.0203125
0 0.41015625 0.36015625 0.025 0.0171875
0 0.45859375 0.38046875 0.0171875 0.015625
0 0.58046875 0.4078125 0.0171875 0.01875
0 0.61328125 0.415625 0.0328125 0.0234375
0 0.634375 0.47421875 0.0203125 0.021875
0 0.75625 0.48828125 0.0234375 0.015625
0 0.79296875 0.509375 0.040625 0.01875
0 0.8421875 0.54765625 0.0203125 0.0171875
0 0.825 0.55546875 0.0234375 0.021875
0 0.69375 0.596875 0.025 0.015625
0 0.728125 0.61171875 0.021875 0.0171875
0 0.56953125 0.5734375 0.0265625 0.0125
0 0.4953125 0.54609375 0.0203125 0.0109375
0 0.3890625 0.49140625 0.0203125 0.0171875
0 0.4109375 0.5328125 0.0140625 0.0140625
0 0.3390625 0.5078125 0.0171875 0.0140625
0 0.36171875 0.53828125 0.0171875 0.0140625
0 0.4015625 0.54453125 0.0234375 0.021875
0 0.31328125 0.5296875 0.015625 0.0203125
0 0.296875 0.55078125 0.0140625 0.0109375
0 0.1859375 0.58046875 0.01875 0.0109375
0 0.11015625 0.5984375 0.021875 0.0140625
0 0.89140625 0.446875 0.021875 0.0171875
0 0.8359375 0.4203125 0.0140625 0.009375
1 0.55703125 0.34765625 0.0203125 0.040625
1 0.52421875 0.403125 0.0140625 0.021875
1 0.4125 0.234375 0.0125 0.053125
1 0.46171875 0.07578125 0.0203125 0.05
1 0.7375 0.11328125 0.0296875 0.08125