0 0.471875 0.33125 0.0671875 0.0734375
0 0.5203125 0.45625 0.0828125 0.065625
0 0.6640625 0.43125 0.046875 0.0765625
0 0.67265625 0.56796875 0.0578125 0.078125
0 0.52890625 0.56484375 0.071875 0.0859375
0 0.57890625 0.659375 0.0421875 0.0609375
0 0.596875 0.7703125 0.05 0.0765625
0 0.625 0.84375 0.046875 0.05
0 0.4921875 0.74375 0.040625 0.065625
0 0.53359375 0.21484375 0.05 0.040625
0 0.45234375 0.140625 0.04375 0.04375
0 0.6 0.1109375 0.0375 0.0453125
0 0.5078125 0.0953125 0.05625 0.0375
0 0.34609375 0.078125 0.0484375 0.0515625
1 0.35390625 0.209375 0.0546875 0.11875
1 0.63046875 0.3375 0.040625 0.078125
1 0.3890625 0.41875 0.0375 0.0828125
1 0.68671875 0.7171875 0.0578125 0.1046875