0 0.17265625 0.35234375 0.1046875 0.05625
0 0.1703125 0.41484375 0.1 0.0546875
0 0.15703125 0.48984375 0.046875 0.05625
0 0.1625 0.6 0.0421875 0.0734375
0 0.18984375 0.6859375 0.065625 0.059375
0 0.24765625 0.43359375 0.05 0.05625
0 0.25703125 0.3609375 0.046875 0.03984375
0 0.25859375 0.25390625 0.0390625 0.109375
0 0.33046875 0.1859375 0.06328125 0.04140625
0 0.3015625 0.09921875 0.06796875 0.01640625
0 0.15078125 0.0859375 0.034375 0.03125
0 0.57578125 0.0953125 0.10234375 0.04296875
0 0.725 0.1265625 0.09140625 0.04140625
0 0.853125 0.1203125 0.034375 0.03125
0 0.8140625 0.284375 0.065625 0.04453125
0 0.4546875 0.315625 0.0234375 0.0203125
0 0.49921875 0.23203125 0.034375 0.021875
0 0.553125 0.23046875 0.0265625 0.025
0 0.84296875 0.2 0.034375 0.01640625
0 0.8734375 0.2234375 0.0265625 0.01953125
0 0.89921875 0.3171875 0.05234375 0.04140625
0 0.9046875 0.48125 0.046875 0.03359375
0 0.66484375 0.3890625 0.05 0.04453125
0 0.51015625 0.41484375 0.065625 0.0546875
0 0.22578125 0.5421875 0.0265625 0.04296875
0 0.45078125 0.58046875 0.03125 0.01953125
0 0.68671875 0.51015625 0.0421875 0.05
0 0.709375 0.58359375 0.04453125 0.04296875
0 0.72265625 0.65546875 0.0390625 0.0484375
0 0.75625 0.69921875 0.0234375 0.03515625
0 0.7640625 0.7453125 0.04453125 0.03125
0 0.815625 0.77890625 0.03125 0.0234375
0 0.38671875 0.83828125 0.02890625 0.025
0 0.325 0.8765625 0.03671875 0.03359375
0 0.35234375 0.89921875 0.0234375 0.01171875
0 0.95546875 0.91171875 0.034375 0.01796875
0 0.97734375 0.93359375 0.0453125 0.0203125
0 0.9875 0.96953125 0.025 0.021875
0 0.8859375 0.70390625 0.0734375 0.0515625
1 0.3421875 0.6609375 0.034375 0.08828125
1 0.81171875 0.41328125 0.01796875 0.06640625
1 0.8328125 0.61171875 0.034375 0.06796875
1 0.9015625 0.8015625 0.02109375 0.06328125
0 0.88359375 0.70234375 0.09453125 0.04453125