0 0.6125 0.5984375 0.0625 0.05
0 0.40078125 0.53515625 0.078125 0.0484375
0 0.38828125 0.640625 0.05 0.0296875
0 0.1046875 0.69453125 0.0625 0.034375
0 0.7078125 0.4265625 0.0828125 0.034375
0 0.4828125 0.07109375 0.01875 0.0296875
0 0.84375 0.428125 0.040625 0.0234375
0 0.3953125 0.81640625 0.071875 0.0359375
0 0.48125 0.71171875 0.0296875 0.0140625
0 0.1765625 0.6859375 0.0265625 0.015625
1 0.18046875 0.7796875 0.078125 0.059375
1 0.940625 0.69296875 0.0328125 0.0421875
1 0.76328125 0.5171875 0.0640625 0.071875
1 0.1 0.48046875 0.0375 0.059375