1 0.03828125 0.1625 0.0328125 0.090625
1 0.115625 0.17109375 0.0234375 0.071875
1 0.2296875 0.21796875 0.0390625 0.0625
1 0.346875 0.23515625 0.0328125 0.04375
1 0.7265625 0.27890625 0.0234375 0.028125
1 0.90703125 0.30078125 0.0359375 0.03125
1 0.35078125 0.578125 0.0296875 0.059375
1 0.071875 0.65703125 0.04375 0.046875
0 0.121875 0.0546875 0.015625 0.0421875
0 0.44296875 0.046875 0.0140625 0.021875
0 0.459375 0.06640625 0.0125 0.0265625
0 0.5171875 0.01484375 0.0171875 0.0171875
0 0.4140625 0.12265625 0.0078125 0.015625
0 0.403125 0.140625 0.0125 0.0171875
0 0.553125 0.07265625 0.015625 0.01875
0 0.5875 0.04453125 0.0078125 0.021875
0 0.6 0.08125 0.009375 0.009375
0 0.58203125 0.0890625 0.0078125 0.009375
0 0.57578125 0.08125 0.0046875 0.0078125
0 0.53984375 0.11640625 0.00625 0.0078125
0 0.578125 0.12578125 0.00625 0.015625
0 0.5890625 0.1296875 0.0046875 0.0078125
0 0.553125 0.14765625 0.003125 0.0078125
0 0.5140625 0.16953125 0.0046875 0.00625
0 0.48515625 0.05703125 0.003125 0.003125
0 0.48671875 0.05859375 0.0046875 0.0078125
0 0.50546875 0.03203125 0.00625 0.0046875
0 0.53046875 0.03828125 0.0046875 0.00625
0 0.6203125 0.08515625 0.0046875 0.009375
0 0.62734375 0.06640625 0.0109375 0.009375
0 0.65234375 0.0359375 0.0078125 0.009375
0 0.63359375 0.03046875 0.00625 0.00625
0 0.6421875 0.0078125 0.0078125 0.0078125
0 0.62578125 0.0171875 0.0046875 0.00625
0 0.61640625 0.1890625 0.003125 0.009375
0 0.61875 0.21015625 0.00625 0.0078125
0 0.65859375 0.175 0.0046875 0.00625
0 0.64453125 0.065625 0.0046875 0.0046875
0 0.559375 0.225 0.0078125 0.0046875
0 0.54375 0.2375 0.0046875 0.003125
0 0.51875 0.27578125 0.0046875 0.00625
0 0.5796875 0.28125 0.00625 0.00625
0 0.6875 0.1546875 0.0046875 0.0046875
0 0.69921875 0.14140625 0.009375 0.0078125
0 0.728125 0.2078125 0.009375 0.009375
0 0.74296875 0.228125 0.0078125 0.0078125
0 0.7703125 0.22421875 0.0078125 0.0078125
0 0.78203125 0.1171875 0.00625 0.00625
0 0.8078125 0.23203125 0.00625 0.0078125
0 0.82265625 0.22578125 0.00625 0.00625
0 0.79140625 0.2015625 0.00625 0.003125
0 0.7703125 0.1953125 0.00625 0.00625
0 0.578125 0.38515625 0.01875 0.0140625
0 0.58203125 0.4109375 0.015625 0.0234375
0 0.58671875 0.35 0.009375 0.0078125
0 0.54765625 0.4234375 0.015625 0.0203125
0 0.57265625 0.46640625 0.0078125 0.01875
0 0.5984375 0.50546875 0.0171875 0.0234375
0 0.46640625 0.4609375 0.0109375 0.009375
0 0.4796875 0.3515625 0.0265625 0.01875
0 0.41953125 0.35703125 0.0203125 0.0203125