0 0.0859375 0.08828125 0.0359375 0.0390625
0 0.078125 0.1734375 0.021875 0.0203125
0 0.0265625 0.2015625 0.0390625 0.0265625
0 0.15390625 0.19765625 0.0265625 0.028125
0 0.23671875 0.14765625 0.01875 0.0171875
0 0.3421875 0.08984375 0.028125 0.0296875
0 0.4078125 0.06640625 0.03125 0.03125
0 0.43359375 0.11875 0.025 0.0328125
0 0.45078125 0.10390625 0.0109375 0.015625
0 0.46328125 0.03671875 0.015625 0.0171875
0 0.478125 0.0484375 0.0140625 0.0171875
0 0.471875 0.00546875 0.0140625 0.009375
0 0.48828125 0.003125 0.0078125 0.00625
0 0.5609375 0.08125 0.009375 0.0140625
0 0.8859375 0.065625 0.009375 0.0125
0 0.9265625 0.00859375 0.009375 0.0109375
0 0.9140625 0.009375 0.00625 0.0125
0 0.93984375 0.01640625 0.00625 0.0125
0 0.95859375 0.028125 0.0078125 0.0140625
0 0.9453125 0.06015625 0.009375 0.0140625
0 0.959375 0.11171875 0.0078125 0.0140625
0 0.940625 0.171875 0.0078125 0.0125
0 0.97578125 0.296875 0.0078125 0.009375
0 0.984375 0.35859375 0.0109375 0.021875
0 0.940625 0.340625 0.0109375 0.009375
0 0.88984375 0.30703125 0.0125 0.009375
0 0.9421875 0.42421875 0.009375 0.015625
0 0.9296875 0.415625 0.0078125 0.009375
0 0.959375 0.4984375 0.0125 0.015625
0 0.940625 0.49453125 0.0109375 0.0125
0 0.95 0.52265625 0.0078125 0.0140625
0 0.9671875 0.78671875 0.0125 0.0203125
0 0.94453125 0.87421875 0.0140625 0.0296875
0 0.853125 0.9515625 0.0140625 0.0203125
0 0.90234375 0.83671875 0.0078125 0.015625
0 0.884375 0.809375 0.0078125 0.025
0 0.88125 0.72265625 0.0234375 0.03125
0 0.95234375 0.74140625 0.0078125 0.009375
0 0.88125 0.571875 0.0109375 0.01875
0 0.8984375 0.575 0.0171875 0.01875
0 0.90703125 0.559375 0.0140625 0.0171875
0 0.89765625 0.5234375 0.0140625 0.015625
0 0.8625 0.4734375 0.01875 0.0234375
0 0.86875 0.42890625 0.0109375 0.0125
0 0.81796875 0.4109375 0.0109375 0.015625
0 0.83125 0.4765625 0.0140625 0.01875
0 0.8140625 0.553125 0.015625 0.01875
0 0.81015625 0.29921875 0.0078125 0.0140625
0 0.79453125 0.32890625 0.0125 0.0078125
0 0.7859375 0.3484375 0.0109375 0.0109375
0 0.77890625 0.365625 0.0171875 0.0140625
0 0.78828125 0.4 0.0171875 0.015625
0 0.8234375 0.67734375 0.015625 0.01875
0 0.81328125 0.73515625 0.00625 0.009375
0 0.77578125 0.27109375 0.01875 0.021875
0 0.75 0.32734375 0.0125 0.0140625
0 0.725 0.35078125 0.0171875 0.0203125
0 0.7484375 0.35546875 0.0125 0.0109375
0 0.72109375 0.39140625 0.0140625 0.0125
0 0.70625 0.32421875 0.0140625 0.009375
0 0.66640625 0.37578125 0.0125 0.0140625
0 0.63828125 0.36484375 0.0171875 0.021875
0 0.72421875 0.2421875 0.0109375 0.015625
0 0.70859375 0.453125 0.0171875 0.0125
0 0.6484375 0.43984375 0.0171875 0.0171875
0 0.628125 0.4484375 0.0171875 0.015625
0 0.5984375 0.45234375 0.0109375 0.0171875
0 0.65078125 0.48046875 0.0140625 0.015625
0 0.73203125 0.52109375 0.0140625 0.0171875
0 0.75390625 0.540625 0.015625 0.0171875
0 0.75703125 0.55625 0.0140625 0.0140625
0 0.77265625 0.5578125 0.0140625 0.015625
0 0.7109375 0.58984375 0.0234375 0.021875
0 0.69375 0.6234375 0.025 0.0171875
0 0.7109375 0.665625 0.0203125 0.0328125
0 0.66328125 0.58671875 0.0109375 0.01875
0 0.6546875 0.61484375 0.021875 0.0265625
0 0.6296875 0.66015625 0.0125 0.0234375
0 0.59296875 0.52265625 0.0125 0.0125
0 0.5609375 0.49921875 0.0140625 0.0171875
0 0.62734375 0.55078125 0.0109375 0.015625
0 0.57734375 0.76328125 0.015625 0.01875
0 0.68359375 0.715625 0.0203125 0.0203125
0 0.58359375 0.80234375 0.015625 0.0140625
0 0.59296875 0.834375 0.0125 0.01875
0 0.6296875 0.853125 0.015625 0.01875
0 0.6734375 0.7734375 0.0109375 0.01875
0 0.74609375 0.84765625 0.0140625 0.03125
0 0.53671875 0.80703125 0.0203125 0.0328125
0 0.50546875 0.93203125 0.01875 0.025
0 0.4484375 0.97265625 0.0203125 0.0453125
0 0.36640625 0.99765625 0.0171875 0.0046875
0 0.3140625 0.91484375 0.0109375 0.0265625
0 0.36875 0.82421875 0.015625 0.025
0 0.37890625 0.784375 0.0125 0.0234375
0 0.396875 0.790625 0.0109375 0.015625
0 0.421875 0.70625 0.015625 0.021875
0 0.446875 0.665625 0.0140625 0.0171875
0 0.4671875 0.634375 0.0171875 0.0171875
0 0.48984375 0.65 0.015625 0.0171875
0 0.47265625 0.58125 0.0125 0.015625
0 0.49453125 0.5421875 0.0109375 0.0203125
0 0.5453125 0.565625 0.015625 0.0125
0 0.5484375 0.596875 0.0125 0.0109375
0 0.52421875 0.6046875 0.015625 0.015625
0 0.621875 0.32734375 0.0171875 0.0125
0 0.5625 0.3984375 0.01875 0.0171875
0 0.55546875 0.3578125 0.015625 0.009375
0 0.415625 0.2265625 0.0140625 0.0140625
0 0.39140625 0.2328125 0.021875 0.0125
0 0.4625 0.24921875 0.0109375 0.0125
0 0.32578125 0.25 0.01875 0.009375
0 0.23046875 0.24921875 0.01875 0.009375
0 0.2546875 0.2765625 0.0171875 0.0171875
0 0.31015625 0.321875 0.0171875 0.0171875
0 0.13671875 0.2640625 0.01875 0.0171875
0 0.18203125 0.375 0.015625 0.021875
0 0.2015625 0.38828125 0.015625 0.03125
0 0.26015625 0.403125 0.0265625 0.021875
0 0.2390625 0.45390625 0.021875 0.0203125
0 0.16640625 0.4921875 0.021875 0.021875
0 0.53203125 0.3125 0.0140625 0.009375
0 0.4859375 0.4671875 0.0140625 0.0203125
0 0.4890625 0.48828125 0.0125 0.0109375
0 0.41640625 0.50546875 0.015625 0.0265625
0 0.44140625 0.53515625 0.0140625 0.015625
0 0.42265625 0.54609375 0.0125 0.0140625
0 0.421875 0.56953125 0.0171875 0.0171875
0 0.39921875 0.5421875 0.0109375 0.0140625
0 0.31875 0.63984375 0.0140625 0.021875
0 0.29375 0.5875 0.0171875 0.0203125
0 0.3 0.559375 0.0140625 0.0140625
0 0.24609375 0.70234375 0.0140625 0.015625
0 0.25625 0.73046875 0.0171875 0.0203125
0 0.23515625 0.76640625 0.0234375 0.0328125
0 0.18046875 0.77265625 0.0203125 0.0171875
0 0.17578125 0.8 0.0171875 0.0234375
0 0.14921875 0.82890625 0.015625 0.015625
0 0.16953125 0.83203125 0.009375 0.0140625
0 0.1578125 0.8390625 0.0109375 0.01875
0 0.15703125 0.86015625 0.01875 0.0109375
0 0.21328125 0.84765625 0.0109375 0.015625
0 0.16875 0.884375 0.0140625 0.0109375
0 0.18828125 0.8890625 0.0140625 0.015625
0 0.16796875 0.921875 0.009375 0.01875
0 0.1421875 0.9359375 0.0203125 0.015625
0 0.1 0.87890625 0.0140625 0.01875
0 0.0875 0.8984375 0.0109375 0.0203125
0 0.09921875 0.98671875 0.0125 0.0125
0 0.21953125 0.540625 0.0109375 0.0140625
0 0.21484375 0.57421875 0.0140625 0.015625
0 0.20703125 0.59765625 0.021875 0.015625
0 0.165625 0.6078125 0.0171875 0.0140625
0 0.1390625 0.60078125 0.015625 0.0125
0 0.05078125 0.59609375 0.0296875 0.040625
0 0.06328125 0.63515625 0.0171875 0.015625
0 0.1 0.6296875 0.009375 0.015625
0 0.121875 0.6359375 0.0171875 0.0171875
0 0.0203125 0.70234375 0.015625 0.0296875
0 0.0640625 0.7078125 0.0140625 0.0203125
0 0.15546875 0.421875 0.0125 0.025
0 0.0875 0.33828125 0.0171875 0.025
0 0.05703125 0.29140625 0.0109375 0.0140625
0 0.06328125 0.375 0.015625 0.0125
0 0.02109375 0.41171875 0.0140625 0.0203125
0 0.0203125 0.35390625 0.0171875 0.0296875
0 0.00546875 0.3203125 0.0109375 0.0171875
0 0.02265625 0.303125 0.0171875 0.03125
1 0.44296875 0.78046875 0.0171875 0.0546875
1 0.98359375 0.665625 0.015625 0.0546875
1 0.8296875 0.02109375 0.015625 0.0328125
1 0.5578125 0.0375 0.0171875 0.0453125
1 0.53828125 0.121875 0.0109375 0.040625