0 0.5265625 0.06796875 0.015625 0.01875
0 0.5203125 0.09921875 0.0171875 0.03125
0 0.5078125 0.134375 0.0140625 0.015625
0 0.50390625 0.1546875 0.021875 0.015625
0 0.496875 0.17421875 0.0140625 0.0203125
0 0.48984375 0.2046875 0.0296875 0.0296875
0 0.47890625 0.225 0.015625 0.015625
0 0.47265625 0.25625 0.0171875 0.0328125
0 0.34765625 0.3125 0.0171875 0.025
0 0.56640625 0.1125 0.01875 0.01875
0 0.55859375 0.1390625 0.0234375 0.025
0 0.65703125 0.23828125 0.0171875 0.0265625
0 0.62734375 0.28203125 0.0203125 0.021875
0 0.6171875 0.3 0.025 0.0234375
0 0.52109375 0.22890625 0.01875 0.021875
0 0.5328125 0.1921875 0.0140625 0.025
0 0.56328125 0.21171875 0.01875 0.01875
0 0.50625 0.259375 0.0109375 0.0203125
0 0.48828125 0.29140625 0.0171875 0.015625
0 0.48125 0.32578125 0.015625 0.025
0 0.53203125 0.2625 0.015625 0.0203125
0 0.57734375 0.3578125 0.021875 0.0203125
0 0.6546875 0.2953125 0.0234375 0.025
0 0.63515625 0.328125 0.0171875 0.025
0 0.67265625 0.34296875 0.015625 0.01875
0 0.60546875 0.3734375 0.0171875 0.0203125
0 0.58671875 0.3921875 0.01875 0.021875
0 0.5234375 0.36015625 0.021875 0.0234375
0 0.4703125 0.3546875 0.01875 0.0203125
0 0.26328125 0.3171875 0.0203125 0.0203125
0 0.31484375 0.36484375 0.0171875 0.0171875
0 0.2703125 0.28359375 0.015625 0.0140625
0 0.19453125 0.32734375 0.0171875 0.0140625
0 0.26640625 0.390625 0.0140625 0.0140625
0 0.29375 0.428125 0.0171875 0.015625
0 0.21328125 0.35546875 0.0125 0.0125
0 0.13671875 0.36953125 0.0140625 0.0125
0 0.1484375 0.41484375 0.0265625 0.021875
0 0.18515625 0.4296875 0.0140625 0.0140625
0 0.20625 0.44921875 0.015625 0.0171875
0 0.23046875 0.47265625 0.0109375 0.0109375
0 0.1140625 0.41875 0.0140625 0.0125
0 0.0734375 0.421875 0.0203125 0.0203125
0 0.10234375 0.4390625 0.025 0.015625
0 0.11328125 0.47109375 0.0203125 0.015625
0 0.0875 0.46875 0.034375 0.0171875
0 0.12734375 0.50546875 0.0203125 0.01875
0 0.15234375 0.5328125 0.021875 0.021875
0 0.19609375 0.546875 0.025 0.0203125
0 0.1859375 0.459375 0.0203125 0.015625
0 0.0984375 0.60390625 0.021875 0.0265625
0 0.0140625 0.5953125 0.01875 0.021875
0 0.12421875 0.68046875 0.0203125 0.0234375
0 0.065625 0.66953125 0.01875 0.01875
0 0.01328125 0.49140625 0.01875 0.0234375
0 0.2359375 0.5015625 0.0328125 0.025
0 0.11640625 0.54765625 0.0234375 0.01875
0 0.02734375 0.84609375 0.01875 0.0171875
0 0.1453125 0.578125 0.025 0.0203125
0 0.071875 0.6203125 0.025 0.0203125
0 0.28046875 0.52421875 0.01875 0.0203125
0 0.46796875 0.43671875 0.0171875 0.021875
0 0.4484375 0.4734375 0.0203125 0.0296875
0 0.42109375 0.65234375 0.0140625 0.0203125
0 0.4234375 0.58828125 0.0234375 0.01875
0 0.53203125 0.6109375 0.01875 0.0171875
0 0.45546875 0.64453125 0.0203125 0.01875
0 0.4734375 0.61640625 0.01875 0.01875
0 0.5984375 0.56875 0.0203125 0.0265625
0 0.44765625 0.690625 0.0234375 0.0296875
0 0.51015625 0.725 0.0328125 0.021875
0 0.575 0.6953125 0.015625 0.0171875
0 0.55234375 0.71953125 0.0203125 0.01875
0 0.60859375 0.671875 0.0296875 0.0328125
0 0.46328125 0.7734375 0.034375 0.028125
0 0.4890625 0.80703125 0.028125 0.0203125
0 0.51171875 0.80390625 0.025 0.025
0 0.546875 0.78359375 0.0203125 0.0171875
0 0.56171875 0.778125 0.015625 0.0140625
0 0.5734375 0.7734375 0.01875 0.01875
0 0.5890625 0.76171875 0.01875 0.0171875
0 0.628125 0.7328125 0.01875 0.01875
0 0.65703125 0.72421875 0.015625 0.015625
0 0.678125 0.7125 0.0265625 0.015625
0 0.45234375 0.8421875 0.021875 0.0203125
0 0.70703125 0.7140625 0.0234375 0.021875
0 0.7296875 0.68359375 0.015625 0.015625
0 0.76953125 0.66640625 0.0265625 0.0140625
0 0.8015625 0.6328125 0.01875 0.01875
0 0.83046875 0.6515625 0.0234375 0.0234375
0 0.796875 0.671875 0.0203125 0.0171875
0 0.8046875 0.69140625 0.021875 0.0171875
0 0.778125 0.69609375 0.025 0.0203125
0 0.7625 0.7125 0.0140625 0.0171875
0 0.74296875 0.74296875 0.015625 0.015625
0 0.67265625 0.796875 0.028125 0.0328125
0 0.60078125 0.8328125 0.0234375 0.0203125
0 0.5640625 0.83515625 0.025 0.025
0 0.58515625 0.89765625 0.025 0.025
0 0.609375 0.90234375 0.0265625 0.021875
0 0.64375 0.89921875 0.0375 0.0234375
0 0.60859375 0.9359375 0.025 0.0203125