0 0.1421875 0.0375 0.0171875 0.01640625
0 0.1671875 0.02421875 0.01015625 0.01328125
0 0.18515625 0.0265625 0.01640625 0.01484375
0 0.121875 0.0515625 0.0140625 0.01328125
0 0.0890625 0.08046875 0.01640625 0.01015625
0 0.0953125 0.096875 0.01484375 0.0109375
0 0.06796875 0.12109375 0.021875 0.009375
0 0.1546875 0.08828125 0.0125 0.0140625
0 0.21796875 0.0390625 0.0171875 0.01640625
0 0.25625 0.0328125 0.01171875 0.0140625
0 0.2671875 0.03203125 0.0109375 0.02265625
0 0.2984375 0.0390625 0.009375 0.009375
0 0.3296875 0.02890625 0.0203125 0.01328125
0 0.3609375 0.03125 0.0125 0.01171875
0 0.378125 0.03515625 0.015625 0.01328125
0 0.3578125 0.04375 0.01328125 0.01015625
0 0.25234375 0.01875 0.009375 0.0078125
0 0.06328125 0.084375 0.01875 0.015625
0 0.45390625 0.10625 0.009375 0.0109375
0 0.41171875 0.14453125 0.0125 0.01640625
0 0.43359375 0.13046875 0.01015625 0.0140625
0 0.38828125 0.14921875 0.01171875 0.01015625
0 0.36953125 0.16171875 0.01015625 0.00859375
0 0.390625 0.18671875 0.0125 0.00859375
0 0.4234375 0.17109375 0.009375 0.0125
0 0.4375 0.17109375 0.009375 0.01640625
0 0.44765625 0.165625 0.00859375 0.0125
0 0.4078125 0.1953125 0.0078125 0.01015625
0 0.39453125 0.2140625 0.01015625 0.015625
0 0.3671875 0.2078125 0.0140625 0.01875
0 0.3453125 0.221875 0.01953125 0.02109375
0 0.3234375 0.2375 0.01328125 0.028125
0 0.34765625 0.25078125 0.009375 0.0125
0 0.31484375 0.25703125 0.01875 0.0140625
0 0.29921875 0.2609375 0.009375 0.01640625
0 0.27421875 0.2453125 0.01328125 0.0109375
0 0.26171875 0.271875 0.01015625 0.03046875
0 0.2765625 0.26796875 0.009375 0.01015625
0 0.28515625 0.25546875 0.009375 0.0140625
0 0.24375 0.253125 0.009375 0.009375
0 0.2265625 0.29296875 0.0109375 0.0171875
0 0.19296875 0.28515625 0.009375 0.01015625
0 0.1953125 0.3046875 0.0078125 0.009375
0 0.19453125 0.3234375 0.01328125 0.01796875
0 0.20859375 0.3078125 0.00859375 0.0125
0 0.21875 0.328125 0.009375 0.0078125
0 0.17734375 0.3375 0.00703125 0.01875
0 0.165625 0.346875 0.009375 0.01328125
0 0.15546875 0.33984375 0.01015625 0.01484375
0 0.13125 0.35625 0.01328125 0.0171875
0 0.12890625 0.37578125 0.01171875 0.00859375
0 0.15703125 0.4 0.0109375 0.02265625
0 0.171875 0.3984375 0.01171875 0.01015625
0 0.103125 0.3984375 0.0140625 0.01796875
0 0.08515625 0.41953125 0.01484375 0.01171875
0 0.11875 0.4328125 0.01015625 0.015625
0 0.1140625 0.44921875 0.01875 0.01875
0 0.13203125 0.4296875 0.00859375 0.0140625
0 0.09609375 0.4578125 0.009375 0.01328125
0 0.06484375 0.44296875 0.01015625 0.00703125
0 0.0484375 0.45078125 0.015625 0.01875
0 0.05625 0.4921875 0.01328125 0.02265625
0 0.08046875 0.484375 0.01328125 0.01328125
0 0.03203125 0.50703125 0.021875 0.01875
0 0.0734375 0.5875 0.0234375 0.02578125
0 0.10234375 0.61328125 0.01015625 0.034375
0 0.1046875 0.54921875 0.01328125 0.01171875
0 0.1296875 0.58828125 0.01875 0.0234375
0 0.16015625 0.5375 0.0140625 0.02421875
0 0.14765625 0.51171875 0.01875 0.01484375
0 0.2015625 0.51875 0.0109375 0.01484375
0 0.18046875 0.4734375 0.02109375 0.0203125
0 0.221875 0.49375 0.01640625 0.0296875
0 0.23828125 0.4734375 0.0203125 0.02421875
0 0.19140625 0.440625 0.01328125 0.01796875
0 0.23984375 0.44609375 0.01484375 0.0140625
0 0.215625 0.4140625 0.0171875 0.0234375
0 0.2859375 0.4234375 0.01328125 0.021875
0 0.27578125 0.4390625 0.01875 0.0171875
0 0.25 0.3984375 0.01953125 0.01328125
0 0.321875 0.384375 0.015625 0.0265625
0 0.26875 0.38125 0.01015625 0.01328125
0 0.33828125 0.35078125 0.021875 0.0234375
0 0.3 0.3390625 0.01640625 0.01015625
0 0.36484375 0.33046875 0.02421875 0.0234375
0 0.38125 0.28515625 0.0171875 0.015625
0 0.40859375 0.265625 0.00859375 0.01328125
0 0.471875 0.26640625 0.01015625 0.0109375
0 0.475 0.28203125 0.01015625 0.009375
0 0.4015625 0.3421875 0.0078125 0.01640625
0 0.346875 0.41171875 0.021875 0.0171875
0 0.3796875 0.390625 0.01328125 0.021875
0 0.3234375 0.42421875 0.0078125 0.0078125
0 0.34609375 0.43984375 0.01484375 0.0140625
0 0.30703125 0.4640625 0.02421875 0.01328125
0 0.28984375 0.5109375 0.01796875 0.015625
0 0.309375 0.4859375 0.02265625 0.00625
0 0.26328125 0.53515625 0.01328125 0.021875
0 0.25546875 0.5 0.01796875 0.01171875
0 0.22890625 0.5234375 0.0140625 0.0125
0 0.2390625 0.5625 0.0265625 0.00859375
0 0.209375 0.55703125 0.015625 0.01875
0 0.18515625 0.5828125 0.02265625 0.03125
0 0.22578125 0.590625 0.01015625 0.01328125
0 0.19375 0.6078125 0.01328125 0.01328125
0 0.1765625 0.6359375 0.015625 0.0234375
0 0.2875 0.5765625 0.01640625 0.01875
0 0.3015625 0.565625 0.01484375 0.0125
0 0.3671875 0.54921875 0.02265625 0.0140625
0 0.34765625 0.565625 0.01171875 0.01171875
0 0.321875 0.6015625 0.01328125 0.0140625
0 0.30859375 0.61796875 0.0109375 0.0078125
0 0.3578125 0.5984375 0.01328125 0.009375
0 0.39140625 0.61171875 0.0140625 0.015625
0 0.421875 0.55234375 0.01171875 0.01640625
0 0.39453125 0.58046875 0.0109375 0.01015625
0 0.4609375 0.53203125 0.02421875 0.01328125
0 0.4375 0.5953125 0.015625 0.01171875
0 0.3828125 0.6421875 0.02265625 0.0203125
0 0.515625 0.596875 0.02265625 0.01875
0 0.59140625 0.621875 0.0140625 0.0140625
0 0.60625 0.64375 0.0109375 0.01484375
0 0.6125 0.68203125 0.01953125 0.025
0 0.6578125 0.7234375 0.01640625 0.02734375
0 0.65078125 0.63359375 0.0171875 0.01875
0 0.6578125 0.65390625 0.01796875 0.015625
0 0.68515625 0.67890625 0.01484375 0.01953125
0 0.7046875 0.7140625 0.01328125 0.021875
0 0.6109375 0.5953125 0.0171875 0.01640625
0 0.62109375 0.56953125 0.01015625 0.01328125
0 0.64921875 0.575 0.0140625 0.01328125
0 0.675 0.6 0.01640625 0.02109375
0 0.6890625 0.65 0.009375 0.015625
0 0.62578125 0.5328125 0.0171875 0.0171875
0 0.64609375 0.55390625 0.0203125 0.02109375
0 0.60625 0.4953125 0.01796875 0.015625
0 0.6265625 0.4921875 0.01328125 0.01640625
0 0.684375 0.5390625 0.01640625 0.0140625
0 0.68359375 0.56484375 0.0265625 0.025
0 0.76640625 0.60625 0.03203125 0.01875
0 0.72265625 0.621875 0.03046875 0.01640625
0 0.7640625 0.64453125 0.015625 0.025
0 0.82265625 0.65 0.03203125 0.028125
0 0.70078125 0.5140625 0.01328125 0.01640625
0 0.73359375 0.5359375 0.0234375 0.02109375
0 0.76484375 0.56328125 0.03203125 0.0265625
0 0.7328125 0.5625 0.01171875 0.01640625
0 0.8015625 0.5984375 0.01953125 0.0234375
0 0.8703125 0.6078125 0.0265625 0.02265625
0 0.7984375 0.55546875 0.0140625 0.01328125
0 0.75390625 0.528125 0.015625 0.01875
0 0.7328125 0.51015625 0.015625 0.0203125
0 0.6984375 0.48671875 0.03046875 0.0203125
0 0.70703125 0.46875 0.01875 0.015625
0 0.6890625 0.4546875 0.01484375 0.01328125
0 0.65078125 0.42890625 0.02421875 0.01640625
0 0.70390625 0.440625 0.01484375 0.01171875
0 0.76328125 0.50234375 0.01328125 0.0203125
0 0.79140625 0.52265625 0.0203125 0.0171875
0 0.81171875 0.5046875 0.0140625 0.01796875
0 0.77734375 0.48125 0.01328125 0.01953125
0 0.79765625 0.48125 0.01328125 0.0125
0 0.82890625 0.51640625 0.0125 0.01015625
0 0.7515625 0.46796875 0.0140625 0.01328125
0 0.803125 0.44140625 0.0171875 0.01640625
0 0.70625 0.41875 0.02109375 0.0140625
0 0.7203125 0.39140625 0.01640625 0.015625
0 0.67890625 0.3984375 0.01640625 0.015625
0 0.65703125 0.38359375 0.01640625 0.01796875
0 0.6359375 0.3734375 0.0140625 0.01640625
0 0.75078125 0.3875 0.01953125 0.01484375
0 0.79765625 0.39765625 0.02109375 0.01015625
0 0.83046875 0.43046875 0.0140625 0.0171875
0 0.87734375 0.453125 0.0296875 0.0171875
0 0.8203125 0.40703125 0.0078125 0.009375
0 0.625 0.275 0.01328125 0.01328125
0 0.7203125 0.3171875 0.02734375 0.02421875
0 0.77109375 0.3359375 0.021875 0.01640625
0 0.81484375 0.35390625 0.0140625 0.015625
0 0.8671875 0.375 0.01484375 0.0125
0 0.8921875 0.38984375 0.0140625 0.0234375
0 0.91171875 0.4015625 0.01328125 0.01875
0 0.95625 0.4453125 0.009375 0.01796875
0 0.98359375 0.46015625 0.01875 0.021875
0 0.8953125 0.33828125 0.01328125 0.01171875
0 0.921875 0.3546875 0.021875 0.0140625
0 0.8734375 0.3375 0.0140625 0.0078125
0 0.94921875 0.365625 0.01328125 0.00703125
0 0.9703125 0.3765625 0.0109375 0.01875
0 0.99296875 0.38671875 0.0109375 0.02109375
0 0.9453125 0.3765625 0.02265625 0.0140625
0 0.8234375 0.2796875 0.025 0.015625
0 0.8765625 0.30234375 0.03203125 0.0171875
0 0.78046875 0.26953125 0.01171875 0.0140625
0 0.6484375 0.24375 0.0125 0.01640625
0 0.66796875 0.23203125 0.01640625 0.01328125
0 0.70703125 0.265625 0.0140625 0.01015625
0 0.58984375 0.2046875 0.021875 0.01328125
0 0.6546875 0.1859375 0.00859375 0.0078125
0 0.72265625 0.12109375 0.01484375 0.01484375
0 0.6828125 0.10859375 0.021875 0.01328125
0 0.74296875 0.1484375 0.021875 0.01640625
0 0.83125 0.171875 0.01953125 0.015625
0 0.87734375 0.153125 0.0109375 0.0140625
0 0.840625 0.1890625 0.01015625 0.0125
0 0.70078125 0.03046875 0.01953125 0.01953125
0 0.8046875 0.0484375 0.01796875 0.009375
0 0.81953125 0.06328125 0.0046875 0.009375
0 0.7265625 0.03515625 0.01328125 0.02734375
0 0.66171875 0.0296875 0.0515625 0.0171875
0 0.765625 0.01171875 0.05234375 0.0203125
0 0.88828125 0.12265625 0.0125 0.01484375
0 0.5828125 0.021875 0.0203125 0.021875
0 0.515625 0.015625 0.0171875 0.0140625
0 0.54609375 0.0203125 0.0125 0.0109375