1 0.17109375 0.0671875 0.08125 0.05
1 0.28828125 0.21015625 0.065625 0.0453125
1 0.36328125 0.47734375 0.096875 0.034375
1 0.7125 0.27421875 0.078125 0.0296875
1 0.47109375 0.2703125 0.078125 0.05
0 0.08046875 0.1359375 0.04375 0.053125
0 0.1828125 0.32265625 0.05625 0.0703125
0 0.11171875 0.39296875 0.16875 0.059375
0 0.4109375 0.2140625 0.0875 0.0484375
0 0.11875 0.29921875 0.040625 0.0421875
0 0.29765625 0.265625 0.0390625 0.053125
0 0.48984375 0.3765625 0.0875 0.05625
0 0.234375 0.57578125 0.096875 0.053125
0 0.1453125 0.6390625 0.04375 0.0890625
0 0.37734375 0.57890625 0.0546875 0.059375
0 0.46328125 0.51796875 0.0328125 0.078125
0 0.53203125 0.46640625 0.0359375 0.0390625
0 0.60390625 0.3765625 0.0484375 0.0515625
0 0.615625 0.41953125 0.1015625 0.05
0 0.69296875 0.35625 0.0453125 0.040625
0 0.39453125 0.64609375 0.078125 0.1078125
0 0.31796875 0.71640625 0.0625 0.090625
0 0.475 0.71640625 0.0734375 0.0703125
0 0.41953125 0.77109375 0.0390625 0.05625
0 0.5875 0.64453125 0.053125 0.0859375
0 0.4734375 0.6640625 0.0609375 0.0609375
0 0.5734375 0.525 0.046875 0.040625
0 0.63046875 0.475 0.0765625 0.046875
0 0.73515625 0.471875 0.0546875 0.0546875
0 0.7796875 0.39609375 0.040625 0.0453125
0 0.78515625 0.26796875 0.1390625 0.0609375