0 0.2171875 0.44375 0.034375 0.034375
0 0.1171875 0.1703125 0.028125 0.034375
0 0.09921875 0.18515625 0.0265625 0.01875
0 0.071875 0.2078125 0.0265625 0.0234375
0 0.0453125 0.2296875 0.0234375 0.028125
0 0.225 0.09609375 0.028125 0.0296875
0 0.246875 0.0859375 0.028125 0.025
0 0.1890625 0.015625 0.0234375 0.025
0 0.0921875 0.1234375 0.01875 0.015625
0 0.0921875 0.1515625 0.01875 0.01875
0 0.121875 0.14375 0.0125 0.0140625
0 0.18203125 0.1296875 0.0203125 0.015625
0 0.26875 0.0703125 0.01875 0.021875
0 0.27890625 0.05859375 0.0171875 0.01875
0 0.29296875 0.053125 0.0171875 0.0140625
0 0.31484375 0.02421875 0.0203125 0.0171875
0 0.1640625 0.2625 0.025 0.0171875
0 0.1859375 0.2359375 0.025 0.021875
0 0.196875 0.20078125 0.0171875 0.0125
0 0.2578125 0.17421875 0.021875 0.0171875
0 0.2921875 0.1421875 0.0265625 0.01875
0 0.31015625 0.12109375 0.025 0.0203125
0 0.3171875 0.11015625 0.01875 0.01875
0 0.33671875 0.1046875 0.0171875 0.0125
0 0.365625 0.06953125 0.0234375 0.015625
0 0.39765625 0.0515625 0.015625 0.0125
0 0.421875 0.03125 0.021875 0.0171875
0 0.434375 0.0234375 0.0171875 0.015625
0 0.00390625 0.5375 0.0078125 0.0125
0 0.00390625 0.5171875 0.0078125 0.015625
0 0.03203125 0.51484375 0.015625 0.0171875
0 0.01953125 0.49609375 0.0109375 0.0078125
0 0.04140625 0.4875 0.0109375 0.0140625
0 0.0421875 0.4703125 0.0171875 0.015625
0 0.07109375 0.44921875 0.015625 0.01875
0 0.0921875 0.45234375 0.0140625 0.0125
0 0.10625 0.43828125 0.0203125 0.015625
0 0.115625 0.41875 0.015625 0.015625
0 0.1484375 0.4 0.0296875 0.0203125
0 0.14921875 0.3828125 0.021875 0.021875
0 0.16484375 0.3890625 0.0203125 0.015625
0 0.18203125 0.37265625 0.025 0.0171875
0 0.20625 0.3234375 0.0171875 0.021875
0 0.23203125 0.3015625 0.015625 0.0125
0 0.26953125 0.2984375 0.0171875 0.0171875
0 0.29453125 0.27578125 0.0265625 0.0203125
0 0.2859375 0.25703125 0.01875 0.0203125
0 0.31875 0.25546875 0.0203125 0.0171875
0 0.42421875 0.15234375 0.0203125 0.021875
0 0.00390625 0.89140625 0.0078125 0.0171875
0 0.02734375 0.821875 0.021875 0.0171875
0 0.03046875 0.7859375 0.025 0.0203125
0 0.06328125 0.7796875 0.025 0.034375
0 0.0703125 0.740625 0.0203125 0.015625
0 0.09296875 0.7234375 0.015625 0.0171875
0 0.12265625 0.7484375 0.01875 0.01875
0 0.14765625 0.68515625 0.0265625 0.0203125
0 0.11328125 0.621875 0.0171875 0.0140625
0 0.16015625 0.45390625 0.0296875 0.021875
0 0.2453125 0.378125 0.0234375 0.0328125
0 0.29453125 0.3390625 0.0171875 0.01875
0 0.34453125 0.3109375 0.01875 0.0140625
0 0.3109375 0.33984375 0.0265625 0.0359375
0 0.44609375 0.21953125 0.0234375 0.0234375
0 0.3828125 0.31953125 0.0171875 0.0140625
0 0.35625 0.353125 0.021875 0.0234375
0 0.38203125 0.3765625 0.025 0.01875
0 0.42109375 0.28359375 0.0171875 0.0265625
0 0.4046875 0.26171875 0.021875 0.0265625
0 0.45625 0.24921875 0.0375 0.0203125
0 0.55078125 0.12890625 0.015625 0.0125
0 0.509375 0.07265625 0.0296875 0.0203125
0 0.590625 0.109375 0.025 0.025
0 0.48125 0.19765625 0.015625 0.01875
0 0.3484375 0.4140625 0.0265625 0.015625
0 0.30234375 0.58046875 0.04375 0.021875
0 0.31328125 0.584375 0.0171875 0.04375
0 0.37890625 0.515625 0.01875 0.0203125
0 0.2125 0.7859375 0.0171875 0.0140625
0 0.35703125 0.63984375 0.015625 0.015625
0 0.3265625 0.68671875 0.0140625 0.0140625
0 0.42109375 0.55234375 0.015625 0.015625
0 0.4359375 0.53046875 0.0203125 0.0171875
0 0.240625 0.534375 0.028125 0.025
0 0.2109375 0.834375 0.0375 0.0234375
0 0.35703125 0.72421875 0.03125 0.0296875
0 0.5875 0.24453125 0.025 0.0234375
0 0.61875 0.26171875 0.0203125 0.0171875
0 0.40703125 0.71953125 0.0234375 0.028125
0 0.4078125 0.79609375 0.021875 0.0234375
0 0.51875 0.609375 0.025 0.0265625
0 0.5078125 0.49375 0.0234375 0.025
0 0.48828125 0.71875 0.0203125 0.01875
0 0.49765625 0.70078125 0.0125 0.0140625
0 0.43828125 0.821875 0.0265625 0.0203125
0 0.54921875 0.43671875 0.0234375 0.028125
0 0.5859375 0.375 0.03125 0.028125
0 0.6375 0.5265625 0.025 0.028125
0 0.709375 0.53828125 0.0390625 0.0296875
0 0.6578125 0.48046875 0.0234375 0.021875
0 0.64453125 0.565625 0.0234375 0.03125
0 0.73359375 0.4796875 0.0203125 0.0234375
0 0.88984375 0.49375 0.021875 0.028125
0 0.875 0.51796875 0.021875 0.0203125
0 0.77421875 0.36875 0.0296875 0.025
0 0.73515625 0.34921875 0.0171875 0.0234375
0 0.9015625 0.31796875 0.03125 0.0375
0 0.9859375 0.41328125 0.021875 0.025
0 0.9765625 0.303125 0.0421875 0.0390625
0 0.71171875 0.43515625 0.021875 0.01875
0 0.8984375 0.409375 0.0296875 0.0265625
0 0.76953125 0.27265625 0.0171875 0.0234375
0 0.7640625 0.56015625 0.0234375 0.021875
0 0.8234375 0.52421875 0.021875 0.021875
0 0.96796875 0.17890625 0.028125 0.028125