0 0.16015625 0.13125 0.04609375 0.02578125
0 0.053125 0.1421875 0.02578125 0.0203125
0 0.29921875 0.15 0.0390625 0.028125
0 0.12890625 0.31015625 0.0375 0.02265625
0 0.01875 0.2421875 0.02734375 0.02421875
0 0.17734375 0.4015625 0.03203125 0.0265625
0 0.39921875 0.21796875 0.021875 0.0125
0 0.51640625 0.20078125 0.01875 0.0203125
0 0.41953125 0.346875 0.02578125 0.0265625
0 0.346875 0.40234375 0.021875 0.021875
0 0.49375 0.32109375 0.0203125 0.01640625
0 0.4875 0.36171875 0.02890625 0.0203125
0 0.0796875 0.51171875 0.02734375 0.01796875
0 0.06015625 0.546875 0.021875 0.01875
0 0.04140625 0.6171875 0.0359375 0.02578125
0 0.275 0.559375 0.0203125 0.01640625
0 0.31015625 0.58125 0.0234375 0.01171875
0 0.28828125 0.66796875 0.03046875 0.015625
0 0.0875 0.690625 0.01875 0.01640625
0 0.1390625 0.65546875 0.0203125 0.015625
0 0.3171875 0.77265625 0.0234375 0.02421875
0 0.02578125 0.82890625 0.02734375 0.021875
0 0.1109375 0.93515625 0.03203125 0.028125
0 0.0796875 0.984375 0.0203125 0.0140625
0 0.30703125 0.81796875 0.0234375 0.02265625
0 0.02578125 0.96640625 0.0140625 0.01015625
0 0.040625 0.9359375 0.01328125 0.009375
0 0.025 0.98828125 0.0171875 0.0109375
0 0.05234375 0.90859375 0.01875 0.0171875
0 0.5796875 0.7671875 0.01953125 0.0203125
0 0.63984375 0.9 0.01484375 0.0203125
0 0.4734375 0.715625 0.01796875 0.028125
0 0.4953125 0.7515625 0.01484375 0.01015625
0 0.54453125 0.70703125 0.0140625 0.0140625
0 0.66953125 0.80390625 0.0171875 0.02109375
0 0.684375 0.790625 0.01953125 0.0203125
0 0.78828125 0.92265625 0.01875 0.02421875
0 0.79375 0.9515625 0.02109375 0.015625
0 0.83515625 0.98671875 0.0359375 0.02578125
0 0.80078125 0.8265625 0.01953125 0.0171875
0 0.87421875 0.88125 0.01171875 0.01484375
0 0.9078125 0.8890625 0.01328125 0.01015625
0 0.7984375 0.78359375 0.0171875 0.02578125
0 0.71875 0.73515625 0.02265625 0.02109375
0 0.78203125 0.753125 0.0140625 0.01171875
0 0.90703125 0.7984375 0.02421875 0.0234375
0 0.78671875 0.70859375 0.02265625 0.025
0 0.715625 0.67265625 0.021875 0.02109375
0 0.634375 0.590625 0.01484375 0.01640625
0 0.753125 0.61640625 0.0171875 0.02265625
0 0.9125 0.6640625 0.0171875 0.02578125
0 0.9640625 0.71171875 0.02421875 0.021875
0 0.88125 0.71953125 0.01171875 0.01484375
0 0.6765625 0.47109375 0.021875 0.02421875
0 0.7109375 0.4703125 0.021875 0.0203125
0 0.72890625 0.5078125 0.0171875 0.01796875
0 0.62109375 0.40078125 0.01171875 0.01015625
0 0.62265625 0.365625 0.01484375 0.01328125
0 0.6890625 0.3140625 0.01796875 0.015625
0 0.67578125 0.28515625 0.015625 0.0171875
0 0.7328125 0.22578125 0.02109375 0.0109375
0 0.884375 0.371875 0.0171875 0.0109375
0 0.72265625 0.18203125 0.02421875 0.0140625
0 0.6265625 0.1625 0.01328125 0.0140625
0 0.70234375 0.16328125 0.021875 0.009375
0 0.7765625 0.1796875 0.02109375 0.0125
0 0.82109375 0.14296875 0.021875 0.0171875
0 0.89375 0.2203125 0.03359375 0.0171875
0 0.703125 0.103125 0.0171875 0.0140625
0 0.6328125 0.05703125 0.0484375 0.0203125
0 0.96015625 0.00859375 0.02421875 0.01328125