0 0.1296875 0.3078125 0.02109375 0.015625
0 0.0390625 0.38984375 0.0296875 0.021875
0 0.21484375 0.54921875 0.01640625 0.0234375
0 0.5625 0.55234375 0.03125 0.01796875
0 0.5921875 0.3296875 0.0296875 0.0234375
0 0.6671875 0.33984375 0.02578125 0.015625
0 0.52890625 0.04140625 0.0328125 0.01796875
0 0.31484375 0.0234375 0.01796875 0.0140625
0 0.840625 0.03984375 0.02109375 0.0140625
0 0.790625 0.68359375 0.01953125 0.01484375
0 0.7421875 0.7453125 0.01953125 0.0125
0 0.87890625 0.7546875 0.02265625 0.021875
0 0.41796875 0.78203125 0.02265625 0.0171875