0 0.50234375 0.378125 0.0890625 0.0625
0 0.234375 0.559375 0.0890625 0.096875
0 0.340625 0.6875 0.0390625 0.03125
0 0.46171875 0.6609375 0.0265625 0.0375
0 0.42109375 0.615625 0.0328125 0.0484375
0 0.36328125 0.5796875 0.0328125 0.0546875
0 0.5796875 0.6609375 0.025 0.053125
0 0.50703125 0.62890625 0.0375 0.0515625
0 0.45390625 0.7109375 0.065625 0.0515625
0 0.4125 0.55390625 0.0359375 0.046875
0 0.47578125 0.50703125 0.0296875 0.0375
0 0.53203125 0.4640625 0.028125 0.028125
0 0.5640625 0.43984375 0.0171875 0.021875
0 0.61015625 0.3875 0.0421875 0.0484375
0 0.69296875 0.36875 0.0359375 0.0375
0 0.61640625 0.48046875 0.0390625 0.0375
0 0.57265625 0.52734375 0.028125 0.0328125
0 0.61640625 0.54453125 0.03125 0.0375
0 0.6875 0.4734375 0.025 0.0265625
0 0.7453125 0.48984375 0.0265625 0.0265625
0 0.70546875 0.5015625 0.0296875 0.0265625
0 0.70625 0.409375 0.0328125 0.0328125
0 0.77890625 0.40703125 0.028125 0.034375
0 0.734375 0.3921875 0.021875 0.025
0 0.72265625 0.34921875 0.0296875 0.0265625
0 0.66796875 0.4265625 0.021875 0.0328125
0 0.68984375 0.553125 0.021875 0.03125
0 0.63125 0.60234375 0.021875 0.034375
0 0.6203125 0.6375 0.0265625 0.040625
0 0.603125 0.7015625 0.028125 0.0265625
0 0.5171875 0.7453125 0.0328125 0.0203125
0 0.5390625 0.7625 0.01875 0.0234375
0 0.36015625 0.51328125 0.0234375 0.021875
0 0.328125 0.4234375 0.0234375 0.04375
0 0.353125 0.421875 0.015625 0.028125
0 0.38828125 0.4265625 0.0234375 0.025
0 0.425 0.359375 0.0203125 0.0328125
0 0.4546875 0.34375 0.025 0.021875
0 0.30625 0.25625 0.028125 0.04375
0 0.19140625 0.31640625 0.0421875 0.0421875
0 0.165625 0.35625 0.0328125 0.05
0 0.07734375 0.38984375 0.028125 0.04375
0 0.0984375 0.44453125 0.0234375 0.015625
0 0.13125 0.29609375 0.0328125 0.01875
0 0.25234375 0.36484375 0.0203125 0.0234375
0 0.40625 0.21875 0.025 0.0203125
0 0.434375 0.19609375 0.0375 0.028125
0 0.09296875 0.12421875 0.0296875 0.0328125
0 0.1890625 0.01640625 0.0359375 0.0171875
0 0.18046875 0.7203125 0.040625 0.0515625
0 0.309375 0.7171875 0.0328125 0.0359375
1 0.41171875 0.478125 0.0359375 0.05625
1 0.303125 0.59765625 0.0265625 0.0484375
1 0.496875 0.25625 0.0375 0.0609375
1 0.14921875 0.0875 0.0453125 0.06875