0 0.46171875 0.05546875 0.028125 0.0453125
0 0.55859375 0.0390625 0.028125 0.0453125
0 0.5203125 0.0296875 0.028125 0.0328125
0 0.73828125 0.1359375 0.025 0.0484375
0 0.72578125 0.19921875 0.0296875 0.0640625
0 0.55390625 0.28046875 0.0484375 0.0578125
0 0.54453125 0.340625 0.0390625 0.0671875
0 0.7703125 0.2828125 0.0625 0.0703125
0 0.90390625 0.121875 0.040625 0.0609375
0 0.9390625 0.18125 0.046875 0.034375
0 0.3578125 0.41015625 0.0265625 0.05
0 0.38671875 0.41484375 0.021875 0.0296875
0 0.2875 0.4234375 0.0203125 0.0359375
0 0.29609375 0.484375 0.0375 0.046875
0 0.24140625 0.54296875 0.04375 0.05625
0 0.2328125 0.6328125 0.0453125 0.053125
0 0.33515625 0.67265625 0.06875 0.053125
0 0.3640625 0.5140625 0.0484375 0.0375
0 0.40234375 0.50234375 0.0515625 0.0484375
0 0.6640625 0.421875 0.0625 0.05625
0 0.65 0.46484375 0.075 0.0375
0 0.6578125 0.5515625 0.05625 0.0484375
0 0.70703125 0.38828125 0.028125 0.0390625
0 0.9125 0.303125 0.0671875 0.0578125
0 0.9078125 0.4453125 0.0578125 0.0359375
0 0.91796875 0.22578125 0.04375 0.0484375
0 0.9703125 0.13046875 0.059375 0.0515625
1 0.8 0.10390625 0.0265625 0.0578125
1 0.66171875 0.275 0.0140625 0.03125
1 0.8359375 0.3875 0.028125 0.053125
1 0.79921875 0.4859375 0.0328125 0.0546875
1 0.67421875 0.809375 0.0328125 0.0609375