0 0.47890625 0.4125 0.0171875 0.01953125
0 0.58984375 0.5796875 0.04140625 0.0484375
0 0.56171875 0.5046875 0.01953125 0.01953125
0 0.78828125 0.596875 0.0140625 0.01328125
0 0.5828125 0.325 0.028125 0.03046875
0 0.55625 0.28828125 0.0109375 0.01328125
0 0.159375 0.4265625 0.02265625 0.0171875
0 0.3390625 0.365625 0.021875 0.03125
0 0.36953125 0.4734375 0.01640625 0.01953125
0 0.18515625 0.04140625 0.0234375 0.04296875
0 0.24296875 0.17578125 0.05078125 0.05703125
0 0.25625 0.2640625 0.021875 0.01875
0 0.153125 0.2921875 0.0234375 0.02578125
0 0.1125 0.2296875 0.025 0.03203125
0 0.4296875 0.5921875 0.02109375 0.01875
0 0.4109375 0.5515625 0.0234375 0.0171875
0 0.53671875 0.4 0.0171875 0.01875
0 0.615625 0.3578125 0.02109375 0.01953125
0 0.7078125 0.4875 0.0359375 0.02734375
0 0.5296875 0.44765625 0.01875 0.0171875
0 0.48984375 0.3515625 0.04453125 0.03125
0 0.43046875 0.2890625 0.04453125 0.03359375
0 0.296875 0.05 0.04453125 0.0359375
0 0.2984375 0.11484375 0.0359375 0.03984375
0 0.278125 0.290625 0.0171875 0.0171875