1 0.353125 0.15078125 0.0296875 0.0453125
1 0.775 0.28515625 0.0328125 0.0546875
1 0.146875 0.328125 0.0328125 0.071875
1 0.98125 0.5515625 0.0375 0.071875
1 0.06015625 0.646875 0.0390625 0.0703125
1 0.9 0.81875 0.0578125 0.0796875
0 0.0578125 0.55 0.0859375 0.04375
0 0.3390625 0.584375 0.046875 0.03125
0 0.5640625 0.61484375 0.109375 0.0640625
0 0.38515625 0.4890625 0.0859375 0.05
0 0.7109375 0.4828125 0.05 0.03125
0 0.8390625 0.8796875 0.034375 0.0234375
0 0.15546875 0.2328125 0.05625 0.0328125
0 0.71953125 0.95078125 0.1296875 0.040625
0 0.60546875 0.09375 0.0234375 0.03125