1 0.2609375 0.2078125 0.0328125 0.04375
1 0.59375 0.253125 0.03125 0.0390625
1 0.7984375 0.296875 0.0296875 0.040625
1 0.67421875 0.2234375 0.0296875 0.028125
1 0.34296875 0.128125 0.0265625 0.0421875
1 0.1875 0.1140625 0.0265625 0.025
1 0.24375 0.36875 0.021875 0.03125
1 0.33046875 0.41328125 0.0359375 0.040625
0 0.43984375 0.2140625 0.0328125 0.01875
0 0.353125 0.3109375 0.0140625 0.0140625
0 0.5546875 0.378125 0.0625 0.0390625
0 0.92421875 0.40625 0.01875 0.015625
0 0.9234375 0.4984375 0.0171875 0.015625
0 0.94921875 0.553125 0.0546875 0.046875
0 0.06875 0.303125 0.0625 0.0421875
0 0.55390625 0.4578125 0.0390625 0.0265625
0 0.434375 0.46015625 0.046875 0.0234375
0 0.5984375 0.51328125 0.0484375 0.028125
0 0.3953125 0.52265625 0.040625 0.028125
0 0.44140625 0.51796875 0.0171875 0.0125
0 0.4875 0.51328125 0.015625 0.0109375
0 0.3625 0.53125 0.021875 0.01875
0 0.46015625 0.54375 0.01875 0.015625
0 0.484375 0.54140625 0.0203125 0.015625
0 0.634375 0.55703125 0.0421875 0.0265625
0 0.75625 0.5453125 0.0140625 0.0140625
0 0.83203125 0.57265625 0.0984375 0.0359375
0 0.71484375 0.63984375 0.034375 0.021875
0 0.74453125 0.63515625 0.0296875 0.015625
0 0.93984375 0.72734375 0.0375 0.0203125
0 0.9609375 0.64765625 0.0328125 0.01875
0 0.25859375 0.475 0.01875 0.0140625
0 0.20859375 0.86875 0.0140625 0.0140625