0 0.08046875 0.484375 0.021875 0.0125
0 0.08046875 0.53515625 0.0078125 0.0109375
0 0.06328125 0.55390625 0.0125 0.0109375
0 0.12109375 0.50390625 0.0125 0.009375
0 0.10703125 0.45234375 0.0140625 0.0140625
0 0.11171875 0.44140625 0.0078125 0.009375
0 0.11796875 0.43046875 0.00625 0.0078125
0 0.1234375 0.425 0.0078125 0.009375
0 0.12890625 0.41640625 0.00625 0.00625
0 0.1328125 0.4125 0.00625 0.00625
0 0.14140625 0.40546875 0.0125 0.0078125
0 0.1421875 0.39765625 0.0046875 0.0046875
0 0.14921875 0.39296875 0.009375 0.0078125
0 0.1625 0.38046875 0.009375 0.0078125
0 0.2296875 0.41875 0.0078125 0.0078125
0 0.26328125 0.453125 0.0078125 0.009375
0 0.253125 0.409375 0.00625 0.00625
0 0.2296875 0.39296875 0.0046875 0.0046875
0 0.2515625 0.3828125 0.0046875 0.0046875
0 0.2796875 0.5484375 0.0078125 0.0125
0 0.2671875 0.6015625 0.00625 0.0078125
0 0.2359375 0.54375 0.0078125 0.009375
0 0.2375 0.559375 0.0078125 0.0125
0 0.2671875 0.64765625 0.0046875 0.00625
0 0.32734375 0.68046875 0.0078125 0.0125
0 0.35390625 0.76953125 0.0125 0.0140625
0 0.3265625 0.78671875 0.00625 0.0109375
0 0.41328125 0.95078125 0.0078125 0.0078125
0 0.4078125 0.98359375 0.0078125 0.0109375
0 0.5265625 0.95234375 0.00625 0.009375
0 0.31875 0.49609375 0.0125 0.015625
0 0.36171875 0.61953125 0.0140625 0.01875
0 0.35078125 0.60625 0.0046875 0.0046875
0 0.3703125 0.53828125 0.0046875 0.0078125
0 0.38515625 0.5140625 0.009375 0.0109375
0 0.4078125 0.48359375 0.0078125 0.0078125
0 0.37109375 0.4140625 0.0078125 0.0078125
0 0.38984375 0.44296875 0.00625 0.00625
0 0.40703125 0.4703125 0.003125 0.0046875
0 0.43671875 0.52265625 0.00625 0.0078125
0 0.428125 0.5890625 0.0046875 0.00625
0 0.46875 0.60625 0.0078125 0.0109375
0 0.4578125 0.6375 0.0078125 0.0109375
0 0.4921875 0.6359375 0.0078125 0.009375
0 0.54375 0.74140625 0.015625 0.0171875
0 0.5375 0.7875 0.0125 0.0125
0 0.5625 0.8390625 0.0140625 0.01875
0 0.5921875 0.88984375 0.00625 0.009375
0 0.64609375 0.91484375 0.0078125 0.015625
0 0.621875 0.76484375 0.0109375 0.015625
0 0.5703125 0.67890625 0.015625 0.0171875
0 0.60078125 0.67578125 0.0125 0.015625
0 0.54609375 0.65078125 0.0109375 0.0125
0 0.56796875 0.62734375 0.0078125 0.009375
0 0.51796875 0.5921875 0.0046875 0.00625
0 0.54765625 0.54296875 0.009375 0.0109375
0 0.45 0.50234375 0.0046875 0.00625
0 0.4046875 0.41015625 0.009375 0.009375
0 0.41796875 0.346875 0.003125 0.00625
0 0.47890625 0.44296875 0.0046875 0.0046875
0 0.60625 0.44765625 0.00625 0.009375
0 0.6703125 0.471875 0.003125 0.003125
0 0.6984375 0.50546875 0.00625 0.00625
0 0.72734375 0.6125 0.0140625 0.01875
0 0.70703125 0.66171875 0.00625 0.0078125
0 0.7203125 0.6875 0.009375 0.00625
0 0.76328125 0.69140625 0.0125 0.0125
0 0.80703125 0.70859375 0.0078125 0.0109375
0 0.81171875 0.83828125 0.0125 0.0171875
0 0.796875 0.8703125 0.0140625 0.01875
0 0.665625 0.703125 0.009375 0.009375
0 0.62890625 0.6546875 0.0125 0.01875
0 0.66796875 0.66640625 0.0078125 0.0125
0 0.86953125 0.7078125 0.0140625 0.015625
0 0.978125 0.71953125 0.0078125 0.009375
0 0.94375 0.59609375 0.00625 0.009375
0 0.9390625 0.58984375 0.0046875 0.0046875
0 0.8765625 0.56875 0.015625 0.015625
0 0.859375 0.58046875 0.0078125 0.009375
0 0.81328125 0.5 0.0140625 0.0125
0 0.75390625 0.4171875 0.0078125 0.0125
0 0.76171875 0.45546875 0.0078125 0.0109375
0 0.72578125 0.39375 0.0078125 0.0109375
0 0.96640625 0.4703125 0.0125 0.0125
0 0.9796875 0.44765625 0.009375 0.0078125
0 0.9671875 0.56796875 0.009375 0.009375
0 0.99609375 0.58984375 0.0078125 0.0109375
0 0.97578125 0.65390625 0.00625 0.0078125
1 0.63515625 0.53984375 0.028125 0.034375
1 0.5453125 0.446875 0.0265625 0.01875
1 0.403125 0.646875 0.0265625 0.028125
1 0.49921875 0.68984375 0.0328125 0.0421875