0 0.1046875 0.49140625 0.0640625 0.0640625
0 0.30234375 0.5484375 0.0390625 0.04375
0 0.47890625 0.58046875 0.13125 0.078125
0 0.66796875 0.54765625 0.1078125 0.1
0 0.64140625 0.46796875 0.0515625 0.053125
0 0.17890625 0.06171875 0.140625 0.1046875
0 0.32578125 0.13515625 0.0640625 0.065625
0 0.37578125 0.11328125 0.0484375 0.053125
0 0.41640625 0.1109375 0.0421875 0.059375
0 0.515625 0.0328125 0.08125 0.065625
0 0.65546875 0.1828125 0.0453125 0.05
0 0.7484375 0.1984375 0.059375 0.0546875
0 0.17734375 0.50234375 0.0453125 0.046875
0 0.05 0.61484375 0.090625 0.1
0 0.00546875 0.6296875 0.0109375 0.053125
0 0.12421875 0.64296875 0.0609375 0.0390625
0 0.3203125 0.6125 0.078125 0.0703125
0 0.1140625 0.89375 0.0453125 0.0515625
0 0.1765625 0.875 0.0296875 0.0359375
0 0.26953125 0.89296875 0.0796875 0.06875
0 0.48125 0.95703125 0.0734375 0.05
0 0.69375 0.753125 0.0578125 0.0625
0 0.753125 0.87421875 0.059375 0.0671875
0 0.7703125 0.9609375 0.125 0.078125
0 0.78828125 0.515625 0.040625 0.0515625
0 0.74140625 0.4171875 0.05625 0.025
0 0.8140625 0.43203125 0.0515625 0.053125
0 0.8421875 0.5046875 0.059375 0.0578125
0 0.88828125 0.41328125 0.0734375 0.05
0 0.90859375 0.496875 0.0640625 0.0640625
0 0.84609375 0.56484375 0.0625 0.0546875
0 0.990625 0.45859375 0.01875 0.0609375
0 0.8234375 0.2125 0.0375 0.053125
0 0.8703125 0.22265625 0.0328125 0.0390625
0 0.8265625 0.10234375 0.053125 0.0515625
1 0.6875 0.090625 0.0515625 0.0421875
1 0.5296875 0.15546875 0.05 0.05
1 0.33046875 0.809375 0.0703125 0.0875
1 0.8125 0.73515625 0.071875 0.0953125
1 0.5703125 0.7828125 0.0796875 0.115625
1 0.65 0.98828125 0.084375 0.0234375