0 0.04765625 0.3140625 0.03125 0.0421875
0 0.025 0.3609375 0.01875 0.0390625
0 0.01484375 0.475 0.0296875 0.05625
0 0.1 0.53046875 0.0453125 0.06875
0 0.04140625 0.60078125 0.0328125 0.0484375
0 0.05078125 0.6609375 0.0359375 0.0453125
0 0.0484375 0.7421875 0.046875 0.0546875
0 0.03046875 0.8875 0.0390625 0.040625
0 0.07109375 0.87734375 0.0203125 0.0234375
0 0.1203125 0.87890625 0.0453125 0.046875
0 0.17109375 0.88984375 0.0390625 0.04375
0 0.278125 0.58046875 0.0453125 0.05625
0 0.13671875 0.02578125 0.0296875 0.03125