0 0.2859375 0.3640625 0.0296875 0.025
0 0.23203125 0.365625 0.0203125 0.01875
0 0.16953125 0.3484375 0.0203125 0.015625
0 0.14921875 0.35703125 0.0109375 0.0203125
0 0.12109375 0.31015625 0.0140625 0.01875
0 0.10703125 0.34453125 0.01875 0.0125
0 0.1625 0.2953125 0.0140625 0.01875
0 0.17734375 0.31328125 0.015625 0.015625
0 0.19453125 0.44453125 0.0140625 0.01875
0 0.24375 0.4203125 0.0140625 0.0125
0 0.28828125 0.396875 0.0296875 0.0234375
0 0.2390625 0.26953125 0.0140625 0.0171875
0 0.18515625 0.24375 0.0109375 0.009375
0 0.1578125 0.2296875 0.0125 0.0171875
0 0.2109375 0.21328125 0.015625 0.015625
0 0.23359375 0.2296875 0.0109375 0.0171875
0 0.25859375 0.25703125 0.0125 0.01875
0 0.2890625 0.2703125 0.0109375 0.01875
0 0.31171875 0.2875 0.009375 0.0171875
0 0.27109375 0.2890625 0.0140625 0.0140625
0 0.3171875 0.3125 0.0125 0.01875
0 0.3484375 0.3140625 0.015625 0.01875
0 0.2609375 0.45078125 0.0171875 0.01875
0 0.10625 0.3984375 0.01875 0.01875
0 0.071875 0.3296875 0.01875 0.015625
0 0.059375 0.29609375 0.0171875 0.01875
0 0.01640625 0.2765625 0.021875 0.025
0 0.01328125 0.315625 0.0140625 0.01875
0 0.00703125 0.39453125 0.0109375 0.01875
0 0.05703125 0.41484375 0.0234375 0.01875
0 0.02734375 0.478125 0.021875 0.0390625
0 0.02265625 0.52734375 0.0171875 0.021875
0 0.07109375 0.53125 0.0234375 0.021875
0 0.128125 0.49609375 0.01875 0.01875
0 0.0625 0.57890625 0.021875 0.01875
0 0.0140625 0.60078125 0.009375 0.0125
0 0.003125 0.63515625 0.00625 0.0296875
0 0.0046875 0.6703125 0.009375 0.028125
0 0.02265625 0.64765625 0.015625 0.021875
0 0.03359375 0.62890625 0.01875 0.0234375
0 0.13125 0.66328125 0.0171875 0.028125
0 0.12109375 0.69921875 0.0265625 0.0171875
0 0.06796875 0.73046875 0.0140625 0.0171875
0 0.003125 0.7859375 0.00625 0.01875
0 0.0046875 0.82109375 0.009375 0.0359375
0 0.025 0.8296875 0.0125 0.0203125
0 0.078125 0.74765625 0.0125 0.0171875
0 0.1 0.7640625 0.0140625 0.01875
0 0.0921875 0.7875 0.009375 0.0234375
0 0.04921875 0.8078125 0.015625 0.01875
0 0.1421875 0.73671875 0.0109375 0.01875
0 0.14765625 0.778125 0.0125 0.0296875
0 0.2265625 0.7234375 0.0109375 0.0203125
0 0.12421875 0.559375 0.009375 0.015625
0 0.13828125 0.5765625 0.0125 0.0171875
0 0.1875 0.54921875 0.0109375 0.015625
0 0.2328125 0.5328125 0.0140625 0.01875
0 0.25 0.525 0.0125 0.01875
0 0.06640625 0.9296875 0.0171875 0.0328125
0 0.05234375 0.96953125 0.0265625 0.034375
0 0.084375 0.928125 0.0078125 0.0203125
0 0.10078125 0.90703125 0.0140625 0.025
0 0.1140625 0.8796875 0.0125 0.0328125
0 0.0828125 0.9734375 0.0109375 0.0234375
0 0.25234375 0.9046875 0.0109375 0.0171875
0 0.25625 0.94921875 0.0109375 0.0234375
0 0.30859375 0.834375 0.0109375 0.0140625
0 0.26796875 0.7046875 0.0125 0.034375
0 0.234375 0.75078125 0.0234375 0.01875
0 0.26875 0.77578125 0.0125 0.015625
0 0.309375 0.7359375 0.0203125 0.01875
0 0.3265625 0.640625 0.0171875 0.01875
0 0.33125 0.6078125 0.0125 0.0171875
0 0.3828125 0.5765625 0.0140625 0.0203125
0 0.3953125 0.60625 0.01875 0.0265625
0 0.353125 0.67734375 0.0140625 0.01875
0 0.36875 0.66796875 0.015625 0.01875
0 0.36328125 0.70078125 0.0140625 0.0203125
0 0.39140625 0.6859375 0.0171875 0.0171875
0 0.3328125 0.80234375 0.0203125 0.01875
0 0.3609375 0.81015625 0.0140625 0.0203125
0 0.421875 0.7328125 0.025 0.0421875
0 0.36640625 0.834375 0.0171875 0.0203125
0 0.33671875 0.87109375 0.0171875 0.021875
0 0.38125 0.7765625 0.01875 0.0171875
0 0.45 0.58828125 0.0140625 0.0140625
0 0.48671875 0.59453125 0.015625 0.0140625
0 0.496875 0.5796875 0.0171875 0.021875
0 0.50859375 0.56328125 0.0109375 0.01875
0 0.48828125 0.6203125 0.0171875 0.015625
0 0.50859375 0.62734375 0.0140625 0.0140625
0 0.51953125 0.678125 0.0171875 0.025
0 0.53984375 0.671875 0.0140625 0.021875
0 0.55625 0.63515625 0.0140625 0.01875
0 0.51484375 0.51328125 0.015625 0.0140625
0 0.47578125 0.82890625 0.0171875 0.01875
0 0.5328125 0.746875 0.0203125 0.01875
0 0.49140625 0.86171875 0.0171875 0.0234375
0 0.48515625 0.925 0.0078125 0.028125
0 0.55 0.709375 0.009375 0.0234375
0 0.59453125 0.6875 0.0265625 0.025
0 0.60625 0.62109375 0.021875 0.025
0 0.49609375 0.94375 0.015625 0.021875
0 0.51484375 0.96484375 0.0109375 0.0203125
0 0.54921875 0.90625 0.0171875 0.0265625
0 0.6109375 0.52578125 0.0140625 0.0171875
0 0.67265625 0.5609375 0.0140625 0.028125
0 0.72421875 0.4890625 0.0171875 0.01875
0 0.69296875 0.51171875 0.0109375 0.0171875
0 0.73984375 0.53359375 0.0125 0.0140625
0 0.75 0.55546875 0.0296875 0.0203125
0 0.70625 0.57109375 0.009375 0.0109375
0 0.70703125 0.5984375 0.0171875 0.01875
0 0.68984375 0.6359375 0.015625 0.021875
0 0.7296875 0.6078125 0.0140625 0.0203125
0 0.7609375 0.596875 0.0171875 0.01875
0 0.73828125 0.6265625 0.0328125 0.0203125
0 0.67890625 0.68671875 0.0265625 0.01875
0 0.728125 0.70859375 0.0109375 0.0296875
0 0.65859375 0.7546875 0.0140625 0.04375
0 0.68515625 0.753125 0.0125 0.0234375
0 0.721875 0.79453125 0.009375 0.01875
0 0.7484375 0.725 0.0234375 0.0328125
0 0.68125 0.91796875 0.0171875 0.0234375
0 0.65859375 0.9578125 0.0125 0.0203125
0 0.725 0.92890625 0.0125 0.0171875
0 0.796875 0.68828125 0.0140625 0.0265625
0 0.81015625 0.609375 0.009375 0.01875
0 0.81015625 0.5546875 0.0109375 0.0203125
0 0.8515625 0.5828125 0.0140625 0.01875
0 0.8484375 0.646875 0.021875 0.034375
0 0.87890625 0.665625 0.0125 0.01875
0 0.86796875 0.6234375 0.015625 0.015625
0 0.8609375 0.76484375 0.0078125 0.0171875
0 0.8734375 0.784375 0.009375 0.0203125
0 0.84140625 0.82734375 0.015625 0.0328125
0 0.8484375 0.9453125 0.0171875 0.0296875
0 0.8609375 0.9 0.0140625 0.0171875
0 0.90625 0.90859375 0.0140625 0.0171875
0 0.83515625 0.51953125 0.0140625 0.028125
0 0.8640625 0.55390625 0.01875 0.01875
0 0.88671875 0.509375 0.0140625 0.01875
0 0.90703125 0.53671875 0.0109375 0.0140625
0 0.9421875 0.6078125 0.015625 0.025
0 0.9640625 0.4875 0.0203125 0.015625
0 0.99453125 0.50546875 0.0109375 0.01875
0 0.97578125 0.790625 0.0109375 0.021875
0 0.934375 0.7 0.0171875 0.03125
0 0.415625 0.0890625 0.0171875 0.0265625
0 0.4328125 0.1109375 0.0140625 0.0125