1 0.4171875 0.77734375 0.0515625 0.1296875
1 0.3328125 0.95546875 0.0625 0.0890625
1 0.13203125 0.55390625 0.0484375 0.06875
1 0.5765625 0.31796875 0.0703125 0.1375
1 0.6265625 0.5 0.06875 0.0875
1 0.8421875 0.40859375 0.08125 0.0984375
1 0.52265625 0.10546875 0.05625 0.1125
0 0.81875 0.0546875 0.0625 0.109375
0 0.8375 0.23984375 0.10625 0.1203125
0 0.9734375 0.334375 0.04375 0.0609375
0 0.23359375 0.090625 0.0953125 0.109375
0 0.26171875 0.1921875 0.0546875 0.06875
0 0.39296875 0.1125 0.0625 0.0515625
0 0.40546875 0.17578125 0.0484375 0.0484375
0 0.39375 0.3046875 0.0625 0.06875
0 0.33125 0.34921875 0.04375 0.0546875
0 0.42578125 0.48984375 0.0859375 0.1453125
0 0.5203125 0.675 0.103125 0.1390625
0 0.590625 0.6 0.04375 0.046875
0 0.67109375 0.69140625 0.0234375 0.075
0 0.734375 0.82734375 0.0515625 0.06875
0 0.58203125 0.828125 0.0328125 0.0578125
0 0.64921875 0.85546875 0.0296875 0.0796875
0 0.88046875 0.6109375 0.0328125 0.05
0 0.85859375 0.5265625 0.0515625 0.0546875
0 0.33046875 0.74453125 0.059375 0.0625
0 0.57265625 0.903125 0.0265625 0.0578125
0 0.25 0.85703125 0.0375 0.046875
0 0.15078125 0.89140625 0.0875 0.090625
0 0.06484375 0.4046875 0.0546875 0.0625
0 0.015625 0.24921875 0.03125 0.0578125
0 0.89765625 0.71640625 0.0515625 0.084375
0 0.96328125 0.75859375 0.0375 0.06875
0 0.99140625 0.65546875 0.0171875 0.0578125