0 0.86484375 0.0140625 0.0171875 0.01953125
0 0.88359375 0.04765625 0.0171875 0.0171875
0 0.91015625 0.07890625 0.0140625 0.01484375
0 0.821875 0.01484375 0.01875 0.01640625
0 0.92265625 0.096875 0.01953125 0.01484375
0 0.821875 0.03203125 0.01875 0.01640625
0 0.975 0.090625 0.0171875 0.01875
0 0.96796875 0.15625 0.01171875 0.01171875
0 0.97734375 0.19140625 0.01171875 0.02265625
0 0.65546875 0.00703125 0.0125 0.01171875
0 0.6765625 0.0375 0.02109375 0.01953125
0 0.54296875 0.0140625 0.02265625 0.01875
0 0.60625 0.04453125 0.01484375 0.01953125
0 0.64453125 0.084375 0.01640625 0.01484375
0 0.65 0.128125 0.0171875 0.01953125
0 0.6578125 0.1171875 0.01953125 0.0140625
0 0.6703125 0.1390625 0.01484375 0.01484375
0 0.69765625 0.184375 0.01640625 0.021875
0 0.728125 0.2203125 0.0125 0.0171875
0 0.765625 0.25703125 0.0140625 0.0140625
0 0.846875 0.321875 0.01484375 0.0125
0 0.83515625 0.35234375 0.01953125 0.02265625
0 0.86796875 0.36484375 0.02109375 0.01640625
0 0.8671875 0.3921875 0.021875 0.01875
0 0.8828125 0.4125 0.01640625 0.0125
0 0.91640625 0.4328125 0.0171875 0.01875
0 0.90078125 0.353125 0.0125 0.0125
0 0.9296875 0.36953125 0.0140625 0.01171875
0 0.953125 0.40390625 0.0140625 0.01875
0 0.97109375 0.52109375 0.0140625 0.02265625
0 0.984375 0.5078125 0.0125 0.02265625
0 0.51015625 0.01953125 0.01640625 0.01640625
0 0.553125 0.05703125 0.0171875 0.01484375
0 0.56015625 0.0765625 0.01484375 0.01484375
0 0.55625 0.09375 0.01484375 0.01484375
0 0.5671875 0.12265625 0.0171875 0.0125
0 0.61875 0.13984375 0.0171875 0.03828125
0 0.63125 0.184375 0.0171875 0.0171875
0 0.6453125 0.1625 0.01484375 0.0125
0 0.678125 0.20703125 0.01953125 0.0140625
0 0.68046875 0.2890625 0.01640625 0.01484375
0 0.38203125 0.0140625 0.0140625 0.0125
0 0.3703125 0.07578125 0.02109375 0.02109375
0 0.45078125 0.18125 0.0265625 0.0171875
0 0.50390625 0.14375 0.01640625 0.0140625
0 0.48515625 0.2171875 0.0265625 0.01640625
0 0.56875 0.3203125 0.02734375 0.021875
0 0.534375 0.2828125 0.01484375 0.01484375
0 0.72265625 0.28359375 0.01875 0.0125
0 0.771875 0.31015625 0.02734375 0.02421875
0 0.6015625 0.34765625 0.0125 0.01640625
0 0.67890625 0.4421875 0.01640625 0.0140625
0 0.746875 0.38515625 0.0140625 0.01484375
0 0.79296875 0.33515625 0.01875 0.01640625
0 0.69765625 0.46953125 0.0359375 0.02109375
0 0.7359375 0.5015625 0.01015625 0.009375
0 0.86640625 0.453125 0.01640625 0.01640625
0 0.9109375 0.47734375 0.01953125 0.01484375
0 0.92890625 0.50546875 0.025 0.0140625
0 0.94296875 0.5453125 0.021875 0.02109375
0 0.79375 0.57109375 0.021875 0.01875
0 0.8390625 0.55859375 0.0140625 0.0171875
0 0.81015625 0.60859375 0.0140625 0.0125
0 0.85625 0.6546875 0.03203125 0.02734375
0 0.88828125 0.70078125 0.02421875 0.025
0 0.91328125 0.721875 0.0171875 0.01875
0 0.97109375 0.7765625 0.0125 0.01015625
0 0.934375 0.75 0.01875 0.01640625
0 0.41875 0.06015625 0.01875 0.01171875
0 0.10625 0.0359375 0.03125 0.01015625
0 0.1953125 0.03203125 0.0171875 0.0171875
0 0.1671875 0.0296875 0.01484375 0.0140625
0 0.2171875 0.021875 0.01640625 0.01171875
0 0.24140625 0.0546875 0.01484375 0.0125
0 0.10625 0.06015625 0.015625 0.01484375
0 0.1671875 0.06171875 0.01484375 0.01328125
0 0.13828125 0.06171875 0.0125 0.009375
0 0.13515625 0.09609375 0.021875 0.01328125
0 0.15 0.07578125 0.01171875 0.015625
0 0.19375 0.09375 0.0171875 0.015625
0 0.1671875 0.13515625 0.03828125 0.04140625
0 0.2 0.15234375 0.01484375 0.01171875
0 0.21328125 0.11640625 0.01328125 0.0140625
0 0.25546875 0.0703125 0.00859375 0.00859375
0 0.278125 0.1 0.01015625 0.0125
0 0.2484375 0.1578125 0.0125 0.01015625
0 0.2296875 0.175 0.0203125 0.0140625
0 0.2 0.1765625 0.01875 0.009375
0 0.28125 0.16875 0.025 0.01640625
0 0.3078125 0.1578125 0.015625 0.0140625
0 0.23203125 0.196875 0.0140625 0.0140625
0 0.23359375 0.215625 0.0109375 0.01015625
0 0.2625 0.2234375 0.0171875 0.01171875
0 0.29296875 0.115625 0.009375 0.009375
0 0.24375 0.23046875 0.01171875 0.00859375
0 0.3140625 0.3265625 0.0140625 0.01171875
0 0.28671875 0.2 0.01484375 0.01796875
0 0.334375 0.1953125 0.0109375 0.009375
0 0.31796875 0.26015625 0.0203125 0.021875
0 0.2640625 0.2578125 0.0203125 0.025
0 0.29140625 0.2921875 0.01796875 0.03671875
0 0.38671875 0.24609375 0.02109375 0.01953125
0 0.42265625 0.18359375 0.00859375 0.0140625
0 0.45625 0.30703125 0.01640625 0.015625
0 0.40234375 0.28828125 0.02890625 0.0171875
0 0.3734375 0.36484375 0.02265625 0.021875
0 0.3796875 0.34296875 0.009375 0.0125
0 0.4828125 0.26875 0.0125 0.0140625
0 0.53125 0.25234375 0.0140625 0.01328125
0 0.3921875 0.42421875 0.01796875 0.01484375
0 0.4953125 0.40234375 0.01875 0.0140625
0 0.5265625 0.39921875 0.0203125 0.01484375
0 0.57578125 0.37109375 0.02890625 0.021875
0 0.3703125 0.334375 0.0109375 0.01015625
0 0.47265625 0.415625 0.0171875 0.01796875
0 0.40859375 0.46171875 0.01640625 0.015625
0 0.42890625 0.446875 0.00859375 0.00859375
0 0.44140625 0.45625 0.0078125 0.00859375
0 0.45234375 0.45546875 0.009375 0.0078125
0 0.5125 0.46640625 0.01953125 0.01484375
0 0.534375 0.43046875 0.0125 0.01171875
0 0.5578125 0.43671875 0.01328125 0.01484375
0 0.646875 0.44921875 0.0140625 0.01640625
0 0.56875 0.4828125 0.01015625 0.0171875
0 0.6203125 0.56875 0.00859375 0.01171875
0 0.64609375 0.6046875 0.009375 0.01484375
0 0.66953125 0.6328125 0.01484375 0.01484375
0 0.53359375 0.49765625 0.0109375 0.0125
0 0.55859375 0.50078125 0.01015625 0.01015625
0 0.596875 0.51953125 0.0109375 0.0140625
0 0.70859375 0.54140625 0.01484375 0.01484375
0 0.44453125 0.5015625 0.01484375 0.01875
0 0.4703125 0.5109375 0.01484375 0.01640625
0 0.51171875 0.55546875 0.01875 0.0203125
0 0.478125 0.5453125 0.01171875 0.01484375
0 0.521875 0.59140625 0.009375 0.00859375
0 0.54609375 0.6 0.01015625 0.01328125
0 0.540625 0.62890625 0.0109375 0.0125
0 0.559375 0.59453125 0.00859375 0.0140625
0 0.71171875 0.740625 0.015625 0.01796875
0 0.653125 0.64140625 0.00859375 0.01328125
0 0.67109375 0.678125 0.0109375 0.01015625
0 0.66015625 0.659375 0.00859375 0.0078125
0 0.696875 0.71796875 0.0109375 0.015625
0 0.74296875 0.79765625 0.01171875 0.021875
0 0.58671875 0.67578125 0.01796875 0.0234375
0 0.65703125 0.73984375 0.01640625 0.0171875
0 0.62578125 0.73203125 0.01875 0.0296875
0 0.66484375 0.7765625 0.021875 0.0296875
0 0.69921875 0.8140625 0.02109375 0.0328125
0 0.340625 0.3515625 0.00859375 0.00703125
0 0.06796875 0.0328125 0.0234375 0.01484375
0 0.06640625 0.0578125 0.01484375 0.01171875
0 0.09921875 0.075 0.009375 0.0109375
0 0.078125 0.11328125 0.01484375 0.01484375
0 0.10234375 0.1078125 0.0140625 0.01015625
0 0.1296875 0.13828125 0.00859375 0.009375
0 0.14921875 0.165625 0.0234375 0.009375
0 0.1828125 0.18671875 0.02109375 0.02421875
0 0.19375 0.209375 0.01875 0.01015625
0 0.19453125 0.2359375 0.01171875 0.0125
0 0.2203125 0.2546875 0.00859375 0.009375
0 0.234375 0.2859375 0.01328125 0.01171875
0 0.2375 0.25859375 0.01484375 0.01015625
0 0.20859375 0.28359375 0.0109375 0.0125
0 0.24453125 0.29765625 0.0125 0.00859375
0 0.26328125 0.3203125 0.00859375 0.0078125
0 0.25859375 0.30546875 0.01875 0.0171875
0 0.23828125 0.33359375 0.0109375 0.00859375
0 0.26171875 0.35 0.0125 0.0109375
0 0.29140625 0.384375 0.0265625 0.015625
0 0.28828125 0.334375 0.0140625 0.01328125
0 0.30703125 0.35078125 0.009375 0.009375
0 0.328125 0.38203125 0.02109375 0.0234375
0 0.3296875 0.40234375 0.009375 0.01015625
0 0.325 0.4421875 0.01484375 0.0140625
0 0.3546875 0.4234375 0.01484375 0.01171875
0 0.37109375 0.453125 0.0265625 0.01875
0 0.3734375 0.4703125 0.0140625 0.01484375
0 0.36796875 0.48515625 0.01328125 0.01484375
0 0.33984375 0.52578125 0.01484375 0.01328125
0 0.39921875 0.4890625 0.01015625 0.0125
0 0.41171875 0.52734375 0.01015625 0.009375
0 0.428125 0.50703125 0.009375 0.0109375
0 0.4140625 0.559375 0.01171875 0.01015625
0 0.434375 0.5703125 0.01328125 0.00859375
0 0.45234375 0.54375 0.02265625 0.01015625
0 0.43046875 0.54140625 0.01484375 0.01015625
0 0.4390625 0.596875 0.01328125 0.009375
0 0.453125 0.590625 0.01015625 0.0125
0 0.4859375 0.584375 0.01796875 0.01171875
0 0.48125 0.621875 0.0109375 0.01015625
0 0.47265625 0.6390625 0.01484375 0.0109375
0 0.48671875 0.59921875 0.01640625 0.01171875
0 0.51484375 0.63359375 0.00234375 0.003125
0 0.525 0.6984375 0.00859375 0.0109375
0 0.54765625 0.7328125 0.009375 0.01015625
0 0.565625 0.71953125 0.0125 0.0109375
0 0.6 0.72578125 0.0203125 0.01484375
0 0.58671875 0.76796875 0.0140625 0.0109375
0 0.59609375 0.78984375 0.01484375 0.0109375
0 0.646875 0.796875 0.009375 0.00859375
0 0.71796875 0.896875 0.0234375 0.01328125
0 0.72734375 0.9265625 0.015625 0.01640625
0 0.4875 0.90234375 0.01484375 0.0125
0 0.39140625 0.9765625 0.01328125 0.0140625
0 0.403125 0.95546875 0.01015625 0.01328125
0 0.39296875 0.934375 0.01484375 0.01171875
0 0.365625 0.93828125 0.01484375 0.0140625
0 0.35546875 0.90078125 0.0140625 0.01328125
0 0.42578125 0.84765625 0.01171875 0.01484375
0 0.28984375 0.82109375 0.01484375 0.009375
0 0.31015625 0.82265625 0.01328125 0.00859375
0 0.32578125 0.81328125 0.01484375 0.009375
0 0.2953125 0.80546875 0.0203125 0.0109375
0 0.43671875 0.7796875 0.0140625 0.0140625
0 0.33203125 0.77578125 0.01328125 0.01328125
0 0.28984375 0.78828125 0.01484375 0.01015625
0 0.2453125 0.81015625 0.01484375 0.00859375
0 0.31796875 0.70546875 0.0140625 0.01484375
0 0.278125 0.68828125 0.01171875 0.00859375
0 0.19921875 0.671875 0.0171875 0.01640625
0 0.30078125 0.58828125 0.025 0.02109375
0 0.35 0.5921875 0.0140625 0.01328125
0 0.32421875 0.5796875 0.01171875 0.0140625
0 0.30859375 0.5734375 0.01171875 0.0109375
0 0.278125 0.54296875 0.01484375 0.00859375
0 0.3328125 0.5578125 0.01328125 0.0109375
0 0.28359375 0.50546875 0.01484375 0.01015625
0 0.26328125 0.47265625 0.01484375 0.01171875
0 0.2703125 0.45234375 0.0140625 0.01640625
0 0.2625 0.4140625 0.01953125 0.01484375
0 0.2328125 0.3921875 0.01328125 0.0140625
0 0.23828125 0.36640625 0.01015625 0.009375
0 0.20546875 0.30546875 0.01171875 0.01015625
0 0.1453125 0.25 0.01484375 0.021875
0 0.12265625 0.22578125 0.0234375 0.02265625
0 0.05625 0.134375 0.0140625 0.01328125
0 0.075 0.1484375 0.01171875 0.01015625
0 0.0125 0.071875 0.02265625 0.03515625
0 0.02109375 0.13515625 0.01953125 0.01875
0 0.0734375 0.19140625 0.01640625 0.02265625
0 0.08828125 0.2546875 0.0109375 0.00859375
0 0.09609375 0.27265625 0.0140625 0.0140625
0 0.13203125 0.3171875 0.01484375 0.0140625
0 0.14296875 0.29453125 0.01875 0.0140625
0 0.12421875 0.2640625 0.01328125 0.01328125
0 0.0828125 0.3203125 0.01484375 0.01328125
0 0.140625 0.3296875 0.009375 0.009375
0 0.14140625 0.34609375 0.01328125 0.01171875
0 0.159375 0.35625 0.009375 0.01015625
0 0.19375 0.36484375 0.01015625 0.01484375
0 0.14296875 0.3796875 0.01015625 0.00859375
0 0.171875 0.40546875 0.00859375 0.01015625
0 0.1984375 0.421875 0.01015625 0.01640625
0 0.203125 0.4359375 0.0171875 0.01484375
0 0.21875 0.403125 0.015625 0.01953125
0 0.234375 0.45625 0.01328125 0.0140625
0 0.2421875 0.48515625 0.0140625 0.00859375
0 0.22578125 0.63515625 0.01328125 0.0078125
0 0.19375 0.6 0.0171875 0.01484375
0 0.2 0.57734375 0.01484375 0.0109375
0 0.1734375 0.5625 0.01640625 0.0140625
0 0.1375 0.496875 0.0296875 0.01484375
0 0.15703125 0.5203125 0.01484375 0.0171875
0 0.153125 0.4578125 0.0203125 0.0140625
0 0.11328125 0.45703125 0.0203125 0.01875
0 0.134375 0.42734375 0.01328125 0.01953125
0 0.10546875 0.384375 0.0140625 0.0078125
0 0.10625 0.3703125 0.01015625 0.00859375
0 0.07890625 0.3703125 0.0203125 0.02265625
0 0.0453125 0.35078125 0.025 0.01796875
0 0.01796875 0.3109375 0.02265625 0.01328125
0 0.01171875 0.3625 0.01015625 0.01484375
0 0.0359375 0.37734375 0.0125 0.01484375
0 0.0578125 0.41171875 0.01328125 0.01484375
0 0.04140625 0.4375 0.015625 0.01171875
0 0.09765625 0.4921875 0.01484375 0.01328125
0 0.01484375 0.47421875 0.009375 0.0109375
0 0.0203125 0.52421875 0.01328125 0.009375
0 0.05078125 0.5203125 0.0109375 0.015625
0 0.0421875 0.5671875 0.01953125 0.0171875
0 0.0765625 0.55859375 0.01328125 0.01328125
0 0.06171875 0.5921875 0.0140625 0.01015625
0 0.07109375 0.6328125 0.01640625 0.0109375
0 0.0484375 0.64765625 0.0234375 0.01875
0 0.09140625 0.66875 0.01484375 0.0140625
0 0.165625 0.5859375 0.01484375 0.015625
0 0.15234375 0.63671875 0.01171875 0.01171875
0 0.19375 0.6328125 0.015625 0.0140625
0 0.1859375 0.6171875 0.015625 0.01171875
0 0.1734375 0.66015625 0.0140625 0.0109375
0 0.14375 0.70625 0.0140625 0.01328125
0 0.11796875 0.71484375 0.0109375 0.0109375
0 0.0953125 0.6546875 0.00703125 0.009375
0 0.11796875 0.65390625 0.0078125 0.01015625
0 0.09140625 0.72578125 0.0109375 0.01484375
0 0.15078125 0.765625 0.009375 0.0125
0 0.17265625 0.75625 0.00859375 0.0109375
0 0.13515625 0.72578125 0.009375 0.00859375
0 0.1203125 0.75546875 0.009375 0.01015625
0 0.15 0.8171875 0.0125 0.0140625
0 0.20859375 0.81640625 0.0125 0.01484375
0 0.16640625 0.79296875 0.01328125 0.0125
0 0.1953125 0.8 0.01171875 0.00859375
0 0.08125 0.81171875 0.0078125 0.0125
0 0.1296875 0.85 0.01796875 0.01328125
0 0.12578125 0.87109375 0.0140625 0.009375
0 0.15 0.93828125 0.00859375 0.0125
0 0.2328125 0.91796875 0.009375 0.01171875