1 0.190625 0.02890625 0.253125 0.0578125
1 0.22734375 0.4203125 0.0875 0.0703125
1 0.40234375 0.39765625 0.0578125 0.071875
1 0.45390625 0.87890625 0.0703125 0.075
1 0.80078125 0.67109375 0.0671875 0.059375
1 0.94453125 0.875 0.0734375 0.0875
1 0.9484375 0.30078125 0.0421875 0.0515625
1 0.4984375 0.171875 0.0546875 0.059375
0 0.13828125 0.09921875 0.140625 0.0828125
0 0.2875 0.15390625 0.0375 0.059375
0 0.328125 0.13046875 0.046875 0.059375
0 0.3703125 0.1328125 0.0265625 0.065625
0 0.4625 0.03125 0.078125 0.0625
0 0.61796875 0.16953125 0.03125 0.03125
0 0.709375 0.1734375 0.034375 0.053125
0 0.79765625 0.184375 0.0421875 0.053125
0 0.84140625 0.18203125 0.0390625 0.0609375
0 0.84765625 0.0953125 0.0046875 0.003125
0 0.8625 0.13359375 0.0515625 0.04375
0 0.7703125 0.06796875 0.028125 0.04375
0 0.71875 0.40078125 0.059375 0.0421875
0 0.803125 0.3984375 0.0578125 0.0625
0 0.87890625 0.37421875 0.0578125 0.0515625
0 0.98046875 0.4109375 0.0390625 0.053125
0 0.903125 0.45625 0.05625 0.0296875
0 0.84453125 0.46640625 0.034375 0.0390625
0 0.82734375 0.50859375 0.109375 0.071875
0 0.68046875 0.521875 0.0921875 0.078125
0 0.62890625 0.44765625 0.04375 0.03125
0 0.50546875 0.5796875 0.1234375 0.0765625
0 0.309375 0.56875 0.04375 0.0390625
0 0.3296875 0.63828125 0.04375 0.04375
0 0.10703125 0.53828125 0.0484375 0.04375
0 0.0875 0.659375 0.153125 0.0859375
0 0.1765625 0.53125 0.0265625 0.0390625
0 0.31484375 0.91875 0.0640625 0.0640625
0 0.153125 0.93203125 0.028125 0.0359375
0 0.53046875 0.95703125 0.0765625 0.05
0 0.72265625 0.74375 0.046875 0.046875
0 0.790625 0.84765625 0.0640625 0.05
0 0.8265625 0.9421875 0.1171875 0.0765625
0 0.96875 0.72109375 0.0421875 0.0484375