0 0.35 0.5109375 0.0484375 0.025
0 0.29609375 0.57265625 0.0359375 0.021875
0 0.25859375 0.6 0.028125 0.015625
0 0.459375 0.58984375 0.046875 0.0296875
0 0.4828125 0.56484375 0.0796875 0.025
0 0.54765625 0.58203125 0.0265625 0.021875
0 0.4890625 0.63671875 0.034375 0.0234375
0 0.396875 0.4984375 0.03125 0.03125
0 0.42265625 0.48203125 0.021875 0.015625
0 0.45078125 0.490625 0.0234375 0.015625
0 0.53359375 0.50703125 0.0390625 0.01875
0 0.59453125 0.53046875 0.015625 0.0171875
0 0.240625 0.45234375 0.0234375 0.0125
0 0.33984375 0.58203125 0.0203125 0.0140625
0 0.58359375 0.63515625 0.015625 0.0171875
0 0.61640625 0.653125 0.04375 0.0296875
0 0.2234375 0.7234375 0.0171875 0.0140625
0 0.246875 0.70546875 0.021875 0.0140625
0 0.26796875 0.72734375 0.01875 0.0140625
0 0.30390625 0.7265625 0.0296875 0.0296875
0 0.38046875 0.7140625 0.0234375 0.01875
0 0.44453125 0.7296875 0.01875 0.021875
0 0.41953125 0.7421875 0.01875 0.0140625
0 0.3796875 0.7390625 0.0296875 0.0171875
0 0.50625 0.771875 0.025 0.0140625
0 0.55703125 0.7359375 0.0515625 0.03125
0 0.5703125 0.79140625 0.0140625 0.0109375
0 0.653125 0.796875 0.0171875 0.0296875
0 0.121875 0.7859375 0.028125 0.01875
0 0.36328125 0.30625 0.0171875 0.015625
0 0.43046875 0.31875 0.01875 0.021875
0 0.5109375 0.38984375 0.025 0.021875
0 0.54140625 0.44296875 0.0203125 0.015625
0 0.584375 0.4328125 0.0109375 0.0109375
0 0.621875 0.4203125 0.0140625 0.0140625
0 0.609375 0.3796875 0.0109375 0.0109375
0 0.5796875 0.40703125 0.015625 0.0109375
0 0.5359375 0.37734375 0.0109375 0.0140625
0 0.50078125 0.36875 0.01875 0.015625
0 0.59453125 0.47109375 0.009375 0.0125
0 0.484375 0.24453125 0.0171875 0.015625
0 0.4484375 0.2453125 0.01875 0.015625
0 0.4453125 0.21171875 0.0140625 0.0109375
0 0.5265625 0.17890625 0.0109375 0.0125
0 0.5890625 0.20703125 0.0171875 0.015625
0 0.54453125 0.26171875 0.0125 0.015625
0 0.50625 0.1078125 0.0140625 0.0203125
0 0.421875 0.03828125 0.0140625 0.0140625
0 0.446875 0.05546875 0.0171875 0.015625
0 0.396875 0.01328125 0.015625 0.0140625
0 0.8046875 0.0046875 0.0109375 0.009375
0 0.73828125 0.0234375 0.0078125 0.0109375
0 0.76015625 0.0890625 0.0109375 0.0109375
0 0.75390625 0.21015625 0.0125 0.0109375
0 0.71015625 0.3265625 0.009375 0.0078125
0 0.6984375 0.465625 0.015625 0.0109375
0 0.62421875 0.465625 0.0109375 0.0125
0 0.7140625 0.49140625 0.0140625 0.0109375
0 0.7234375 0.53203125 0.015625 0.0109375
0 0.75234375 0.5328125 0.0140625 0.0125
0 0.7765625 0.51875 0.0109375 0.009375
0 0.74453125 0.49921875 0.0140625 0.0078125
0 0.76171875 0.50703125 0.015625 0.0109375
0 0.8359375 0.465625 0.0125 0.009375
0 0.9125 0.575 0.0125 0.0109375
0 0.70234375 0.56640625 0.0171875 0.0109375
0 0.64453125 0.60546875 0.0140625 0.0078125
0 0.75546875 0.79765625 0.021875 0.0171875
0 0.803125 0.83671875 0.009375 0.009375
0 0.8421875 0.84453125 0.021875 0.0140625
1 0.36171875 0.42890625 0.0078125 0.0203125
1 0.42578125 0.4421875 0.00625 0.021875
1 0.48515625 0.46484375 0.0140625 0.028125
1 0.446875 0.36796875 0.0109375 0.025
1 0.43828125 0.52890625 0.0109375 0.0296875