0 0.390625 0.33671875 0.0578125 0.0515625
0 0.65703125 0.15078125 0.053125 0.0375
0 0.9109375 0.059375 0.034375 0.04375
0 0.86953125 0.18828125 0.0484375 0.040625
0 0.64140625 0.03671875 0.090625 0.040625
0 0.45625 0.01953125 0.0359375 0.025
0 0.159375 0.31484375 0.0328125 0.028125
0 0.09921875 0.3609375 0.0359375 0.025
0 0.19375 0.38359375 0.0359375 0.0359375
0 0.2546875 0.4046875 0.0328125 0.0234375
0 0.4671875 0.37421875 0.025 0.028125
0 0.4484375 0.5390625 0.0328125 0.028125
0 0.33046875 0.596875 0.025 0.0234375
0 0.228125 0.578125 0.03125 0.028125
0 0.06640625 0.7453125 0.028125 0.0296875
0 0.2484375 0.74375 0.0203125 0.021875
0 0.1203125 0.8640625 0.03125 0.03125
0 0.25 0.80859375 0.06875 0.0328125
0 0.24765625 0.8875 0.0359375 0.028125
0 0.1734375 0.9421875 0.0640625 0.03125
0 0.4265625 0.90625 0.0265625 0.025
0 0.89140625 0.73828125 0.025 0.0296875
0 0.51015625 0.64921875 0.03125 0.0375
0 0.565625 0.7296875 0.04375 0.0265625
1 0.06328125 0.15 0.03125 0.05
1 0.03203125 0.3734375 0.0203125 0.0765625
1 0.06328125 0.58046875 0.01875 0.0703125
1 0.75859375 0.4828125 0.021875 0.04375
0 0.69375 0.2609375 0.0421875 0.0484375
0 0.59921875 0.321875 0.028125 0.025
0 0.83203125 0.33359375 0.0296875 0.021875
0 0.5171875 0.49921875 0.0265625 0.021875
0 0.35859375 0.59296875 0.028125 0.0265625
0 0.46640625 0.85078125 0.0390625 0.0328125
0 0.29765625 0.92265625 0.028125 0.0234375
0 0.44296875 0.98046875 0.046875 0.028125
0 0.1703125 0.996875 0.03125 0.00625
0 0.325 0.9078125 0.0296875 0.0203125