1 0.084375 0.821875 0.0359375 0.03125
1 0.23046875 0.384375 0.0203125 0.0890625
1 0.425 0.1171875 0.025 0.059375
1 0.41171875 0.35546875 0.0171875 0.06875
1 0.43515625 0.6 0.015625 0.0734375
1 0.51015625 0.51171875 0.0171875 0.1140625
1 0.76328125 0.17109375 0.0203125 0.0625
1 0.64140625 0.16484375 0.021875 0.0875
1 0.68203125 0.39921875 0.0171875 0.0828125
1 0.80390625 0.08203125 0.0265625 0.0875
1 0.921875 0.21015625 0.0171875 0.0609375
1 0.9609375 0.265625 0.01875 0.0453125
1 0.78515625 0.4484375 0.021875 0.0515625
0 0.18671875 0.3 0.0125 0.0375
0 0.2078125 0.4375 0.015625 0.046875
0 0.18515625 0.4203125 0.015625 0.0390625
0 0.23359375 0.5484375 0.01875 0.0453125
0 0.19765625 0.26015625 0.009375 0.0265625
0 0.140625 0.04375 0.0078125 0.0234375
0 0.1421875 0.0953125 0.0109375 0.01875
0 0.24296875 0.81484375 0.0125 0.0296875
0 0.2640625 0.796875 0.0140625 0.0390625
0 0.36171875 0.5234375 0.0140625 0.0625
0 0.3875 0.53671875 0.0125 0.0515625
0 0.3859375 0.659375 0.0125 0.05625
0 0.409375 0.7140625 0.0078125 0.0421875
0 0.43984375 0.67890625 0.00625 0.034375
0 0.3828125 0.22421875 0.0171875 0.05
0 0.4078125 0.203125 0.0109375 0.0703125
0 0.4328125 0.03359375 0.0125 0.059375
0 0.33828125 0.0828125 0.0109375 0.0203125
0 0.39609375 0.84453125 0.0140625 0.05
0 0.52265625 0.8734375 0.0390625 0.0109375
0 0.41640625 0.51640625 0.009375 0.0421875
0 0.52421875 0.29375 0.0046875 0.0453125
0 0.528125 0.3609375 0.0125 0.01875
0 0.6140625 0.38359375 0.0109375 0.01875
0 0.628125 0.478125 0.009375 0.0359375
0 0.59140625 0.53984375 0.009375 0.021875
0 0.66484375 0.49765625 0.0046875 0.0234375
0 0.715625 0.37890625 0.009375 0.01875
0 0.80546875 0.37890625 0.0109375 0.0125
0 0.659375 0.621875 0.0140625 0.028125
0 0.70390625 0.6046875 0.0078125 0.0140625
0 0.696875 0.75078125 0.059375 0.01875
0 0.81796875 0.478125 0.0125 0.015625
0 0.84609375 0.459375 0.0140625 0.0140625