0 0.26953125 0.06171875 0.05625 0.0390625
0 0.33203125 0.0578125 0.03125 0.025
0 0.146875 0.16484375 0.0296875 0.025
0 0.26640625 0.1546875 0.0328125 0.028125
0 0.0703125 0.3328125 0.0359375 0.046875
0 0.14453125 0.28203125 0.0296875 0.0171875
0 0.15625 0.4390625 0.0140625 0.0203125
0 0.1734375 0.4078125 0.0125 0.0109375
0 0.228125 0.36328125 0.0203125 0.0484375
0 0.23984375 0.31640625 0.01875 0.0203125
0 0.11328125 0.5265625 0.0390625 0.0203125
0 0.28671875 0.35546875 0.021875 0.0453125
0 0.284375 0.29765625 0.021875 0.0609375
0 0.27578125 0.40859375 0.021875 0.04375
0 0.26328125 0.46640625 0.021875 0.0359375
0 0.31484375 0.23984375 0.009375 0.0171875
0 0.3203125 0.25234375 0.0203125 0.065625
0 0.35390625 0.19765625 0.0296875 0.0203125
0 0.33984375 0.24921875 0.0203125 0.0546875
0 0.34765625 0.29296875 0.0265625 0.1265625
0 0.32265625 0.4125 0.025 0.025
0 0.31953125 0.46484375 0.021875 0.05625
0 0.30078125 0.6453125 0.021875 0.0375
0 0.259375 0.58984375 0.0203125 0.040625
0 0.31953125 0.76328125 0.0140625 0.0390625
0 0.3453125 0.75078125 0.0296875 0.0921875
0 0.35390625 0.65625 0.0234375 0.0515625
0 0.3671875 0.5765625 0.028125 0.078125
0 0.3984375 0.58515625 0.0203125 0.0421875
0 0.3796875 0.47421875 0.0375 0.1015625
0 0.3890625 0.40546875 0.01875 0.025
0 0.41171875 0.25234375 0.040625 0.1125
0 0.3890625 0.30546875 0.0109375 0.0140625
0 0.41953125 0.44453125 0.0296875 0.06875
0 0.47890625 0.484375 0.0375 0.1
0 0.4359375 0.628125 0.04375 0.1546875
0 0.496875 0.75 0.0265625 0.0359375
0 0.51953125 0.74921875 0.0265625 0.05
0 0.55390625 0.240625 0.0171875 0.0328125
0 0.57421875 0.24921875 0.0234375 0.0296875
0 0.565625 0.29921875 0.025 0.0296875
0 0.58125 0.41015625 0.0296875 0.0484375
0 0.584375 0.46796875 0.028125 0.053125
0 0.59375 0.57578125 0.0296875 0.0421875
0 0.59375 0.734375 0.0265625 0.040625
0 0.59453125 0.79296875 0.0203125 0.0328125
0 0.58671875 0.8796875 0.01875 0.0359375
0 0.81484375 0.43515625 0.0375 0.0359375
0 0.74609375 0.4890625 0.025 0.0390625
0 0.75546875 0.525 0.021875 0.0375
0 0.76484375 0.565625 0.040625 0.0484375
0 0.89765625 0.540625 0.0359375 0.0609375
0 0.83359375 0.48515625 0.034375 0.05
0 0.81640625 0.58125 0.021875 0.0296875
0 0.840625 0.63046875 0.0375 0.034375
0 0.87109375 0.6921875 0.0453125 0.040625
0 0.903125 0.759375 0.0484375 0.065625
0 0.89921875 0.81875 0.03125 0.025
1 0.8 0.2296875 0.0375 0.05625
1 0.9234375 0.1390625 0.0265625 0.0484375
1 0.853125 0.12109375 0.0328125 0.046875
1 0.76953125 0.09921875 0.0328125 0.0609375
1 0.6515625 0.1421875 0.0375 0.0578125