0 0.37109375 0.2140625 0.05390625 0.05390625
0 0.3921875 0.31953125 0.0359375 0.0390625
0 0.475 0.3671875 0.04375 0.04921875
0 0.34921875 0.10078125 0.0234375 0.0390625
0 0.08046875 0.72578125 0.05234375 0.03359375
0 0.04375 0.575 0.03046875 0.0375
0 0.153125 0.96640625 0.04609375 0.0578125
0 0.234375 0.771875 0.0375 0.04375
0 0.38515625 0.8703125 0.03359375 0.03046875
0 0.3640625 0.96796875 0.0421875 0.03359375
0 0.459375 0.62890625 0.03046875 0.040625
0 0.47578125 0.7265625 0.02578125 0.02578125
0 0.52578125 0.5890625 0.03359375 0.0421875
0 0.528125 0.65390625 0.02890625 0.0359375
0 0.48984375 0.87421875 0.03046875 0.04609375
0 0.5828125 0.8953125 0.02890625 0.0203125
0 0.6453125 0.25703125 0.0359375 0.04609375
0 0.65390625 0.43984375 0.02890625 0.04921875
0 0.65546875 0.5140625 0.03203125 0.04375
0 0.73671875 0.39609375 0.02890625 0.04609375
0 0.734375 0.50625 0.0203125 0.0421875
0 0.69375 0.5046875 0.0203125 0.02890625
0 0.82265625 0.65234375 0.03359375 0.04609375
0 0.73359375 0.4 0.0359375 0.04765625
0 0.8390625 0.4015625 0.02734375 0.03046875
0 0.84296875 0.28984375 0.0203125 0.0234375
0 0.91640625 0.33671875 0.01875 0.02890625
0 0.659375 0.81796875 0.02734375 0.02890625
1 0.8640625 0.50625 0.01875 0.07265625
1 0.89375 0.746875 0.0203125 0.08984375
1 0.725 0.6703125 0.02578125 0.0625
1 0.4328125 0.48359375 0.03046875 0.08125
1 0.28125 0.71875 0.0234375 0.0984375
0 0.1390625 0.47578125 0.03359375 0.06953125