0 0.23984375 0.2640625 0.01875 0.015625
0 0.28203125 0.2390625 0.021875 0.0171875
0 0.4265625 0.30703125 0.0625 0.0296875
0 0.48359375 0.2890625 0.028125 0.0328125
0 0.50625 0.25703125 0.01875 0.01875
0 0.546875 0.26875 0.0203125 0.0171875
0 0.65546875 0.27890625 0.0359375 0.0296875
0 0.603125 0.12734375 0.0234375 0.0140625
0 0.6515625 0.19921875 0.028125 0.01875
0 0.703125 0.178125 0.015625 0.0140625
0 0.72578125 0.228125 0.0203125 0.0125
0 0.7609375 0.21640625 0.015625 0.015625
0 0.40078125 0.02578125 0.0203125 0.01875
0 0.4875 0.0453125 0.0125 0.0140625
0 0.484375 0.07265625 0.0109375 0.015625
0 0.4734375 0.12578125 0.015625 0.0125
0 0.6296875 0.11953125 0.0171875 0.0171875
0 0.725 0.11328125 0.0140625 0.0125
0 0.740625 0.29921875 0.015625 0.01875
0 0.6703125 0.33671875 0.0484375 0.05
0 0.75625 0.3453125 0.01875 0.0171875
0 0.60546875 0.36171875 0.0515625 0.03125
0 0.68203125 0.371875 0.021875 0.021875
0 0.7515625 0.37421875 0.025 0.01875
0 0.565625 0.3671875 0.0203125 0.0171875
0 0.3375 0.4234375 0.0265625 0.021875
0 0.37890625 0.3859375 0.025 0.01875
0 0.43125 0.39375 0.01875 0.0171875
0 0.55546875 0.390625 0.01875 0.0203125
0 0.58984375 0.390625 0.034375 0.025
0 0.6234375 0.4421875 0.0203125 0.0234375
0 0.7453125 0.42734375 0.0234375 0.0171875
0 0.78671875 0.43828125 0.0421875 0.0203125
0 0.84375 0.4640625 0.021875 0.0171875
0 0.82890625 0.475 0.025 0.0234375
0 0.71171875 0.546875 0.0265625 0.0171875
0 0.7484375 0.553125 0.021875 0.0171875
0 0.58515625 0.5546875 0.0265625 0.0140625
0 0.50625 0.5453125 0.021875 0.0125
0 0.390625 0.51796875 0.021875 0.0171875
0 0.42109375 0.55390625 0.015625 0.0140625
0 0.34609375 0.546875 0.0171875 0.0140625
0 0.375 0.5703125 0.01875 0.015625
0 0.41484375 0.5671875 0.025 0.0234375
0 0.32578125 0.57421875 0.0171875 0.021875
0 0.315625 0.5984375 0.015625 0.0109375
0 0.21484375 0.65390625 0.01875 0.0125
0 0.1453125 0.68984375 0.021875 0.0140625
0 0.8671875 0.35390625 0.021875 0.0171875
0 0.80625 0.34140625 0.0140625 0.0109375
1 0.51875 0.33828125 0.021875 0.0421875
1 0.5 0.4 0.015625 0.0234375
1 0.35078125 0.26328125 0.015625 0.053125
1 0.36015625 0.09765625 0.0234375 0.05
1 0.63671875 0.0671875 0.0359375 0.0828125