0 0.0875 0.33984375 0.075 0.0875
0 0.19765625 0.39765625 0.0671875 0.075
0 0.1953125 0.10625 0.053125 0.0640625
0 0.18984375 0.234375 0.053125 0.0671875
0 0.15234375 0.8734375 0.0828125 0.1015625
0 0.728125 0.10078125 0.0421875 0.0625
0 0.72109375 0.24140625 0.0078125 0.0328125
0 0.74140625 0.26171875 0.034375 0.034375
0 0.76796875 0.3046875 0.0375 0.040625
0 0.77265625 0.35703125 0.0421875 0.0453125
0 0.81015625 0.37265625 0.0421875 0.0484375
0 0.7796875 0.41328125 0.03125 0.0390625
0 0.79765625 0.45 0.040625 0.040625
0 0.81171875 0.5125 0.0484375 0.059375
0 0.85859375 0.6734375 0.053125 0.0453125
0 0.8609375 0.26015625 0.0484375 0.0453125
0 0.925 0.2796875 0.04375 0.0578125
0 0.7265625 0.17265625 0.0390625 0.046875
0 0.82109375 0.1375 0.028125 0.0328125
0 0.88515625 0.15234375 0.0234375 0.0265625
0 0.92265625 0.353125 0.0265625 0.028125
0 0.959375 0.40390625 0.028125 0.0296875
0 0.87421875 0.40234375 0.034375 0.0453125
0 0.91171875 0.4921875 0.0328125 0.0390625
0 0.93671875 0.52890625 0.0390625 0.053125
0 0.98203125 0.503125 0.0359375 0.04375
0 0.96328125 0.45859375 0.0375 0.0296875
0 0.96484375 0.64609375 0.040625 0.053125
0 0.88046875 0.62109375 0.0453125 0.0578125
0 0.88515625 0.7765625 0.0375 0.046875
0 0.93125 0.77734375 0.0359375 0.0328125
0 0.9390625 0.8296875 0.03125 0.075
1 0.58515625 0.40390625 0.046875 0.06875
1 0.66015625 0.225 0.0703125 0.1015625
1 0.64765625 0.57734375 0.0609375 0.1359375
1 0.7546875 0.6 0.0375 0.08125