1 0.04453125 0.1546875 0.03046875 0.090625
1 0.12109375 0.1640625 0.02265625 0.07109375
1 0.234375 0.21328125 0.0375 0.0625
1 0.3515625 0.2328125 0.03203125 0.04375
1 0.73046875 0.2828125 0.02265625 0.02734375
1 0.91015625 0.3078125 0.03515625 0.03046875
1 0.34921875 0.57578125 0.02890625 0.059375
1 0.06953125 0.64921875 0.04296875 0.046875
0 0.1296875 0.0484375 0.015625 0.0421875
0 0.45078125 0.04609375 0.01328125 0.021875
0 0.4671875 0.065625 0.01171875 0.0265625
0 0.52578125 0.01484375 0.01640625 0.0171875
0 0.4203125 0.12109375 0.0078125 0.01484375
0 0.409375 0.1390625 0.01171875 0.01640625
0 0.5609375 0.0734375 0.015625 0.01875
0 0.5953125 0.04609375 0.00703125 0.021875
0 0.60703125 0.0828125 0.009375 0.009375
0 0.5890625 0.090625 0.00703125 0.00859375
0 0.5828125 0.0828125 0.00390625 0.00703125
0 0.546875 0.1171875 0.00546875 0.0078125
0 0.584375 0.12734375 0.00546875 0.015625
0 0.5953125 0.13125 0.00390625 0.00703125
0 0.559375 0.1484375 0.003125 0.0078125
0 0.51953125 0.16953125 0.00390625 0.00625
0 0.49296875 0.05703125 0.003125 0.00234375
0 0.49453125 0.05859375 0.0046875 0.00703125
0 0.51328125 0.03203125 0.00625 0.0046875
0 0.53828125 0.0390625 0.0046875 0.00625
0 0.62734375 0.0875 0.0046875 0.009375
0 0.63515625 0.06875 0.01015625 0.009375
0 0.66015625 0.03828125 0.0078125 0.009375
0 0.64140625 0.0328125 0.00546875 0.00546875
0 0.65078125 0.01015625 0.0078125 0.0078125
0 0.634375 0.01953125 0.00390625 0.00625
0 0.621875 0.19140625 0.003125 0.00859375
0 0.6234375 0.2125 0.00546875 0.0078125
0 0.6640625 0.178125 0.0046875 0.00546875
0 0.65234375 0.06796875 0.0046875 0.0046875
0 0.5640625 0.22578125 0.00703125 0.00390625
0 0.5484375 0.23828125 0.00390625 0.00234375
0 0.52265625 0.27578125 0.0046875 0.00625
0 0.58359375 0.2828125 0.00546875 0.00625
0 0.69375 0.1578125 0.0046875 0.0046875
0 0.70546875 0.1453125 0.00859375 0.0078125
0 0.7328125 0.21171875 0.009375 0.00859375
0 0.74765625 0.23203125 0.00703125 0.0078125
0 0.775 0.22890625 0.0078125 0.0078125
0 0.7890625 0.121875 0.00546875 0.00625
0 0.8125 0.2375 0.00546875 0.00703125
0 0.82734375 0.23125 0.00546875 0.00625
0 0.796875 0.20703125 0.00546875 0.003125
0 0.77578125 0.2 0.00625 0.00625
0 0.58046875 0.38671875 0.01875 0.0140625
0 0.58359375 0.4125 0.01484375 0.0234375
0 0.5890625 0.3515625 0.009375 0.0078125
0 0.54921875 0.42421875 0.01484375 0.01953125
0 0.5734375 0.46796875 0.0078125 0.01875
0 0.5984375 0.50703125 0.01640625 0.02265625
0 0.4671875 0.46015625 0.01015625 0.009375
0 0.48203125 0.3515625 0.0265625 0.01796875
0 0.421875 0.35546875 0.01953125 0.0203125