0 0.45859375 0.06953125 0.01328125 0.0171875
0 0.45703125 0.10078125 0.01328125 0.02890625
0 0.45078125 0.1375 0.0125 0.01328125
0 0.45 0.15859375 0.0203125 0.01328125
0 0.44609375 0.17890625 0.0109375 0.01875
0 0.44375 0.21015625 0.02578125 0.02578125
0 0.4359375 0.23203125 0.01328125 0.01328125
0 0.43515625 0.26328125 0.01328125 0.03046875
0 0.3203125 0.33828125 0.0140625 0.02265625
0 0.5046875 0.10703125 0.01640625 0.015625
0 0.5015625 0.134375 0.01953125 0.02265625
0 0.6140625 0.2171875 0.01328125 0.025
0 0.59140625 0.26484375 0.0171875 0.01875
0 0.584375 0.284375 0.021875 0.0203125
0 0.478125 0.22890625 0.01640625 0.0203125
0 0.484375 0.190625 0.0109375 0.0234375
0 0.5171875 0.20546875 0.01640625 0.01640625
0 0.46875 0.2609375 0.00859375 0.01875
0 0.45546875 0.29609375 0.015625 0.0140625
0 0.45390625 0.33125 0.0125 0.0234375
0 0.49453125 0.26015625 0.01328125 0.01875
0 0.55390625 0.34765625 0.01875 0.0171875
0 0.62109375 0.2734375 0.01953125 0.02265625
0 0.60703125 0.309375 0.01328125 0.02265625
0 0.64609375 0.31796875 0.01328125 0.0171875
0 0.584375 0.35859375 0.0140625 0.01875
0 0.56875 0.3796875 0.015625 0.01953125
0 0.5015625 0.3578125 0.01875 0.0203125
0 0.44765625 0.3609375 0.015625 0.01875
0 0.2375 0.35625 0.0171875 0.0171875
0 0.29609375 0.3953125 0.015625 0.015625
0 0.2390625 0.321875 0.01328125 0.0125
0 0.17109375 0.37734375 0.01484375 0.0125
0 0.25234375 0.428125 0.0125 0.01171875
0 0.28515625 0.4609375 0.015625 0.0140625
0 0.19453125 0.40234375 0.0109375 0.0109375
0 0.12109375 0.428125 0.0125 0.01015625
0 0.13984375 0.47109375 0.02421875 0.01796875
0 0.178125 0.4796875 0.0125 0.0125
0 0.20234375 0.49609375 0.0140625 0.015625
0 0.2296875 0.51484375 0.009375 0.009375
0 0.10625 0.48046875 0.0125 0.01015625
0 0.06640625 0.48984375 0.01796875 0.01796875
0 0.09765625 0.50234375 0.02265625 0.0125
0 0.11328125 0.53203125 0.01796875 0.0125
0 0.0875 0.53359375 0.03359375 0.0125
0 0.1328125 0.5640625 0.01796875 0.015625
0 0.16171875 0.58671875 0.01953125 0.01953125
0 0.20703125 0.59375 0.0234375 0.01640625
0 0.18359375 0.509375 0.01796875 0.0125
0 0.11953125 0.665625 0.01796875 0.0234375
0 0.03515625 0.6703125 0.01640625 0.01953125
0 0.15703125 0.73671875 0.01796875 0.02109375
0 0.09765625 0.73515625 0.01640625 0.015625
0 0.01796875 0.56796875 0.01640625 0.02109375
0 0.23984375 0.54296875 0.03046875 0.02109375
0 0.12890625 0.60703125 0.02109375 0.015625
0 0.0875 0.915625 0.01640625 0.0140625
0 0.16171875 0.6328125 0.02265625 0.01640625
0 0.09609375 0.6859375 0.02265625 0.01640625
0 0.28671875 0.55859375 0.015625 0.01796875
0 0.45859375 0.4421875 0.0140625 0.01953125
0 0.4453125 0.48203125 0.015625 0.028125
0 0.44609375 0.6625 0.0109375 0.01953125
0 0.43828125 0.59921875 0.02109375 0.01640625
0 0.54921875 0.6046875 0.01640625 0.0140625
0 0.47890625 0.65 0.01796875 0.015625
0 0.4921875 0.61875 0.01640625 0.01640625
0 0.6078125 0.55234375 0.01640625 0.025
0 0.478125 0.69609375 0.01953125 0.0265625
0 0.5453125 0.7203125 0.03046875 0.01796875
0 0.6046875 0.68125 0.0140625 0.015625
0 0.5859375 0.70859375 0.01796875 0.015625
0 0.634375 0.653125 0.025 0.02890625
0 0.50625 0.77578125 0.03046875 0.0234375
0 0.5375 0.8046875 0.0265625 0.01640625
0 0.559375 0.7984375 0.02109375 0.02265625
0 0.590625 0.77265625 0.01796875 0.0140625
0 0.6046875 0.76484375 0.0140625 0.0125
0 0.615625 0.75859375 0.015625 0.01640625
0 0.62890625 0.74453125 0.01640625 0.0140625
0 0.66328125 0.71015625 0.01640625 0.015625
0 0.68984375 0.696875 0.0140625 0.0140625
0 0.709375 0.68203125 0.025 0.0125
0 0.50625 0.8453125 0.01953125 0.01796875
0 0.73828125 0.67890625 0.02109375 0.01953125
0 0.75546875 0.6453125 0.0140625 0.0140625
0 0.7921875 0.621875 0.025 0.0109375
0 0.81875 0.584375 0.015625 0.01640625
0 0.85 0.59765625 0.02109375 0.02109375
0 0.8203125 0.6234375 0.01796875 0.0140625
0 0.83125 0.64140625 0.01953125 0.0140625
0 0.80546875 0.65 0.02265625 0.01640625
0 0.7921875 0.66875 0.0109375 0.01640625
0 0.778125 0.7015625 0.0140625 0.0140625
0 0.7171875 0.76640625 0.0234375 0.02890625
0 0.6515625 0.81328125 0.02109375 0.01796875
0 0.615625 0.82109375 0.02109375 0.02265625
0 0.64609375 0.8796875 0.02109375 0.02265625
0 0.67109375 0.88046875 0.0234375 0.01796875
0 0.7046875 0.871875 0.03515625 0.01796875
0 0.67578125 0.91328125 0.02265625 0.01640625