0 0.5140625 0.28203125 0.0828125 0.07109375
0 0.76796875 0.05 0.078125 0.0515625
0 0.30625 0.55546875 0.09140625 0.05625
0 0.14140625 0.771875 0.0828125 0.06875
0 0.8265625 0.446875 0.04765625 0.0734375
0 0.7765625 0.41015625 0.0609375 0.034375
0 0.06484375 0.5359375 0.0609375 0.0265625
0 0.71796875 0.2609375 0.04765625 0.01953125
1 0.11484375 0.11875 0.0734375 0.08515625
1 0.1453125 0.3234375 0.0828125 0.090625
1 0.9421875 0.165625 0.04375 0.1265625
1 0.6421875 0.13203125 0.05234375 0.0828125
1 0.67890625 0.37734375 0.09140625 0.07578125