1 0.05078125 0.265625 0.0390625 0.075
1 0.17265625 0.2859375 0.0515625 0.0703125
1 0.29140625 0.2765625 0.0421875 0.05
1 0.67109375 0.23359375 0.028125 0.03125
1 0.8515625 0.2140625 0.0421875 0.0375
1 0.371875 0.61015625 0.0421875 0.0640625
1 0.11875 0.74921875 0.053125 0.05625
0 0.03125 0.1515625 0.025 0.0453125
0 0.3421875 0.07109375 0.01875 0.025
0 0.36328125 0.08671875 0.0171875 0.028125
0 0.4078125 0.02265625 0.0203125 0.0203125
0 0.33125 0.1515625 0.0109375 0.015625
0 0.325 0.171875 0.015625 0.01875
0 0.45625 0.07109375 0.0203125 0.021875
0 0.4828125 0.03671875 0.0125 0.0234375
0 0.503125 0.06953125 0.0109375 0.0109375
0 0.4875 0.08125 0.009375 0.009375
0 0.4796875 0.075 0.00625 0.0078125
0 0.453125 0.1171875 0.0078125 0.009375
0 0.49140625 0.11796875 0.009375 0.0171875
0 0.503125 0.11953125 0.00625 0.0078125
0 0.47265625 0.14453125 0.0046875 0.0078125
0 0.4390625 0.175 0.0046875 0.00625
0 0.3859375 0.071875 0.003125 0.003125
0 0.38828125 0.07265625 0.00625 0.0078125
0 0.4 0.04296875 0.0078125 0.00625
0 0.42578125 0.04375 0.00625 0.0078125
0 0.5234375 0.06875 0.00625 0.0109375
0 0.5265625 0.04921875 0.0125 0.0109375
0 0.54375 0.01328125 0.009375 0.0109375
0 0.52421875 0.0125 0.00625 0.00625
0 0.51328125 0.00234375 0.0046875 0.0046875
0 0.54375 0.17109375 0.0046875 0.009375
0 0.55 0.19140625 0.0078125 0.009375
0 0.58125 0.14765625 0.00625 0.00625
0 0.54296875 0.04375 0.00625 0.00625
0 0.49609375 0.21875 0.0078125 0.00625
0 0.48359375 0.234375 0.0046875 0.003125
0 0.46796875 0.27734375 0.00625 0.0078125
0 0.52890625 0.26875 0.00625 0.0078125
0 0.60546875 0.12109375 0.00625 0.00625
0 0.61328125 0.10625 0.0109375 0.009375
0 0.65625 0.1640625 0.0109375 0.0109375
0 0.67578125 0.1796875 0.009375 0.009375
0 0.7015625 0.1703125 0.009375 0.009375
0 0.6890625 0.06328125 0.00625 0.0078125
0 0.73984375 0.16953125 0.00625 0.0078125
0 0.75234375 0.16015625 0.00625 0.0078125
0 0.7171875 0.14375 0.00625 0.0046875
0 0.6953125 0.1421875 0.0078125 0.0078125
0 0.55078125 0.3703125 0.021875 0.01875
0 0.56015625 0.39453125 0.0203125 0.0265625
0 0.55078125 0.334375 0.0109375 0.009375
0 0.5296875 0.41484375 0.01875 0.021875
0 0.56328125 0.45078125 0.0125 0.0203125
0 0.596875 0.4828125 0.021875 0.0265625
0 0.45859375 0.46953125 0.0125 0.0109375
0 0.446875 0.36015625 0.0296875 0.0234375
0 0.3890625 0.37890625 0.0234375 0.025