0 0.121875 0.1796875 0.059375 0.04375
0 0.178125 0.15234375 0.0328125 0.028125
0 0.046875 0.32109375 0.03125 0.028125
0 0.15390625 0.2671875 0.0359375 0.0296875
0 0.0390625 0.50625 0.040625 0.0484375
0 0.0890625 0.43125 0.03125 0.0203125
0 0.1578125 0.57265625 0.015625 0.021875
0 0.1625 0.53671875 0.0125 0.0125
0 0.196875 0.475 0.025 0.0484375
0 0.190625 0.42734375 0.0203125 0.021875
0 0.1515625 0.66953125 0.0390625 0.0234375
0 0.2484375 0.44609375 0.0265625 0.0453125
0 0.22421875 0.39296875 0.028125 0.0609375
0 0.2578125 0.49921875 0.025 0.04375
0 0.26796875 0.5578125 0.025 0.0375
0 0.23046875 0.328125 0.0109375 0.0171875
0 0.240625 0.3375 0.0265625 0.065625
0 0.2515625 0.27421875 0.03125 0.0234375
0 0.25703125 0.328125 0.025 0.0546875
0 0.28125 0.365625 0.0390625 0.125
0 0.303125 0.48515625 0.0265625 0.0265625
0 0.31953125 0.53515625 0.028125 0.05625
0 0.36953125 0.709375 0.025 0.0390625
0 0.3109375 0.6734375 0.0234375 0.0421875
0 0.43125 0.81171875 0.01875 0.0390625
0 0.45078125 0.78984375 0.0375 0.0921875
0 0.4234375 0.69921875 0.028125 0.0515625
0 0.40546875 0.62109375 0.0359375 0.078125
0 0.4375 0.6171875 0.0234375 0.0421875
0 0.37890625 0.52109375 0.046875 0.103125
0 0.36171875 0.45390625 0.0203125 0.0265625
0 0.32578125 0.30390625 0.05 0.1125
0 0.32421875 0.3609375 0.0125 0.0140625
0 0.4046875 0.47890625 0.0359375 0.06875
0 0.47421875 0.49375 0.0484375 0.1
0 0.4890625 0.64296875 0.059375 0.1546875
0 0.590625 0.7328125 0.0296875 0.0375
0 0.6109375 0.7234375 0.03125 0.0515625
0 0.453125 0.23984375 0.0203125 0.034375
0 0.47421875 0.23984375 0.025 0.03125
0 0.48515625 0.28984375 0.028125 0.03125
0 0.54140625 0.38671875 0.034375 0.05
0 0.565625 0.43828125 0.0328125 0.053125
0 0.61484375 0.53515625 0.034375 0.0453125
0 0.675 0.68203125 0.03125 0.0421875
0 0.69765625 0.73671875 0.0234375 0.0328125
0 0.72265625 0.81953125 0.021875 0.0359375
0 0.76796875 0.321875 0.040625 0.0390625
0 0.72421875 0.39765625 0.028125 0.040625
0 0.74609375 0.42734375 0.025 0.0375
0 0.76953125 0.46171875 0.0453125 0.0515625
0 0.88359375 0.3890625 0.040625 0.0625
0 0.80390625 0.36171875 0.0390625 0.0515625
0 0.82421875 0.45703125 0.025 0.03125
0 0.86484375 0.49375 0.040625 0.0375
0 0.91640625 0.5390625 0.0484375 0.04375
0 0.97109375 0.58984375 0.0546875 0.06875
0 0.98671875 0.6453125 0.0265625 0.028125
1 0.6765625 0.13671875 0.04375 0.0578125
1 0.75625 0.015625 0.03125 0.03125
1 0.68515625 0.0203125 0.0359375 0.040625
1 0.59921875 0.02890625 0.0390625 0.0578125
1 0.50625 0.11171875 0.0421875 0.0609375