0 0.0671875 0.2484375 0.04375 0.04375
0 0.0171875 0.38515625 0.0296875 0.0328125
0 0.1515625 0.01953125 0.046875 0.0390625
0 0.35078125 0.0375 0.0375 0.021875
0 0.225 0.2203125 0.0265625 0.0265625
0 0.371875 0.13515625 0.028125 0.0328125
0 0.1109375 0.5015625 0.0265625 0.046875
0 0.2875 0.121875 0.0203125 0.0140625
0 0.475 0.14375 0.025 0.0484375
0 0.44140625 0.2890625 0.021875 0.0265625
0 0.49921875 0.36640625 0.03125 0.0296875
0 0.42890625 0.3890625 0.03125 0.0296875
0 0.4953125 0.43984375 0.0390625 0.05
0 0.35390625 0.68671875 0.025 0.04375
0 0.32890625 0.7953125 0.0296875 0.0640625
0 0.4390625 0.646875 0.0328125 0.0421875
0 0.3046875 0.8953125 0.03125 0.0328125
0 0.59375 0.7828125 0.0296875 0.046875
0 0.61484375 0.6 0.0375 0.0484375
0 0.6078125 0.53125 0.0328125 0.0390625
0 0.56640625 0.2203125 0.0203125 0.01875
0 0.559375 0.134375 0.0171875 0.028125
0 0.63203125 0.221875 0.01875 0.025
0 0.63828125 0.42109375 0.0171875 0.028125
0 0.6515625 0.53359375 0.0140625 0.028125
0 0.6921875 0.5453125 0.021875 0.046875
0 0.6875 0.6484375 0.028125 0.0390625
0 0.78671875 0.409375 0.0265625 0.046875
0 0.7875 0.6609375 0.021875 0.0359375
0 0.79375 0.76640625 0.0171875 0.0296875
0 0.859375 0.73515625 0.0234375 0.0296875
0 0.87890625 0.4796875 0.0234375 0.025
1 0.83359375 0.5609375 0.021875 0.0859375
1 0.9546875 0.55390625 0.0125 0.078125
1 0.65078125 0.765625 0.01875 0.1203125
1 0.25234375 0.3328125 0.021875 0.0921875