0 0.265625 0.325 0.028125 0.01953125
0 0.31171875 0.31328125 0.0265625 0.02265625
0 0.45859375 0.03515625 0.02109375 0.01953125
0 0.3234375 0.03203125 0.01484375 0.0140625
0 0.34609375 0.034375 0.0171875 0.01171875
0 0.3828125 0.0375 0.04375 0.01171875
0 0.2796875 0.01015625 0.028125 0.0109375
0 0.246875 0.04375 0.02421875 0.0171875
0 0.2328125 0.05625 0.02265625 0.0140625
0 0.36015625 0.1125 0.0265625 0.0171875
0 0.31796875 0.1203125 0.0125 0.01796875
0 0.4125 0.01640625 0.0171875 0.01640625
0 0.49921875 0.0125 0.0234375 0.0140625
0 0.52734375 0.0359375 0.01953125 0.01875
0 0.49609375 0.03671875 0.01015625 0.0140625
0 0.54453125 0.01328125 0.01328125 0.01171875
0 0.62578125 0.0515625 0.01171875 0.0125
0 0.6375 0.0359375 0.0109375 0.0140625
0 0.659375 0.0578125 0.01640625 0.01796875
0 0.703125 0.05625 0.01640625 0.01640625
0 0.68125 0.02421875 0.00859375 0.0125
0 0.7 0.03359375 0.00859375 0.01171875
0 0.76328125 0.03203125 0.02734375 0.01875
0 0.76796875 0.06796875 0.0234375 0.0203125
0 0.8109375 0.0765625 0.01875 0.01796875
0 0.840625 0.096875 0.02421875 0.01484375
0 0.85234375 0.06640625 0.02109375 0.02109375
0 0.884375 0.0796875 0.0125 0.01640625
0 0.9046875 0.08984375 0.0109375 0.0140625
0 0.928125 0.140625 0.0203125 0.0171875
0 0.953125 0.16484375 0.01328125 0.01484375
0 0.95390625 0.12109375 0.025 0.01953125
0 0.25546875 0.2609375 0.01171875 0.0109375
0 0.32734375 0.2609375 0.0109375 0.01171875
0 0.2171875 0.26796875 0.03046875 0.01171875
0 0.4421875 0.209375 0.01953125 0.01796875
0 0.40234375 0.21796875 0.01328125 0.00859375
0 0.38359375 0.240625 0.0109375 0.0078125
0 0.29765625 0.146875 0.01171875 0.01484375
0 0.48046875 0.178125 0.01328125 0.0125
0 0.5 0.08671875 0.0109375 0.01171875
0 0.14609375 0.32109375 0.02109375 0.01796875
0 0.10859375 0.33984375 0.01328125 0.01796875
0 0.08671875 0.34609375 0.0171875 0.02109375
0 0.0671875 0.35 0.01640625 0.01796875
0 0.04375 0.35546875 0.0125 0.0171875
0 0.1625 0.35 0.01484375 0.01640625
0 0.1421875 0.36875 0.01640625 0.02578125
0 0.12109375 0.378125 0.0140625 0.02109375
0 0.09375 0.38046875 0.0109375 0.02578125
0 0.07890625 0.41796875 0.0125 0.0125
0 0.05390625 0.42734375 0.0234375 0.0125
0 0.115625 0.40625 0.01328125 0.01328125
0 0.15625 0.43046875 0.0171875 0.01796875
0 0.18671875 0.41875 0.01640625 0.0171875
0 0.1984375 0.403125 0.01171875 0.02421875
0 0.2125 0.39375 0.0140625 0.01796875
0 0.28203125 0.37421875 0.0234375 0.0140625
0 0.31875 0.40703125 0.02109375 0.0234375
0 0.2234375 0.42265625 0.01796875 0.01328125
0 0.34765625 0.39296875 0.0171875 0.0203125
0 0.37421875 0.3765625 0.02109375 0.0203125
0 0.3953125 0.36484375 0.01796875 0.01328125
0 0.2125 0.484375 0.01328125 0.01484375
0 0.1953125 0.49765625 0.0109375 0.01484375
0 0.23515625 0.503125 0.0171875 0.0125
0 0.1859375 0.52265625 0.0359375 0.01015625
0 0.1484375 0.5828125 0.02109375 0.01796875
0 0.2609375 0.54296875 0.0125 0.0140625
0 0.2640625 0.509375 0.01796875 0.0171875
0 0.3328125 0.52421875 0.01796875 0.01875
0 0.40859375 0.4890625 0.0125 0.01875
0 0.390625 0.484375 0.0171875 0.01953125
0 0.28359375 0.546875 0.01640625 0.0109375
0 0.24140625 0.59375 0.0203125 0.02421875
0 0.253125 0.57890625 0.01796875 0.01875
0 0.328125 0.5546875 0.02265625 0.01484375
0 0.3359375 0.58828125 0.0140625 0.0125
0 0.36015625 0.62265625 0.01484375 0.01484375
0 0.3515625 0.6421875 0.01640625 0.01484375
0 0.2671875 0.671875 0.0234375 0.01953125
0 0.1921875 0.62421875 0.03046875 0.0125
0 0.18125 0.56875 0.01875 0.01953125
0 0.22109375 0.54765625 0.01875 0.01328125
0 0.39921875 0.58515625 0.01484375 0.01796875
0 0.39296875 0.66484375 0.01640625 0.025
0 0.3484375 0.70703125 0.01953125 0.01875
0 0.30625 0.69296875 0.0171875 0.01875
0 0.4890625 0.59375 0.01484375 0.01640625
0 0.51796875 0.57109375 0.01640625 0.0234375
0 0.609375 0.6125 0.01640625 0.025
0 0.69765625 0.571875 0.02578125 0.02421875
0 0.7703125 0.53984375 0.01640625 0.01484375
0 0.76015625 0.49921875 0.0171875 0.0171875
0 0.72265625 0.4390625 0.01953125 0.0171875
0 0.8203125 0.49375 0.01796875 0.01484375
0 0.8359375 0.55859375 0.02109375 0.03046875
0 0.7921875 0.53359375 0.02578125 0.025
0 0.75546875 0.421875 0.01328125 0.01171875
0 0.846875 0.4265625 0.01796875 0.02421875
0 0.9015625 0.42890625 0.0203125 0.01875
0 0.95 0.48671875 0.025 0.0296875
0 0.98671875 0.521875 0.01875 0.0234375
0 0.88359375 0.56796875 0.0234375 0.02734375
0 0.91328125 0.61015625 0.02578125 0.02890625
0 0.803125 0.59375 0.0203125 0.02578125
0 0.77109375 0.60234375 0.01484375 0.01875
0 0.7625 0.5765625 0.0203125 0.01796875
0 0.73984375 0.55078125 0.02265625 0.01640625
0 0.76640625 0.46484375 0.0078125 0.01171875
0 0.78828125 0.43046875 0.0234375 0.02578125
0 0.640625 0.5578125 0.015625 0.0109375
0 0.66015625 0.546875 0.01171875 0.01796875
0 0.71796875 0.5234375 0.01328125 0.01640625
0 0.7421875 0.5171875 0.0125 0.0125
0 0.73125 0.4625 0.0234375 0.021875
0 0.771875 0.48984375 0.0109375 0.009375
0 0.690625 0.40078125 0.01171875 0.015625
0 0.6859375 0.25390625 0.009375 0.01328125
0 0.7109375 0.28046875 0.0265625 0.0125
0 0.75390625 0.2984375 0.00859375 0.0234375
0 0.78828125 0.31796875 0.009375 0.0171875
0 0.8171875 0.34296875 0.0125 0.028125
0 0.8328125 0.36640625 0.00859375 0.01484375
0 0.86640625 0.39375 0.01015625 0.0203125
0 0.63203125 0.2296875 0.0125 0.009375