1 0.340625 0.75234375 0.0453125 0.04375
1 0.3203125 0.946875 0.046875 0.0484375
1 0.6421875 0.65546875 0.009375 0.0796875
1 0.6234375 0.75703125 0.021875 0.0546875
1 0.6703125 0.490625 0.021875 0.0703125
1 0.82421875 0.94921875 0.046875 0.096875
1 0.971875 0.971875 0.040625 0.05625
0 0.30546875 0.8609375 0.0484375 0.0859375
0 0.37421875 0.96171875 0.0390625 0.0625
0 0.22421875 0.72265625 0.03125 0.1875
0 0.27578125 0.69765625 0.0203125 0.14375
0 0.275 0.56015625 0.0390625 0.0890625
0 0.27421875 0.3921875 0.0359375 0.05625
0 0.31796875 0.4828125 0.0515625 0.0515625