0 0.52421875 0.05390625 0.0328125 0.046875
0 0.621875 0.0515625 0.0328125 0.046875
0 0.58515625 0.03671875 0.03125 0.0359375
0 0.78671875 0.17265625 0.03125 0.05
0 0.76484375 0.23359375 0.0375 0.065625
0 0.58359375 0.28984375 0.05625 0.0640625
0 0.56640625 0.3484375 0.046875 0.0703125
0 0.79765625 0.32265625 0.0703125 0.0765625
0 0.95234375 0.18203125 0.046875 0.0640625
0 0.9765625 0.24609375 0.046875 0.0390625
0 0.371875 0.39140625 0.0328125 0.0515625
0 0.4 0.4 0.025 0.03125
0 0.3 0.39453125 0.025 0.0390625
0 0.3 0.45625 0.0421875 0.0515625
0 0.2375 0.50703125 0.05 0.0609375
0 0.2171875 0.59453125 0.0515625 0.0578125
0 0.3125 0.6484375 0.0734375 0.0609375
0 0.36328125 0.49453125 0.053125 0.04375
0 0.403125 0.4890625 0.05625 0.0546875
0 0.67265625 0.4453125 0.0671875 0.0625
0 0.653125 0.4859375 0.0765625 0.046875
0 0.64921875 0.57265625 0.0625 0.0546875
0 0.7203125 0.41796875 0.0328125 0.0421875
0 0.9359375 0.3625 0.0734375 0.065625
0 0.91171875 0.503125 0.0609375 0.04375
0 0.9515625 0.28671875 0.0484375 0.053125
0 0.9921875 0.20078125 0.015625 0.0609375
1 0.85234375 0.14921875 0.0328125 0.059375
1 0.69140625 0.3 0.0171875 0.0328125
1 0.8484375 0.43515625 0.0359375 0.05625
1 0.7984375 0.528125 0.040625 0.0578125
1 0.6296875 0.83046875 0.040625 0.0640625