0 0.221875 0.27265625 0.0171875 0.01875
0 0.2515625 0.32109375 0.01484375 0.02109375
0 0.26875 0.33671875 0.01484375 0.0234375
0 0.2921875 0.36640625 0.0171875 0.01484375
0 0.25703125 0.29453125 0.02109375 0.021875
0 0.2390625 0.34453125 0.01484375 0.02421875
0 0.18359375 0.33671875 0.01953125 0.0234375
0 0.3390625 0.3109375 0.01328125 0.02578125
0 0.3546875 0.34609375 0.01875 0.02421875
0 0.36328125 0.2875 0.0171875 0.0328125
0 0.340625 0.41171875 0.015625 0.01875
0 0.2765625 0.40078125 0.02109375 0.0234375
0 0.20625 0.36875 0.01953125 0.028125
0 0.246875 0.42109375 0.0171875 0.0234375
0 0.2953125 0.4484375 0.01875 0.0234375
0 0.1828125 0.4390625 0.01484375 0.01953125
0 0.14375 0.42890625 0.02421875 0.02109375
0 0.0671875 0.43515625 0.01953125 0.021875
0 0.078125 0.40390625 0.02578125 0.01875
0 0.10859375 0.4234375 0.015625 0.02734375
0 0.18515625 0.471875 0.021875 0.02734375
0 0.23515625 0.509375 0.0234375 0.02109375
0 0.1328125 0.38046875 0.015625 0.0234375
0 0.140625 0.46328125 0.0234375 0.02734375
0 0.13671875 0.40546875 0.02109375 0.015625
0 0.0921875 0.48046875 0.01484375 0.0125
0 0.1046875 0.496875 0.01875 0.0171875
0 0.1015625 0.4625 0.02109375 0.021875
0 0.12578125 0.515625 0.015625 0.02109375
0 0.20703125 0.46328125 0.01484375 0.01875
0 0.225 0.48515625 0.015625 0.015625
0 0.20625 0.54453125 0.01484375 0.01953125
0 0.15546875 0.546875 0.01875 0.01484375
0 0.10703125 0.61875 0.01484375 0.015625
0 0.12734375 0.5578125 0.03671875 0.01875
0 0.28359375 0.534375 0.021875 0.01875
0 0.509375 0.075 0.01484375 0.03203125
0 0.50625 0.1109375 0.0171875 0.02109375
0 0.49453125 0.15703125 0.02109375 0.03671875
0 0.509375 0.2265625 0.021875 0.015625
0 0.4625 0.2640625 0.0125 0.02734375
0 0.5203125 0.1921875 0.021875 0.01015625
0 0.6484375 0.2328125 0.01328125 0.021875
0 0.61953125 0.27890625 0.021875 0.02109375
0 0.609375 0.29765625 0.01953125 0.015625
0 0.653125 0.190625 0.0109375 0.028125
0 0.4859375 0.29140625 0.0171875 0.01875
0 0.475 0.325 0.0125 0.0171875
0 0.46640625 0.3546875 0.01484375 0.021875
0 0.4515625 0.46796875 0.0171875 0.01875
0 0.53671875 0.37421875 0.01328125 0.021875
0 0.51015625 0.40625 0.0171875 0.01953125
0 0.6 0.36171875 0.01953125 0.0171875
0 0.57109375 0.41171875 0.0234375 0.01875
0 0.5515625 0.440625 0.02421875 0.0296875
0 0.4265625 0.58671875 0.015625 0.015625
0 0.42578125 0.65703125 0.0171875 0.0109375
0 0.4421875 0.640625 0.0234375 0.015625
0 0.47578125 0.61796875 0.0171875 0.0171875
0 0.49609375 0.59609375 0.01875 0.0125
0 0.4546875 0.69609375 0.021875 0.03046875
0 0.5421875 0.60859375 0.02734375 0.015625
0 0.565625 0.59296875 0.0328125 0.0234375
0 0.60390625 0.56484375 0.01875 0.028125
0 0.63984375 0.44375 0.01875 0.0171875
0 0.6140625 0.4484375 0.01953125 0.02578125
0 0.5859375 0.6890625 0.015625 0.01484375
0 0.5578125 0.71484375 0.01484375 0.02421875
0 0.52734375 0.74296875 0.01953125 0.01875
0 0.50859375 0.7484375 0.02109375 0.02421875
0 0.60703125 0.671875 0.02421875 0.0234375
0 0.65234375 0.4890625 0.01484375 0.01328125
0 0.5 0.80625 0.01953125 0.0109375
0 0.52109375 0.80390625 0.01953125 0.015625
0 0.56328125 0.796875 0.0296875 0.01328125
0 0.5546875 0.77890625 0.01953125 0.0125
0 0.57890625 0.7765625 0.0296875 0.01484375
0 0.60859375 0.775 0.02109375 0.01484375
0 0.6453125 0.75390625 0.02421875 0.0171875
0 0.6 0.75390625 0.015625 0.0125
0 0.66328125 0.73046875 0.0234375 0.015625
0 0.68671875 0.70546875 0.02421875 0.01875
0 0.7125 0.70859375 0.0171875 0.0234375
0 0.725 0.6890625 0.01484375 0.021875
0 0.7453125 0.6734375 0.02109375 0.01953125
0 0.771875 0.65703125 0.01875 0.01953125
0 0.80234375 0.659375 0.01484375 0.0234375
0 0.83125 0.634375 0.021875 0.02578125
0 0.68203125 0.79375 0.021875 0.0171875
0 0.72109375 0.765625 0.01953125 0.01484375
0 0.75078125 0.7375 0.0171875 0.0171875
0 0.76875 0.7015625 0.01328125 0.0125
0 0.5359375 0.84765625 0.0171875 0.0125
0 0.57734375 0.834375 0.02734375 0.01484375
0 0.59609375 0.85078125 0.0171875 0.015625
0 0.6078125 0.825 0.01875 0.01875
0 0.5 0.89375 0.034375 0.01484375
0 0.55859375 0.90078125 0.0328125 0.015625
0 0.5984375 0.89140625 0.02734375 0.0171875
0 0.6265625 0.90234375 0.01484375 0.0125
0 0.659375 0.896875 0.03046875 0.0125
0 0.62265625 0.93359375 0.015625 0.01328125
0 0.55703125 0.9765625 0.0296875 0.01875