0 0.40703125 0.09140625 0.09296875 0.0921875
0 0.46171875 0.17734375 0.05703125 0.05
0 0.4484375 0.2296875 0.05703125 0.0453125
0 0.31640625 0.2765625 0.06640625 0.05234375
0 0.45859375 0.3375 0.05703125 0.0453125
0 0.3953125 0.37890625 0.05 0.0578125
0 0.4484375 0.4875 0.04296875 0.0453125
0 0.346875 0.5953125 0.06640625 0.06015625
0 0.36328125 0.725 0.046875 0.0703125
0 0.5046875 0.7203125 0.05703125 0.075
0 0.46484375 0.8625 0.05 0.05
0 0.3296875 0.83125 0.0734375 0.07265625
0 0.3484375 0.9265625 0.05 0.04765625
0 0.553125 0.36484375 0.0265625 0.05
0 0.53515625 0.16640625 0.05 0.1328125
0 0.59140625 0.02890625 0.03828125 0.01796875
0 0.65078125 0.0484375 0.03125 0.02890625
1 0.31484375 0.16015625 0.03828125 0.0828125
0 0.10859375 0.03671875 0.08203125 0.0234375
0 0.26328125 0.12734375 0.0265625 0.05234375
0 0.7453125 0.21875 0.0484375 0.02734375
0 0.7140625 0.30234375 0.02421875 0.01640625
0 0.259375 0.1828125 0.02421875 0.0234375
0 0.140625 0.134375 0.03125 0.02734375
0 0.19453125 0.221875 0.01953125 0.025
1 0.2921875 0.43828125 0.0265625 0.07578125
1 0.2546875 0.72578125 0.0140625 0.06328125