0 0.10390625 0.12578125 0.0578125 0.075
0 0.1 0.290625 0.0953125 0.0984375
0 0.0609375 0.4921875 0.0734375 0.0890625
0 0.1203125 0.62265625 0.090625 0.0765625
0 0.0703125 0.77734375 0.075 0.0953125
0 0.2578125 0.6828125 0.09375 0.1
0 0.15234375 0.7625 0.0703125 0.0890625
0 0.35390625 0.0640625 0.065625 0.078125
0 0.39453125 0.0296875 0.0515625 0.059375
0 0.3484375 0.00703125 0.05 0.0140625
0 0.49921875 0.08984375 0.0484375 0.0484375
0 0.49765625 0.1640625 0.034375 0.0390625
0 0.35390625 0.12734375 0.0453125 0.0515625
0 0.375 0.30546875 0.046875 0.0578125
0 0.31484375 0.1390625 0.03125 0.0453125
0 0.4546875 0.296875 0.03125 0.046875
0 0.43828125 0.44921875 0.0828125 0.0625
0 0.4375 0.50546875 0.0734375 0.05625
0 0.43515625 0.58203125 0.021875 0.0265625
0 0.5 0.61640625 0.0375 0.0421875