1 0.096875 0.1328125 0.19375 0.128125
1 0.21640625 0.503125 0.1 0.0875
1 0.3765625 0.43046875 0.071875 0.0828125
1 0.56640625 0.87578125 0.084375 0.0875
1 0.8375 0.57578125 0.078125 0.071875
1 0.87109375 0.178125 0.0515625 0.059375
1 0.40234375 0.18671875 0.065625 0.06875
0 0.05625 0.22109375 0.1125 0.1109375
0 0.19609375 0.23125 0.0484375 0.065625
0 0.228125 0.196875 0.059375 0.0671875
0 0.26875 0.18671875 0.040625 0.06875
0 0.3265625 0.0609375 0.090625 0.0796875
0 0.51640625 0.14921875 0.0359375 0.0359375
0 0.6046875 0.1265625 0.0453125 0.059375
0 0.69296875 0.1109375 0.0515625 0.0609375
0 0.73359375 0.09609375 0.0515625 0.0671875
0 0.7140625 0.01171875 0.0046875 0.003125
0 0.7390625 0.04375 0.059375 0.053125
0 0.63125 0.015625 0.0375 0.03125
0 0.6796875 0.340625 0.065625 0.053125
0 0.76015625 0.31484375 0.06875 0.071875
0 0.82578125 0.26875 0.0671875 0.0625
0 0.93515625 0.27421875 0.0515625 0.0609375
0 0.87265625 0.33984375 0.0609375 0.040625
0 0.81953125 0.3671875 0.040625 0.0453125
0 0.815625 0.4125 0.121875 0.09375
0 0.67890625 0.46796875 0.10625 0.0953125
0 0.60859375 0.41171875 0.0484375 0.0390625
0 0.52890625 0.575 0.134375 0.1015625
0 0.3375 0.62109375 0.05 0.046875
0 0.37734375 0.6828125 0.0515625 0.0515625
0 0.13515625 0.6515625 0.05625 0.053125
0 0.1515625 0.77265625 0.165625 0.1171875
0 0.2 0.62421875 0.034375 0.0421875
0 0.4453125 0.9546875 0.0765625 0.0765625
0 0.6625 0.928125 0.084375 0.065625
0 0.784375 0.66796875 0.05625 0.05625
0 0.8796875 0.74765625 0.0734375 0.0625
0 0.93828125 0.8265625 0.1234375 0.1
0 0.99375 0.5734375 0.0125 0.05625