0 0.36484375 0.165625 0.078125 0.05390625
0 0.22578125 0.353125 0.05234375 0.03203125
0 0.05625 0.37578125 0.05234375 0.04375
0 0.2015625 0.1609375 0.04765625 0.0484375
0 0.38828125 0.56015625 0.06484375 0.07109375
0 0.2953125 0.6703125 0.0609375 0.07578125
0 0.4015625 0.7375 0.06484375 0.0390625
0 0.89609375 0.60078125 0.05625 0.04375
0 0.86171875 0.25546875 0.0390625 0.04609375
0 0.36015625 0.809375 0.04375 0.03203125
0 0.39921875 0.925 0.04375 0.04375
0 0.44453125 0.0875 0.0390625 0.01953125
0 0.646875 0.03203125 0.05234375 0.06328125
0 0.546875 0.32109375 0.0609375 0.0515625