0 0.36484375 0.103125 0.1015625 0.1015625
0 0.428125 0.1828125 0.0625 0.05625
0 0.4203125 0.23671875 0.0609375 0.0515625
0 0.29375 0.296875 0.071875 0.059375
0 0.4421875 0.34296875 0.0609375 0.0515625
0 0.38359375 0.390625 0.05625 0.0625
0 0.44765625 0.49296875 0.046875 0.05
0 0.3578125 0.6109375 0.071875 0.0671875
0 0.3875 0.73828125 0.0546875 0.075
0 0.52734375 0.71875 0.0640625 0.08125
0 0.503125 0.8640625 0.0546875 0.0546875
0 0.365625 0.846875 0.08125 0.0796875
0 0.39375 0.93984375 0.0546875 0.053125
0 0.5390625 0.36015625 0.03125 0.053125
0 0.5 0.16484375 0.0640625 0.1375
0 0.54140625 0.021875 0.040625 0.021875
0 0.603125 0.03515625 0.034375 0.03125
1 0.28046875 0.18125 0.046875 0.0859375
0 0.0625 0.08046875 0.084375 0.03125
0 0.22578125 0.15390625 0.03125 0.0546875
0 0.71484375 0.19453125 0.0515625 0.0328125
0 0.6921875 0.28125 0.0265625 0.01875
0 0.22734375 0.209375 0.0265625 0.0265625
0 0.1046875 0.17421875 0.034375 0.0296875
0 0.1671875 0.25546875 0.021875 0.0265625
1 0.28671875 0.46015625 0.034375 0.078125
1 0.2796875 0.75 0.0203125 0.0640625