0 0.04140625 0.58203125 0.0296875 0.0390625
0 0.084375 0.73671875 0.04375 0.05
0 0.1609375 0.97578125 0.0515625 0.046875
0 0.38046875 0.97421875 0.0625 0.0421875
0 0.39765625 0.86953125 0.0296875 0.0359375
0 0.2421875 0.7734375 0.040625 0.0390625
0 0.13984375 0.48203125 0.0453125 0.0578125
0 0.3640625 0.22109375 0.05625 0.06875
0 0.3453125 0.1015625 0.0328125 0.0328125
0 0.3890625 0.321875 0.0359375 0.0453125
0 0.46953125 0.36953125 0.053125 0.059375
0 0.4578125 0.63046875 0.0375 0.0375
0 0.528125 0.6546875 0.03125 0.03125
0 0.471875 0.72734375 0.0265625 0.025
0 0.52890625 0.590625 0.0328125 0.025
0 0.5 0.8796875 0.0296875 0.0328125
0 0.5890625 0.89453125 0.021875 0.0265625
0 0.64765625 0.5078125 0.034375 0.05
0 0.63828125 0.253125 0.034375 0.0484375
0 0.6546875 0.434375 0.0390625 0.05
0 0.72734375 0.5 0.0296875 0.0421875
0 0.7328125 0.38828125 0.0265625 0.040625
0 0.69375 0.5015625 0.0234375 0.0265625
0 0.83359375 0.39375 0.0234375 0.0375
0 0.82578125 0.6421875 0.0453125 0.053125
0 0.91484375 0.3265625 0.0296875 0.0296875
0 0.84140625 0.2859375 0.0203125 0.03125
0 0.6671875 0.815625 0.021875 0.0375
1 0.96640625 0.68671875 0.0328125 0.1109375
1 0.8578125 0.50703125 0.028125 0.1
1 0.43046875 0.48203125 0.0296875 0.0984375
1 0.28671875 0.71328125 0.0375 0.1