0 0.0625 0.25625 0.04375 0.04375
0 0.015625 0.39375 0.02890625 0.03203125
0 0.14296875 0.02421875 0.04609375 0.040625
0 0.34296875 0.03984375 0.0375 0.021875
0 0.2203125 0.225 0.02578125 0.02578125
0 0.365625 0.1375 0.02734375 0.0328125
0 0.1109375 0.50859375 0.02578125 0.04609375
0 0.28125 0.12578125 0.0203125 0.01328125
0 0.46875 0.14453125 0.02421875 0.04765625
0 0.4375 0.28984375 0.021875 0.02578125
0 0.496875 0.36640625 0.03046875 0.02890625
0 0.42734375 0.390625 0.03046875 0.02890625
0 0.49453125 0.43984375 0.0375 0.04921875
0 0.35703125 0.6890625 0.02421875 0.04296875
0 0.334375 0.7984375 0.02890625 0.06328125
0 0.44140625 0.64765625 0.0328125 0.0421875
0 0.31171875 0.8984375 0.03046875 0.0328125
0 0.5984375 0.78125 0.02890625 0.04609375
0 0.61640625 0.59765625 0.0359375 0.04765625
0 0.60859375 0.5296875 0.0328125 0.0390625
0 0.56171875 0.21953125 0.0203125 0.01875
0 0.553125 0.13359375 0.0171875 0.02734375
0 0.62734375 0.21953125 0.01875 0.02421875
0 0.63671875 0.41875 0.0171875 0.02734375
0 0.65234375 0.53125 0.01328125 0.02734375
0 0.69296875 0.5421875 0.0203125 0.04609375
0 0.68984375 0.6453125 0.02734375 0.0390625
0 0.78515625 0.4046875 0.02578125 0.04609375
0 0.790625 0.65625 0.021875 0.0359375
0 0.7984375 0.7609375 0.0171875 0.02890625
0 0.86328125 0.72890625 0.0234375 0.02890625
0 0.878125 0.4734375 0.0234375 0.02421875
1 0.834375 0.55546875 0.0203125 0.08515625
1 0.95546875 0.54609375 0.01171875 0.078125
1 0.65546875 0.76328125 0.0171875 0.11953125
1 0.24921875 0.3375 0.0203125 0.0921875