0 0.75390625 0.2671875 0.0578125 0.04375
0 0.775 0.35078125 0.0578125 0.05
0 0.72421875 0.3765625 0.04375 0.0328125
0 0.59609375 0.38984375 0.0171875 0.0171875
0 0.584375 0.4484375 0.0375 0.021875
0 0.328125 0.4140625 0.0515625 0.0375
0 0.215625 0.50859375 0.040625 0.0375
0 0.33359375 0.54921875 0.053125 0.0390625
0 0.55078125 0.54296875 0.0421875 0.0265625
0 0.2875 0.2453125 0.021875 0.0171875
0 0.8390625 0.52734375 0.0203125 0.021875
0 0.88359375 0.57890625 0.03125 0.01875
0 0.98671875 0.590625 0.0140625 0.0203125
0 0.93984375 0.48203125 0.0234375 0.0125
0 0.9859375 0.434375 0.028125 0.028125
0 0.76015625 0.73046875 0.025 0.040625
0 0.8 0.7453125 0.040625 0.0453125
0 0.01953125 0.6203125 0.0390625 0.025
0 0.20390625 0.66171875 0.03125 0.009375
0 0.23828125 0.67265625 0.04375 0.0109375
0 0.36328125 0.6484375 0.071875 0.0265625
0 0.39375 0.690625 0.0421875 0.0109375
0 0.46328125 0.721875 0.04375 0.0171875
0 0.37890625 0.7125 0.034375 0.01875
0 0.64296875 0.91875 0.028125 0.0140625
0 0.7890625 0.92265625 0.034375 0.021875
0 0.7171875 0.884375 0.04375 0.0140625
1 0.2171875 0.28203125 0.0234375 0.0453125
1 0.540625 0.33984375 0.0171875 0.075
1 0.7078125 0.47578125 0.028125 0.0484375
1 0.06640625 0.378125 0.01875 0.053125
1 0.13828125 0.22109375 0.025 0.0640625