0 0.14921875 0.43359375 0.015625 0.009375
0 0.21171875 0.3890625 0.0203125 0.01953125
0 0.0640625 0.4546875 0.0171875 0.01484375
0 0.0625 0.503125 0.01015625 0.015625
0 0.1703125 0.5203125 0.0140625 0.02109375
0 0.0859375 0.4734375 0.00859375 0.01015625
0 0.10390625 0.4703125 0.01015625 0.0109375
0 0.0328125 0.4921875 0.0125 0.021875
0 0.0234375 0.53984375 0.0109375 0.0140625
0 0.04140625 0.56015625 0.00703125 0.009375
0 0.06171875 0.57109375 0.0140625 0.015625
0 0.028125 0.5890625 0.0125 0.01484375
0 0.00390625 0.5359375 0.0078125 0.0125
0 0.003125 0.47578125 0.00625 0.0109375
0 0.03125 0.5171875 0.0078125 0.01171875
0 0.071875 0.43125 0.021875 0.0125
0 0.09453125 0.40234375 0.0125 0.0203125
0 0.1046875 0.425 0.0125 0.0125
0 0.1390625 0.40703125 0.0125 0.01328125
0 0.21953125 0.43046875 0.01875 0.02109375
0 0.20703125 0.465625 0.0140625 0.01484375
0 0.21796875 0.525 0.01328125 0.01328125
0 0.14453125 0.49296875 0.009375 0.01171875
0 0.15390625 0.50625 0.01171875 0.01484375
0 0.07578125 0.53515625 0.025 0.01875
0 0.1296875 0.54375 0.01171875 0.01171875
0 0.00625 0.64375 0.0125 0.0375
0 0.02890625 0.63671875 0.02578125 0.01328125
0 0.00703125 0.6 0.00859375 0.028125
0 0.025 0.6125 0.0125 0.0171875
0 0.08125 0.6015625 0.01015625 0.01328125
0 0.0328125 0.665625 0.0109375 0.02109375
0 0.04453125 0.61875 0.0109375 0.01484375
0 0.01328125 0.6921875 0.01015625 0.015625
0 0.06953125 0.61875 0.0109375 0.01484375
0 0.05703125 0.64296875 0.01015625 0.01328125
0 0.00625 0.70703125 0.009375 0.01328125
0 0.14296875 0.61015625 0.015625 0.01875
0 0.17578125 0.62421875 0.0125 0.015625
0 0.10625 0.69765625 0.01015625 0.015625
0 0.11953125 0.69921875 0.0078125 0.015625
0 0.13359375 0.68046875 0.009375 0.0171875
0 0.0890625 0.725 0.009375 0.0125
0 0.09296875 0.75234375 0.009375 0.01875
0 0.08359375 0.76875 0.00859375 0.0109375
0 0.29453125 0.51171875 0.0203125 0.015625
0 0.221875 0.571875 0.01171875 0.015625
0 0.25 0.55703125 0.0171875 0.01484375
0 0.20625 0.6390625 0.0203125 0.01328125
0 0.1796875 0.6734375 0.01328125 0.01875
0 0.16796875 0.7015625 0.01328125 0.0171875
0 0.140625 0.7671875 0.01484375 0.02890625
0 0.215625 0.6625 0.02109375 0.01484375
0 0.21328125 0.68359375 0.01171875 0.0140625
0 0.24140625 0.6484375 0.01171875 0.01484375
0 0.2375 0.66640625 0.01328125 0.0171875
0 0.19296875 0.70234375 0.01171875 0.01484375
0 0.20703125 0.70390625 0.01171875 0.0171875
0 0.18203125 0.725 0.01015625 0.01796875
0 0.1734375 0.7390625 0.01015625 0.0171875
0 0.1703125 0.76015625 0.0171875 0.03125
0 0.1625 0.78671875 0.01015625 0.02109375
0 0.13125 0.80859375 0.0140625 0.025
0 0.26015625 0.60546875 0.01015625 0.0140625
0 0.28046875 0.61484375 0.01015625 0.01484375
0 0.29921875 0.55546875 0.0078125 0.01484375
0 0.3109375 0.5828125 0.01328125 0.01484375
0 0.29296875 0.84609375 0.01171875 0.0171875
0 0.29609375 0.87265625 0.009375 0.0171875
0 0.3015625 0.80625 0.0125 0.01796875
0 0.31015625 0.85703125 0.0125 0.0125
0 0.29921875 0.83515625 0.009375 0.015625
0 0.33984375 0.77265625 0.01171875 0.01640625
0 0.32109375 0.79609375 0.0140625 0.02109375
0 0.3125 0.7265625 0.0078125 0.01328125
0 0.34921875 0.7203125 0.0078125 0.01171875
0 0.33125 0.64609375 0.009375 0.01875
0 0.3296875 0.69375 0.009375 0.021875
0 0.346875 0.659375 0.009375 0.0125
0 0.42265625 0.7546875 0.01328125 0.015625
0 0.45234375 0.76015625 0.02578125 0.0125
0 0.45234375 0.6953125 0.02890625 0.021875
0 0.4890625 0.72578125 0.0078125 0.0125
0 0.46875 0.78671875 0.02265625 0.02265625
0 0.50859375 0.8140625 0.0203125 0.0171875
0 0.47890625 0.765625 0.02109375 0.0234375
0 0.5234375 0.853125 0.01328125 0.0140625
0 0.5734375 0.88125 0.01328125 0.015625
0 0.55 0.9109375 0.0140625 0.02578125
0 0.56328125 0.840625 0.01015625 0.01328125
0 0.59296875 0.8875 0.0125 0.01640625
0 0.534375 0.79375 0.01328125 0.015625
0 0.471875 0.72421875 0.0171875 0.0203125
0 0.5359375 0.74140625 0.01171875 0.01796875
0 0.49609375 0.68125 0.0140625 0.01171875
0 0.4765625 0.6796875 0.01171875 0.0171875
0 0.48828125 0.70625 0.01015625 0.01328125
0 0.46640625 0.60546875 0.01328125 0.015625
0 0.48828125 0.584375 0.01328125 0.015625
0 0.5078125 0.5890625 0.01171875 0.0140625
0 0.5125 0.60859375 0.01328125 0.0125
0 0.5375 0.6265625 0.01015625 0.03125
0 0.51796875 0.65859375 0.01328125 0.01640625
0 0.534375 0.68046875 0.01640625 0.015625
0 0.55078125 0.6609375 0.0125 0.0125
0 0.5828125 0.66640625 0.009375 0.015625
0 0.590625 0.65390625 0.009375 0.01171875
0 0.60703125 0.67890625 0.0171875 0.01796875
0 0.5828125 0.68671875 0.01015625 0.01171875
0 0.5453125 0.69296875 0.0125 0.0234375
0 0.56640625 0.70859375 0.01328125 0.0234375
0 0.58515625 0.71796875 0.0140625 0.01796875
0 0.61484375 0.7546875 0.046875 0.03203125
0 0.63046875 0.7890625 0.01875 0.0171875
0 0.65703125 0.8140625 0.03046875 0.03515625
0 0.65390625 0.84609375 0.01796875 0.025
0 0.67421875 0.85 0.0140625 0.0140625
0 0.6421875 0.74296875 0.0125 0.01796875
0 0.540625 0.58203125 0.01328125 0.01875
0 0.51015625 0.53359375 0.009375 0.01796875
0 0.4875 0.5375 0.01171875 0.015625
0 0.45625 0.5390625 0.009375 0.01015625
0 0.45859375 0.46484375 0.01328125 0.015625
0 0.4703125 0.403125 0.0171875 0.01796875
0 0.571875 0.48203125 0.01328125 0.0140625
0 0.6 0.5578125 0.03203125 0.0359375
0 0.70859375 0.63984375 0.01796875 0.015625
0 0.70078125 0.65859375 0.01328125 0.01796875
0 0.70703125 0.68671875 0.0125 0.015625
0 0.71015625 0.7046875 0.01171875 0.01640625
0 0.73984375 0.69375 0.025 0.02265625
0 0.7765625 0.765625 0.0265625 0.0234375
0 0.46875 0.3140625 0.0125 0.01171875
0 0.5296875 0.30859375 0.009375 0.01328125
0 0.54609375 0.33125 0.0125 0.01171875
0 0.56328125 0.3453125 0.01171875 0.0140625
0 0.590625 0.3796875 0.01171875 0.0125
0 0.6078125 0.39765625 0.0296875 0.01640625
0 0.6453125 0.38671875 0.015625 0.01328125
0 0.65625 0.45703125 0.0203125 0.025
0 0.70390625 0.4671875 0.02578125 0.021875
0 0.73671875 0.49296875 0.02265625 0.03203125
0 0.77578125 0.55234375 0.0296875 0.021875
0 0.76640625 0.60859375 0.03046875 0.01796875
0 0.8203125 0.62890625 0.01796875 0.0203125
0 0.77578125 0.41171875 0.03046875 0.03125
0 0.79453125 0.47109375 0.01796875 0.021875
0 0.8171875 0.51171875 0.01796875 0.01796875
0 0.8671875 0.5546875 0.03359375 0.02265625
0 0.66796875 0.36875 0.0125 0.0140625
0 0.63984375 0.3359375 0.02265625 0.009375
0 0.60703125 0.253125 0.01328125 0.0171875
0 0.6546875 0.2140625 0.01640625 0.0125
0 0.71484375 0.2734375 0.01015625 0.009375
0 0.75390625 0.278125 0.02109375 0.01328125
0 0.7328125 0.2875 0.015625 0.0171875
0 0.75703125 0.3046875 0.0125 0.015625
0 0.80546875 0.34140625 0.009375 0.0140625
0 0.84140625 0.38046875 0.00703125 0.03828125
0 0.853125 0.41953125 0.01015625 0.0171875
0 0.79140625 0.2765625 0.02265625 0.021875
0 0.75625 0.25390625 0.0125 0.0140625
0 0.734375 0.22578125 0.03203125 0.01796875
0 0.78671875 0.140625 0.01875 0.01328125
0 0.80703125 0.15546875 0.0125 0.01171875
0 0.809375 0.1203125 0.03046875 0.0234375
0 0.77421875 0.1265625 0.01328125 0.01171875
0 0.82578125 0.15078125 0.0125 0.015625
0 0.84453125 0.15546875 0.0125 0.009375
0 0.86484375 0.17109375 0.01015625 0.015625
0 0.6328125 0.05625 0.01796875 0.01171875
0 0.54609375 0.07578125 0.0203125 0.01328125
0 0.5953125 0.2078125 0.0171875 0.01328125
0 0.54140625 0.1359375 0.0171875 0.00859375
0 0.2515625 0.24140625 0.01484375 0.01484375
0 0.17890625 0.27578125 0.01640625 0.0125
0 0.16953125 0.23828125 0.01328125 0.009375