0 0.41171875 0.1015625 0.0296875 0.0265625
0 0.42265625 0.15 0.0265625 0.0203125
0 0.30625 0.11796875 0.0234375 0.0234375
0 0.32265625 0.20390625 0.025 0.01875
0 0.284375 0.309375 0.03125 0.028125
0 0.3109375 0.33359375 0.028125 0.0203125
0 0.40859375 0.271875 0.0234375 0.028125
0 0.2296875 0.2515625 0.0203125 0.01875
0 0.64765625 0.31015625 0.0359375 0.0421875
0 0.7609375 0.43359375 0.025 0.025
0 0.765625 0.50546875 0.0296875 0.028125
0 0.809375 0.509375 0.0359375 0.0328125
0 0.6421875 0.446875 0.0296875 0.028125
0 0.60390625 0.56640625 0.0328125 0.0375
0 0.68046875 0.5703125 0.0234375 0.028125
0 0.546875 0.53984375 0.0296875 0.0328125
0 0.67734375 0.6296875 0.021875 0.0234375
0 0.35546875 0.02421875 0.0234375 0.025
0 0.43359375 0.04765625 0.01875 0.0203125
0 0.36328125 0.31640625 0.0265625 0.0234375
0 0.36484375 0.42265625 0.0140625 0.0140625
0 0.39921875 0.44140625 0.0140625 0.0140625
0 0.34609375 0.45625 0.0125 0.0171875
0 0.290625 0.4875 0.0140625 0.0125
0 0.27734375 0.603125 0.0203125 0.01875
0 0.2859375 0.640625 0.021875 0.01875
0 0.27265625 0.671875 0.01875 0.01875
0 0.28203125 0.70234375 0.0140625 0.0140625
0 0.31015625 0.67890625 0.0140625 0.0125
0 0.32421875 0.69296875 0.0140625 0.0125
0 0.30234375 0.7390625 0.0265625 0.0203125
0 0.23984375 0.73515625 0.0125 0.0171875
0 0.2796875 0.803125 0.015625 0.0234375
0 0.3125 0.78984375 0.0109375 0.0109375
0 0.3171875 0.81953125 0.009375 0.0125
0 0.35625 0.75078125 0.009375 0.0125
0 0.48046875 0.75546875 0.015625 0.0171875
0 0.53046875 0.8078125 0.0125 0.0171875
0 0.52578125 0.75 0.0140625 0.0125
0 0.46640625 0.68203125 0.0265625 0.028125
0 0.5296875 0.7375 0.0140625 0.0125
0 0.52578125 0.68984375 0.0171875 0.01875
0 0.55390625 0.6984375 0.01875 0.0171875
0 0.60625 0.7296875 0.0140625 0.0140625
0 0.59765625 0.74765625 0.015625 0.015625
0 0.6359375 0.7625 0.0125 0.0125
0 0.59765625 0.7703125 0.0171875 0.01875
0 0.634375 0.703125 0.0109375 0.0125
0 0.67265625 0.75234375 0.0140625 0.0171875
0 0.60390625 0.678125 0.0171875 0.0203125
0 0.6859375 0.66875 0.01875 0.0171875
0 0.69921875 0.709375 0.0140625 0.0140625
0 0.73359375 0.75078125 0.025 0.0234375
0 0.7265625 0.61796875 0.0140625 0.0125
0 0.75859375 0.65859375 0.0140625 0.0140625
0 0.6578125 0.58515625 0.028125 0.028125
0 0.5203125 0.384375 0.015625 0.01875
0 0.70703125 0.28125 0.0546875 0.0484375
1 0.609375 0.33046875 0.0296875 0.015625
1 0.52109375 0.4484375 0.040625 0.0265625
1 0.31015625 0.55546875 0.0359375 0.0359375