0 0.1140625 0.03203125 0.01640625 0.02734375
0 0.16328125 0.01640625 0.01796875 0.02578125
0 0.2328125 0.01015625 0.021875 0.0203125
0 0.33984375 0.08203125 0.021875 0.0296875
0 0.33671875 0.1515625 0.01484375 0.01953125
0 0.3046875 0.1640625 0.0203125 0.01796875
0 0.4 0.10859375 0.021875 0.02578125
0 0.4203125 0.1453125 0.0328125 0.02578125
0 0.4125 0.1828125 0.03046875 0.02265625
0 0.47578125 0.11875 0.0171875 0.021875
0 0.5546875 0.0328125 0.021875 0.03203125
0 0.66875 0.05546875 0.021875 0.0203125
0 0.76640625 0.090625 0.0203125 0.0125
0 0.809375 0.10546875 0.034375 0.02421875
0 0.853125 0.10390625 0.0265625 0.021875
0 0.86015625 0.1796875 0.01484375 0.015625
0 0.61875 0.14765625 0.028125 0.02734375
0 0.67265625 0.15234375 0.025 0.025
0 0.50078125 0.22890625 0.03671875 0.025
0 0.4421875 0.28125 0.0296875 0.028125
0 0.4734375 0.2890625 0.021875 0.0203125
0 0.68359375 0.19609375 0.0296875 0.021875
0 0.93671875 0.34609375 0.0171875 0.0203125
0 0.95546875 0.43828125 0.01953125 0.02578125
0 0.94921875 0.515625 0.0265625 0.03671875
0 0.7890625 0.36875 0.01875 0.015625
0 0.79765625 0.54140625 0.02421875 0.015625
0 0.790625 0.578125 0.02734375 0.03203125
0 0.9671875 0.62890625 0.02578125 0.02265625
0 0.89609375 0.66875 0.02109375 0.02578125
0 0.98671875 0.79296875 0.02578125 0.034375
0 0.825 0.75703125 0.0390625 0.0328125
0 0.77421875 0.67265625 0.02421875 0.021875
0 0.90546875 0.84140625 0.02734375 0.028125
0 0.909375 0.9140625 0.03046875 0.03515625
0 0.859375 0.8953125 0.021875 0.02265625
0 0.828125 0.89453125 0.0203125 0.01796875
0 0.7890625 0.959375 0.0328125 0.02265625
0 0.77109375 0.8140625 0.03984375 0.02421875
0 0.7234375 0.71484375 0.028125 0.021875
0 0.69296875 0.78984375 0.03828125 0.03046875
0 0.64453125 0.81953125 0.0375 0.02578125
0 0.58515625 0.85078125 0.03671875 0.0203125
0 0.48515625 0.934375 0.03125 0.0328125
0 0.51171875 0.9734375 0.03125 0.028125
0 0.44609375 0.97421875 0.034375 0.0375
0 0.76015625 0.5828125 0.0171875 0.0125
0 0.69609375 0.60390625 0.021875 0.0203125
0 0.64453125 0.6328125 0.03359375 0.02265625
0 0.653125 0.5890625 0.03125 0.0203125
0 0.66875 0.53125 0.03046875 0.034375
0 0.62109375 0.559375 0.01328125 0.015625
0 0.55 0.54296875 0.01953125 0.015625
0 0.51875 0.61484375 0.01171875 0.01015625
0 0.453125 0.6296875 0.0171875 0.01484375
0 0.42734375 0.73203125 0.028125 0.021875
0 0.36015625 0.75390625 0.01953125 0.025
0 0.3265625 0.65625 0.025 0.02265625
0 0.33125 0.69921875 0.03125 0.03984375
0 0.28203125 0.72578125 0.0265625 0.04296875
0 0.2328125 0.72265625 0.021875 0.02265625
0 0.203125 0.6953125 0.0328125 0.01953125
0 0.18125 0.72734375 0.02890625 0.02734375
0 0.2078125 0.82734375 0.03515625 0.0296875
0 0.13046875 0.740625 0.0265625 0.0203125
0 0.14765625 0.7625 0.04765625 0.015625
0 0.1296875 0.7828125 0.02890625 0.01796875
0 0.13203125 0.8234375 0.02578125 0.0203125
0 0.146875 0.86484375 0.0328125 0.0375
0 0.11015625 0.88984375 0.025 0.034375
0 0.071875 0.86484375 0.02734375 0.0296875
0 0.0296875 0.8875 0.02890625 0.01328125
0 0.03984375 0.76875 0.01875 0.02265625
0 0.01328125 0.7890625 0.0265625 0.03125
0 0.04453125 0.50234375 0.0328125 0.0171875
0 0.04296875 0.46953125 0.0296875 0.0296875
0 0.075 0.48984375 0.02109375 0.01953125
0 0.1140625 0.46015625 0.02109375 0.021875
0 0.13125 0.45078125 0.01484375 0.01953125
0 0.153125 0.45546875 0.0125 0.0171875
0 0.22734375 0.415625 0.03125 0.02265625
0 0.18671875 0.44609375 0.0359375 0.0296875
0 0.15390625 0.415625 0.02421875 0.02578125
0 0.10390625 0.38359375 0.03046875 0.02578125
0 0.18203125 0.490625 0.025 0.02421875
0 0.26171875 0.44140625 0.02109375 0.01796875
0 0.096875 0.3359375 0.04375 0.0296875
0 0.121875 0.3046875 0.05234375 0.028125
0 0.31796875 0.27578125 0.0203125 0.01953125
0 0.3390625 0.325 0.021875 0.02578125
0 0.37265625 0.40234375 0.02734375 0.02421875
0 0.353125 0.44140625 0.0328125 0.0203125
0 0.325 0.4578125 0.0359375 0.01484375
0 0.48359375 0.409375 0.03359375 0.03671875
0 0.47890625 0.503125 0.03046875 0.025
0 0.4546875 0.53203125 0.0203125 0.015625
0 0.553125 0.35546875 0.02109375 0.0125
1 0.81875 0.25390625 0.0125 0.04765625
1 0.84140625 0.43671875 0.0140625 0.06328125
1 0.72265625 0.428125 0.00859375 0.06015625
1 0.8421875 0.6734375 0.0109375 0.07421875