0 0.2078125 0.090625 0.04296875 0.03203125
0 0.3609375 0.21328125 0.08046875 0.05
0 0.3265625 0.30546875 0.07421875 0.0625
0 0.36796875 0.50390625 0.0828125 0.046875
0 0.6234375 0.2734375 0.0484375 0.06640625
0 0.70390625 0.2875 0.06015625 0.05
0 0.64609375 0.42734375 0.04296875 0.06796875
0 0.67890625 0.015625 0.06875 0.03046875
0 0.83671875 0.22109375 0.0515625 0.0453125
0 0.89140625 0.3203125 0.08046875 0.053125
0 0.9828125 0.23828125 0.034375 0.03203125
0 0.7984375 0.553125 0.0375 0.0515625
0 0.64921875 0.73203125 0.03515625 0.015625
0 0.5828125 0.71171875 0.01484375 0.0171875
0 0.6984375 0.7453125 0.01875 0.01640625
1 0.48515625 0.58359375 0.03671875 0.04140625
1 0.39375 0.3921875 0.02421875 0.0421875
1 0.73984375 0.43203125 0.02421875 0.0703125
1 0.734375 0.5640625 0.02734375 0.04375
1 0.628125 0.10625 0.021875 0.04765625
1 0.32265625 0.0453125 0.03125 0.034375
0 0.70625 0.18359375 0.02421875 0.01953125