0 0.0359375 0.31171875 0.0484375 0.0484375
0 0.0109375 0.45390625 0.021875 0.0359375
0 0.0875 0.07109375 0.05 0.0453125
0 0.28828125 0.0625 0.040625 0.0265625
0 0.1890625 0.2609375 0.028125 0.028125
0 0.32265625 0.15625 0.03125 0.0359375
0 0.11484375 0.55625 0.03125 0.0484375
0 0.2375 0.15546875 0.021875 0.015625
0 0.42578125 0.15078125 0.0296875 0.05
0 0.4125 0.29921875 0.025 0.028125
0 0.48046875 0.36796875 0.034375 0.0328125
0 0.41484375 0.4 0.034375 0.0328125
0 0.4875 0.440625 0.04375 0.053125
0 0.38125 0.7046875 0.0296875 0.0453125
0 0.371875 0.81640625 0.0359375 0.065625
0 0.46015625 0.65390625 0.0375 0.0453125
0 0.36171875 0.91875 0.034375 0.0359375
0 0.63203125 0.7671875 0.034375 0.05
0 0.62734375 0.5828125 0.0421875 0.0515625
0 0.61171875 0.51640625 0.0375 0.0421875
0 0.52734375 0.2140625 0.021875 0.0203125
0 0.5078125 0.1296875 0.0203125 0.0296875
0 0.5921875 0.20625 0.021875 0.0265625
0 0.62578125 0.40234375 0.0203125 0.0296875
0 0.6546875 0.5125 0.0171875 0.028125
0 0.696875 0.51796875 0.025 0.0484375
0 0.70625 0.62109375 0.03125 0.0421875
0 0.77109375 0.3703125 0.03125 0.0484375
0 0.8078125 0.61953125 0.0265625 0.0390625
0 0.828125 0.72265625 0.0203125 0.03125
0 0.88828125 0.6828125 0.0265625 0.03125
0 0.871875 0.42734375 0.0265625 0.0265625
1 0.83828125 0.5140625 0.03125 0.0875
1 0.9578125 0.490625 0.021875 0.0796875
1 0.68671875 0.7421875 0.03125 0.1203125
1 0.23125 0.36953125 0.03125 0.09375