0 0.39140625 0.08125 0.015625 0.01875
0 0.3953125 0.1125 0.0171875 0.03125
0 0.39453125 0.15 0.0140625 0.015625
0 0.396875 0.1703125 0.021875 0.015625
0 0.396875 0.19140625 0.0140625 0.0203125
0 0.39921875 0.22265625 0.0296875 0.0296875
0 0.39453125 0.2453125 0.015625 0.015625
0 0.39921875 0.2765625 0.0171875 0.0328125
0 0.296875 0.36875 0.0171875 0.025
0 0.44296875 0.1109375 0.01875 0.01875
0 0.44453125 0.13828125 0.0234375 0.025
0 0.56875 0.203125 0.0171875 0.0265625
0 0.553125 0.253125 0.0203125 0.021875
0 0.54921875 0.27421875 0.025 0.0234375
0 0.4359375 0.2359375 0.01875 0.021875
0 0.4359375 0.196875 0.0140625 0.025
0 0.47109375 0.20625 0.01875 0.01875
0 0.43203125 0.26875 0.0109375 0.0203125
0 0.42421875 0.30546875 0.0171875 0.015625
0 0.428125 0.340625 0.015625 0.025
0 0.45703125 0.2640625 0.015625 0.0203125
0 0.5296875 0.34140625 0.021875 0.0203125
0 0.584375 0.25703125 0.0234375 0.025
0 0.57578125 0.2953125 0.0171875 0.025
0 0.615625 0.29765625 0.015625 0.01875
0 0.5609375 0.346875 0.0171875 0.0203125
0 0.54921875 0.3703125 0.01875 0.021875
0 0.4796875 0.359375 0.021875 0.0234375
0 0.4265625 0.37109375 0.01875 0.0203125
0 0.21796875 0.39921875 0.0203125 0.0203125
0 0.28203125 0.428125 0.0171875 0.0171875
0 0.2140625 0.36484375 0.015625 0.0140625
0 0.15625 0.43046875 0.0171875 0.0140625
0 0.24453125 0.46796875 0.0140625 0.0140625
0 0.28203125 0.4953125 0.0171875 0.015625
0 0.1828125 0.4515625 0.0125 0.0125
0 0.11484375 0.48828125 0.0140625 0.0125
0 0.13984375 0.528125 0.0265625 0.021875
0 0.17890625 0.53046875 0.0140625 0.0140625
0 0.20546875 0.54296875 0.015625 0.0171875
0 0.23515625 0.55703125 0.0109375 0.0109375
0 0.1078125 0.5421875 0.0140625 0.0125
0 0.0703125 0.5578125 0.0203125 0.0203125
0 0.103125 0.565625 0.025 0.015625
0 0.1234375 0.5921875 0.0203125 0.015625
0 0.09765625 0.59765625 0.034375 0.0171875
0 0.14765625 0.62109375 0.0203125 0.01875
0 0.1796875 0.63828125 0.021875 0.021875
0 0.225 0.63828125 0.025 0.0203125
0 0.1890625 0.55859375 0.0203125 0.015625
0 0.15 0.7234375 0.021875 0.0265625
0 0.0671875 0.740625 0.01875 0.021875
0 0.1984375 0.7875 0.0203125 0.0234375
0 0.1390625 0.7953125 0.01875 0.01875
0 0.034375 0.6421875 0.01875 0.0234375
0 0.25 0.5828125 0.0328125 0.025
0 0.15 0.6640625 0.0234375 0.01875
0 0.1578125 0.975 0.01875 0.0171875
0 0.18671875 0.684375 0.025 0.0203125
0 0.13046875 0.746875 0.025 0.0203125
0 0.2984375 0.59140625 0.01875 0.0203125
0 0.45 0.44921875 0.0171875 0.021875
0 0.44296875 0.490625 0.0203125 0.0296875
0 0.471875 0.66875 0.0140625 0.0203125
0 0.4546875 0.6078125 0.0234375 0.01875
0 0.56484375 0.5953125 0.01875 0.0171875
0 0.50234375 0.6515625 0.0203125 0.01875
0 0.5109375 0.61875 0.01875 0.01875
0 0.61484375 0.53515625 0.0203125 0.0265625
0 0.509375 0.696875 0.0234375 0.0296875
0 0.57890625 0.71015625 0.0328125 0.021875
0 0.63203125 0.6625 0.015625 0.0171875
0 0.6171875 0.69296875 0.0203125 0.01875
0 0.65703125 0.63046875 0.0296875 0.0328125
0 0.54921875 0.77109375 0.034375 0.028125
0 0.584375 0.7953125 0.028125 0.0203125
0 0.60546875 0.78515625 0.025 0.025
0 0.63203125 0.75546875 0.0203125 0.0171875
0 0.64453125 0.7453125 0.015625 0.0140625
0 0.6546875 0.7375 0.01875 0.01875
0 0.665625 0.72109375 0.01875 0.0171875
0 0.69453125 0.68203125 0.01875 0.01875
0 0.71796875 0.66484375 0.015625 0.015625
0 0.73515625 0.646875 0.0265625 0.015625
0 0.56015625 0.83984375 0.021875 0.0203125
0 0.76328125 0.6390625 0.0234375 0.021875
0 0.775 0.60390625 0.015625 0.015625
0 0.8078125 0.575 0.0265625 0.0140625
0 0.828125 0.53359375 0.01875 0.01875
0 0.8609375 0.54140625 0.0234375 0.0234375
0 0.8359375 0.571875 0.0203125 0.0171875
0 0.84921875 0.5875 0.021875 0.0171875
0 0.825 0.6 0.025 0.0203125
0 0.81484375 0.62109375 0.0140625 0.0171875
0 0.80625 0.65546875 0.015625 0.015625
0 0.75625 0.72890625 0.028125 0.0328125
0 0.6984375 0.7859375 0.0234375 0.0203125
0 0.6640625 0.79921875 0.025 0.025
0 0.70390625 0.85234375 0.025 0.025
0 0.728125 0.84921875 0.0265625 0.021875
0 0.76015625 0.83515625 0.0375 0.0234375
0 0.73828125 0.88046875 0.025 0.0203125