0 0.17265625 0.5875 0.01875 0.03125
0 0.27890625 0.584375 0.0203125 0.0265625
0 0.29375 0.75625 0.01875 0.0359375
0 0.25390625 0.9703125 0.0203125 0.059375
0 0.2390625 0.4328125 0.0453125 0.1015625
0 0.28828125 0.38359375 0.0734375 0.2109375
0 0.42421875 0.353125 0.0609375 0.1859375
0 0.6 0.5984375 0.0421875 0.04375
0 0.59375 0.50703125 0.0203125 0.03125
0 0.69765625 0.33828125 0.0203125 0.0265625
0 0.64921875 0.54296875 0.0171875 0.028125
0 0.61953125 0.69375 0.01875 0.0265625
0 0.659375 0.65625 0.0171875 0.021875
0 0.76796875 0.42890625 0.0484375 0.0359375
0 0.89453125 0.74140625 0.0234375 0.028125
0 0.9328125 0.6890625 0.0296875 0.0640625
0 0.98125 0.59765625 0.0375 0.0421875
0 0.6296875 0.45 0.053125 0.0421875
0 0.528125 0.35703125 0.0328125 0.1
0 0.5578125 0.20390625 0.01875 0.040625
1 0.628125 0.32578125 0.0359375 0.0828125
1 0.41015625 0.7609375 0.0421875 0.1125
1 0.0703125 0.78671875 0.0640625 0.1390625
1 0.0046875 0.18125 0.009375 0.090625
1 0.2328125 0.83203125 0.0390625 0.0859375
1 0.578125 0.93515625 0.046875 0.084375