1 0.17265625 0.3125 0.028125 0.0421875
1 0.49921875 0.2359375 0.028125 0.0375
1 0.70625 0.203125 0.0265625 0.0390625
1 0.5640625 0.17890625 0.028125 0.025
1 0.2203125 0.209375 0.021875 0.040625
1 0.06953125 0.25234375 0.0234375 0.021875
1 0.21328125 0.46875 0.01875 0.0296875
1 0.3109375 0.4796875 0.0328125 0.0390625
0 0.34140625 0.25390625 0.0328125 0.015625
0 0.2953125 0.3765625 0.0140625 0.0125
0 0.50703125 0.3671875 0.0609375 0.0328125
0 0.8625 0.26015625 0.0171875 0.0140625
0 0.89453125 0.346875 0.015625 0.015625
0 0.92421875 0.1125 0.021875 0.0140625
0 0.93828125 0.3890625 0.0515625 0.040625
0 0.028125 0.47109375 0.05625 0.0359375
0 0.53515625 0.44140625 0.0375 0.021875
0 0.42421875 0.48671875 0.046875 0.01875
0 0.59609375 0.47734375 0.046875 0.0234375
0 0.41015625 0.559375 0.0390625 0.0234375
0 0.4515625 0.5375 0.0171875 0.0109375
0 0.49296875 0.51640625 0.0140625 0.009375
0 0.3828125 0.578125 0.0203125 0.015625
0 0.478125 0.55546875 0.01875 0.0140625
0 0.5 0.54375 0.0203125 0.0140625
0 0.64609375 0.5046875 0.040625 0.021875
0 0.75546875 0.45078125 0.0140625 0.0125
0 0.8359375 0.4484375 0.1 0.025
0 0.75078125 0.553125 0.0328125 0.01875
0 0.77734375 0.53828125 0.0296875 0.0125
0 0.98671875 0.5546875 0.0265625 0.015625
0 0.9828125 0.47265625 0.0328125 0.015625
0 0.265625 0.56328125 0.01875 0.0125
0 0.36015625 0.9484375 0.0125 0.0140625