1 0.28359375 0.1890625 0.021875 0.04140625
1 0.72421875 0.2328125 0.021875 0.0515625
1 0.11875 0.40546875 0.01875 0.06875
1 0.98515625 0.45078125 0.0296875 0.0671875
1 0.1 0.73515625 0.025 0.0671875
1 0.9578125 0.72890625 0.04375 0.071875
0 0.078125 0.640625 0.08125 0.02734375
0 0.36015625 0.615625 0.04375 0.02265625
0 0.58671875 0.59921875 0.103125 0.04296875
0 0.38515625 0.51328125 0.08125 0.034375
0 0.70234375 0.4390625 0.046875 0.021875
0 0.9109375 0.80078125 0.03125 0.0171875
0 0.1078125 0.31015625 0.053125 0.02265625
0 0.80859375 0.8953125 0.1296875 0.0140625
0 0.9765625 0.9890625 0.04453125 0.02109375
0 0.51875 0.08046875 0.0171875 0.02890625