0 0.221875 0.27265625 0.115625 0.08125
0 0.20390625 0.33203125 0.1109375 0.078125
0 0.17109375 0.4015625 0.059375 0.0671875
0 0.1484375 0.509375 0.059375 0.08125
0 0.15234375 0.59921875 0.078125 0.075
0 0.2734375 0.3703125 0.0625 0.0671875
0 0.3015625 0.303125 0.05625 0.05
0 0.33046875 0.2 0.065625 0.115625
0 0.4171875 0.153125 0.071875 0.05625
0 0.41171875 0.06171875 0.0703125 0.0328125
0 0.26875 0.0140625 0.040625 0.028125
0 0.678125 0.12890625 0.109375 0.06875
0 0.8140625 0.19765625 0.0984375 0.0640625
0 0.9390625 0.225 0.040625 0.0390625
0 0.859375 0.37265625 0.075 0.059375
0 0.50390625 0.31015625 0.028125 0.025
0 0.56875 0.240625 0.0390625 0.0296875
0 0.62109375 0.253125 0.0328125 0.03125
0 0.90859375 0.29921875 0.0375 0.025
0 0.93203125 0.3296875 0.03125 0.025
0 0.9328125 0.4265625 0.0609375 0.053125
0 0.89609375 0.58671875 0.0546875 0.0453125
0 0.68828125 0.43515625 0.059375 0.05625
0 0.53203125 0.4203125 0.078125 0.0703125
0 0.22421875 0.46953125 0.0375 0.0484375
0 0.43125 0.56484375 0.0359375 0.0265625
0 0.67734375 0.5578125 0.053125 0.059375
0 0.68046875 0.63515625 0.0546875 0.053125
0 0.675 0.7078125 0.05 0.05625
0 0.69609375 0.75859375 0.03125 0.040625
0 0.69140625 0.80546875 0.0515625 0.0421875
0 0.7328125 0.85078125 0.0359375 0.03125
0 0.303125 0.79765625 0.034375 0.03125
0 0.23359375 0.81875 0.04375 0.0421875
0 0.25390625 0.84765625 0.025 0.0171875
0 0.8203125 0.796875 0.084375 0.06875
1 0.30625 0.61484375 0.05625 0.09375
1 0.8234375 0.496875 0.034375 0.06875
1 0.7921875 0.69375 0.0515625 0.075
1 0.81015625 0.8953125 0.0375 0.0671875
0 0.81796875 0.79453125 0.103125 0.0671875