0 0.18671875 0.1109375 0.078125 0.04609375
0 0.3234375 0.234375 0.1 0.05390625
0 0.2953125 0.325 0.06953125 0.06875
0 0.3296875 0.52734375 0.121875 0.05390625
0 0.67578125 0.02890625 0.034375 0.05
0 0.59296875 0.3 0.05703125 0.06640625
0 0.67578125 0.3125 0.0640625 0.05546875
0 0.61328125 0.4546875 0.06171875 0.08203125
0 0.76484375 0.58359375 0.034375 0.04609375
0 0.6890625 0.2109375 0.021875 0.01953125
0 0.678125 0.0796875 0.034375 0.0234375
0 0.81484375 0.253125 0.0421875 0.04609375
0 0.86171875 0.34453125 0.08125 0.0515625
0 0.959375 0.26953125 0.025 0.025
0 0.89921875 0.00859375 0.03671875 0.01640625
0 0.95234375 0.0109375 0.025 0.021875
1 0.596875 0.1328125 0.025 0.084375
1 0.2984375 0.103125 0.025 0.05390625
1 0.42421875 0.10703125 0.0296875 0.046875
1 0.38828125 0.4453125 0.03203125 0.08046875
1 0.703125 0.471875 0.025 0.06640625
1 0.44921875 0.6125 0.034375 0.0765625
1 0.421875 0.8046875 0.01953125 0.08359375
0 0.615625 0.77265625 0.0359375 0.01796875
0 0.540625 0.75078125 0.02734375 0.0125
0 0.6640625 0.7859375 0.025 0.01640625