0 0.51171875 0.23203125 0.021875 0.0296875
0 0.478125 0.1578125 0.021875 0.025
0 0.53828125 0.1171875 0.0171875 0.01875
0 0.58515625 0.17734375 0.0140625 0.0171875
0 0.5265625 0.1671875 0.015625 0.015625
0 0.69296875 0.48984375 0.0171875 0.0171875
0 0.7296875 0.5203125 0.015625 0.0171875
0 0.3875 0.240625 0.025 0.0234375
0 0.303125 0.24609375 0.0359375 0.025
0 0.53046875 0.253125 0.009375 0.0109375
0 0.53984375 0.271875 0.0109375 0.0125
0 0.49140625 0.2 0.0171875 0.025
0 0.4625 0.14375 0.015625 0.0234375
0 0.50859375 0.11640625 0.0171875 0.0203125
0 0.578125 0.2125 0.015625 0.0203125
0 0.60546875 0.24765625 0.0234375 0.0171875
0 0.67421875 0.1546875 0.0171875 0.01875
0 0.74375 0.1640625 0.0171875 0.021875
0 0.78671875 0.2 0.01875 0.0171875
0 0.61328125 0.0890625 0.0234375 0.021875
0 0.6265625 0.52421875 0.0171875 0.0234375
0 0.6671875 0.56796875 0.015625 0.0171875
0 0.6515625 0.5328125 0.0125 0.0171875
0 0.62265625 0.621875 0.028125 0.0171875
0 0.640625 0.59921875 0.01875 0.0234375
0 0.25546875 0.63046875 0.0453125 0.0265625
0 0.3015625 0.6109375 0.0234375 0.0140625
0 0.37421875 0.57890625 0.0234375 0.0140625
0 0.3421875 0.5921875 0.0171875 0.0234375
0 0.30625 0.63984375 0.028125 0.01875
0 0.43828125 0.6078125 0.021875 0.021875
0 0.4671875 0.57578125 0.0203125 0.021875
0 0.38125 0.62734375 0.0171875 0.0171875
0 0.51875 0.696875 0.0171875 0.01875
0 0.7171875 0.653125 0.0125 0.021875
0 0.7828125 0.684375 0.0140625 0.0171875
0 0.7546875 0.71953125 0.015625 0.0171875
0 0.73046875 0.75546875 0.021875 0.0125
0 0.72109375 0.7890625 0.0265625 0.0265625
0 0.825 0.65703125 0.01875 0.0234375
0 0.8328125 0.61640625 0.0171875 0.015625
0 0.77578125 0.73203125 0.0140625 0.028125
0 0.66875 0.83984375 0.0125 0.0296875
0 0.63515625 0.8671875 0.0171875 0.0171875
0 0.646875 0.896875 0.028125 0.01875
0 0.6703125 0.87109375 0.015625 0.0109375
0 0.903125 0.60859375 0.0171875 0.028125
0 0.8140625 0.7734375 0.034375 0.028125
0 0.696875 0.85703125 0.0171875 0.015625
0 0.87421875 0.70234375 0.0203125 0.0171875
0 0.92578125 0.740625 0.01875 0.0140625
0 0.91640625 0.7703125 0.0140625 0.034375
0 0.959375 0.740625 0.0125 0.0203125
0 0.9203125 0.7140625 0.0234375 0.021875
0 0.8578125 0.5828125 0.0265625 0.0203125
0 0.13828125 0.46015625 0.0171875 0.021875
0 0.2015625 0.496875 0.015625 0.01875
0 0.27265625 0.4890625 0.0140625 0.0125
0 0.28671875 0.48046875 0.0140625 0.0140625
0 0.3234375 0.47265625 0.0140625 0.0140625
0 0.2515625 0.4859375 0.0140625 0.015625
0 0.13203125 0.5125 0.009375 0.028125
0 0.29453125 0.546875 0.0234375 0.0171875