0 0.109375 0.56015625 0.0546875 0.0546875
0 0.3140625 0.58203125 0.0328125 0.03828125
0 0.49296875 0.5828125 0.12265625 0.05703125
0 0.6734375 0.51796875 0.0953125 0.084375
0 0.63359375 0.44375 0.04375 0.04609375
0 0.1078125 0.12421875 0.128125 0.084375
0 0.26484375 0.17109375 0.0546875 0.05703125
0 0.31015625 0.140625 0.040625 0.04609375
0 0.35 0.13125 0.0328125 0.0546875
0 0.434375 0.0328125 0.07109375 0.065625
0 0.5984375 0.1609375 0.03828125 0.04375
0 0.6921875 0.16015625 0.0515625 0.04609375
0 0.1828125 0.55859375 0.03828125 0.040625
0 0.0765625 0.69140625 0.0765625 0.0875
0 0.02578125 0.715625 0.02421875 0.04921875
0 0.1546875 0.70625 0.05703125 0.0296875
0 0.34296875 0.6421875 0.06796875 0.06015625
0 0.18828125 0.9546875 0.03828125 0.04609375
0 0.246875 0.92578125 0.02421875 0.0328125
0 0.34140625 0.92734375 0.07109375 0.05703125
0 0.5609375 0.953125 0.06796875 0.03828125
0 0.734375 0.715625 0.04921875 0.0546875
0 0.8140625 0.825 0.04921875 0.06015625
0 0.8484375 0.91796875 0.11171875 0.08203125
0 0.78671875 0.465625 0.0328125 0.04609375
0 0.7234375 0.3765625 0.0546875 0.01640625
0 0.79765625 0.378125 0.04375 0.04609375
0 0.8375 0.4453125 0.0515625 0.04921875
0 0.8671875 0.346875 0.06796875 0.03828125
0 0.9015625 0.42578125 0.0546875 0.0546875
0 0.85234375 0.50390625 0.0546875 0.04609375
0 0.9859375 0.37265625 0.02734375 0.05703125
0 0.76875 0.1609375 0.0296875 0.04921875
0 0.81640625 0.1625 0.02734375 0.03515625
0 0.75234375 0.0515625 0.04609375 0.04375
1 0.61328125 0.0640625 0.04609375 0.03515625
1 0.46953125 0.15546875 0.04375 0.04375
1 0.38671875 0.834375 0.05703125 0.07890625
1 0.8484375 0.67734375 0.05703125 0.0875
1 0.61875 0.76640625 0.0625 0.10625
1 0.73671875 0.975 0.0765625 0.05