0 0.18984375 0.31875 0.109375 0.0671875
0 0.18125 0.38046875 0.1046875 0.0640625
0 0.16015625 0.45390625 0.053125 0.0609375
0 0.15390625 0.5640625 0.05 0.078125
0 0.171875 0.65234375 0.071875 0.065625
0 0.25625 0.4078125 0.05625 0.0609375
0 0.27265625 0.3359375 0.0515625 0.04375
0 0.2859375 0.2296875 0.05 0.1125
0 0.3640625 0.1703125 0.0671875 0.0484375
0 0.34453125 0.08046875 0.06875 0.0234375
0 0.19609375 0.0515625 0.0375 0.034375
0 0.61796875 0.10546875 0.10625 0.053125
0 0.7625 0.15234375 0.0953125 0.05
0 0.890625 0.159375 0.0375 0.034375
0 0.83515625 0.31875 0.0703125 0.0515625
0 0.47421875 0.31171875 0.025 0.021875
0 0.52734375 0.23359375 0.0359375 0.025
0 0.58125 0.2375 0.0296875 0.028125
0 0.87265625 0.2375 0.0359375 0.0203125
0 0.9 0.2640625 0.028125 0.021875
0 0.91640625 0.36015625 0.05625 0.046875
0 0.9046875 0.5234375 0.05 0.0390625
0 0.67578125 0.40703125 0.0546875 0.05
0 0.51875 0.41640625 0.0703125 0.0609375
0 0.22265625 0.51328125 0.03125 0.0453125
0 0.44296875 0.575 0.0328125 0.0234375
0 0.684375 0.5296875 0.046875 0.0546875
0 0.69921875 0.6046875 0.0484375 0.046875
0 0.70546875 0.678125 0.04375 0.0515625
0 0.734375 0.725 0.0265625 0.0375
0 0.73671875 0.771875 0.046875 0.0359375
0 0.784375 0.81015625 0.0328125 0.0265625
0 0.35234375 0.82421875 0.03125 0.028125
0 0.28671875 0.85625 0.040625 0.0375
0 0.31171875 0.88125 0.025 0.0140625
0 0.91015625 0.95703125 0.0359375 0.021875
0 0.9296875 0.98125 0.046875 0.025
0 0.8625 0.74296875 0.078125 0.059375
1 0.3265625 0.64375 0.04375 0.090625
1 0.81875 0.44609375 0.025 0.0671875
1 0.81953125 0.64609375 0.040625 0.071875
1 0.86796875 0.8421875 0.028125 0.065625
0 0.86015625 0.74140625 0.0984375 0.0546875