0 0.40859375 0.3265625 0.053125 0.046875
0 0.69296875 0.16875 0.04921875 0.0328125
0 0.9546875 0.1046875 0.03046875 0.04140625
0 0.9 0.22890625 0.0453125 0.0359375
0 0.6890625 0.05390625 0.0875 0.03125
0 0.50703125 0.01796875 0.034375 0.02109375
0 0.18046875 0.28046875 0.03046875 0.02578125
0 0.115625 0.31953125 0.034375 0.02109375
0 0.2078125 0.35234375 0.03203125 0.0328125
0 0.265625 0.3796875 0.03046875 0.02109375
0 0.48046875 0.37109375 0.02265625 0.0265625
0 0.44453125 0.53359375 0.03046875 0.02578125
0 0.32109375 0.57890625 0.02265625 0.02109375
0 0.22109375 0.54921875 0.028125 0.02578125
0 0.04296875 0.6984375 0.025 0.02734375
0 0.22421875 0.71640625 0.01875 0.0203125
0 0.084375 0.82265625 0.028125 0.028125
0 0.21953125 0.78046875 0.06640625 0.02578125
0 0.20859375 0.859375 0.034375 0.02421875
0 0.12890625 0.90546875 0.0609375 0.02578125
0 0.384375 0.89609375 0.025 0.02265625
0 0.8640625 0.778125 0.02265625 0.02734375
0 0.49453125 0.64921875 0.028125 0.034375
0 0.54140625 0.73515625 0.04140625 0.02265625
1 0.10234375 0.10625 0.0265625 0.046875
1 0.04765625 0.325 0.01171875 0.07578125
1 0.05703125 0.534375 0.01171875 0.06953125
1 0.75859375 0.51015625 0.0171875 0.04296875
0 0.71796875 0.2828125 0.03828125 0.04453125
0 0.6171875 0.33359375 0.0265625 0.02265625
0 0.84765625 0.36953125 0.028125 0.01875
0 0.5171875 0.50078125 0.025 0.01875
0 0.35 0.57734375 0.025 0.02421875
0 0.4296875 0.8453125 0.0359375 0.0296875
0 0.2546875 0.89921875 0.0265625 0.02109375
0 0.39296875 0.971875 0.0453125 0.02421875
0 0.11875 0.97109375 0.028125 0.02578125
0 0.28359375 0.8875 0.028125 0.0171875