0 0.0546875 0.95625 0.01796875 0.0234375
0 0.05234375 0.6625 0.0296875 0.02265625
0 0.1515625 0.953125 0.01796875 0.028125
0 0.15078125 0.825 0.01640625 0.02265625
0 0.16796875 0.79375 0.015625 0.03203125
0 0.11953125 0.72890625 0.015625 0.01640625
0 0.09453125 0.67734375 0.015625 0.03203125
0 0.20078125 0.68125 0.01796875 0.01875
0 0.1515625 0.64765625 0.02578125 0.01796875
0 0.06171875 0.61796875 0.0203125 0.02578125
0 0.04375 0.58125 0.01796875 0.01875
0 0.0234375 0.54453125 0.01640625 0.01796875
0 0.096875 0.5109375 0.01328125 0.0140625
0 0.1375 0.5140625 0.03046875 0.01875
0 0.171875 0.57578125 0.01171875 0.0140625
0 0.16484375 0.59765625 0.01875 0.02109375
0 0.1109375 0.4765625 0.01796875 0.025
0 0.15078125 0.4734375 0.0234375 0.02109375
0 0.07578125 0.3921875 0.01796875 0.01875
0 0.046875 0.375 0.034375 0.025
0 0.03671875 0.45 0.01796875 0.0328125
0 0.05859375 0.4328125 0.01875 0.0109375
0 0.01796875 0.3765625 0.0203125 0.01640625
0 0.01875 0.16328125 0.01875 0.0203125
0 0.07109375 0.2171875 0.025 0.02734375
0 0.0734375 0.13984375 0.015625 0.01796875
0 0.06015625 0.084375 0.01875 0.02109375
0 0.09296875 0.13515625 0.01875 0.01875
0 0.05859375 0.059375 0.0234375 0.01328125
0 0.06796875 0.0421875 0.025 0.01640625
0 0.103125 0.08984375 0.01796875 0.015625
0 0.0953125 0.1046875 0.009375 0.0140625
0 0.07265625 0.178125 0.0203125 0.01796875
0 0.084375 0.2796875 0.01796875 0.015625
0 0.0921875 0.29609375 0.0203125 0.015625
0 0.08046875 0.34140625 0.0203125 0.01640625
0 0.13203125 0.34453125 0.02578125 0.02734375
0 0.13984375 0.31640625 0.02734375 0.0203125
0 0.11875 0.24765625 0.028125 0.025
0 0.1296875 0.4453125 0.01640625 0.025
0 0.19609375 0.44609375 0.02265625 0.03046875
0 0.22578125 0.40703125 0.01640625 0.0140625
0 0.259375 0.42890625 0.0234375 0.02265625
0 0.26640625 0.4640625 0.0203125 0.0203125
0 0.22890625 0.4703125 0.015625 0.015625
0 0.18828125 0.4921875 0.01640625 0.01875
0 0.18203125 0.62734375 0.0203125 0.0140625
0 0.19296875 0.64453125 0.02109375 0.01328125
0 0.29453125 0.59765625 0.0296875 0.02578125
0 0.28984375 0.7984375 0.0203125 0.0296875
0 0.2875 0.82578125 0.01796875 0.015625
0 0.3125 0.71015625 0.01796875 0.0203125
0 0.27421875 0.7 0.01640625 0.0203125
0 0.27890625 0.5546875 0.02109375 0.01640625
0 0.3421875 0.59765625 0.01796875 0.01875
0 0.15390625 0.37578125 0.015625 0.01328125
0 0.13125 0.0875 0.0109375 0.0109375
0 0.1609375 0.08828125 0.01640625 0.01640625
0 0.1421875 0.10234375 0.01171875 0.02109375
0 0.128125 0.12265625 0.01875 0.01640625
0 0.12265625 0.1703125 0.01171875 0.025
0 0.14375 0.18984375 0.028125 0.01171875
0 0.1734375 0.20546875 0.02265625 0.0296875
0 0.18671875 0.23046875 0.015625 0.0140625
0 0.18984375 0.25625 0.0140625 0.0140625
0 0.22890625 0.30234375 0.01328125 0.01171875
0 0.25234375 0.325 0.01796875 0.0140625
0 0.284375 0.3984375 0.025 0.015625
0 0.31875 0.39765625 0.025 0.03203125
0 0.36875 0.4609375 0.02734375 0.01796875
0 0.31953125 0.4546875 0.01328125 0.01328125
0 0.36640625 0.478125 0.015625 0.015625
0 0.3453125 0.43359375 0.015625 0.015625
0 0.2765625 0.35234375 0.028125 0.01640625
0 0.35859375 0.49375 0.01328125 0.015625
0 0.4015625 0.534375 0.01171875 0.0140625
0 0.4234375 0.54765625 0.01640625 0.01328125
0 0.3953125 0.49140625 0.02109375 0.025
0 0.4078125 0.56484375 0.01328125 0.01640625
0 0.33671875 0.534375 0.0234375 0.0140625
0 0.42578125 0.578125 0.01328125 0.0140625
0 0.43125 0.60078125 0.015625 0.01328125
0 0.44453125 0.5953125 0.015625 0.01328125
0 0.465625 0.640625 0.0203125 0.01328125
0 0.4234375 0.5171875 0.01796875 0.015625
0 0.44296875 0.5359375 0.0078125 0.01328125
0 0.4578125 0.55859375 0.0109375 0.01328125
0 0.471875 0.584375 0.02734375 0.00703125
0 0.478125 0.60078125 0.01171875 0.01484375
0 0.49921875 0.6125 0.015625 0.01484375
0 0.51796875 0.696875 0.009375 0.0109375
0 0.5578125 0.6828125 0.01640625 0.0171875
0 0.53828125 0.7296875 0.0140625 0.01640625
0 0.56328125 0.71015625 0.0125 0.0125
0 0.5890625 0.7234375 0.01953125 0.01328125
0 0.5765625 0.76171875 0.0171875 0.0109375
0 0.63515625 0.78984375 0.0109375 0.01015625
0 0.72890625 0.78671875 0.01796875 0.02265625
0 0.68203125 0.709375 0.0125 0.009375
0 0.66015625 0.67578125 0.0203125 0.01953125
0 0.67421875 0.6609375 0.0109375 0.0125
0 0.646875 0.65546875 0.0109375 0.009375
0 0.63984375 0.6375 0.0140625 0.0125
0 0.6546875 0.6296875 0.0140625 0.01171875
0 0.63203125 0.603125 0.0171875 0.0171875
0 0.6203125 0.58203125 0.01328125 0.0125
0 0.609375 0.56875 0.01328125 0.00859375
0 0.60234375 0.5578125 0.0140625 0.00625
0 0.54453125 0.61875 0.01171875 0.01171875
0 0.603125 0.63203125 0.0109375 0.0125
0 0.5125 0.5921875 0.01015625 0.0125
0 0.5484375 0.5953125 0.01171875 0.01171875
0 0.53359375 0.59921875 0.0109375 0.01171875
0 0.54296875 0.54453125 0.015625 0.01796875
0 0.515625 0.56484375 0.0109375 0.009375
0 0.49921875 0.5546875 0.0171875 0.01796875
0 0.546875 0.5015625 0.01484375 0.01484375
0 0.521875 0.5 0.0140625 0.0140625
0 0.4375 0.5078125 0.01015625 0.0140625
0 0.459375 0.515625 0.02109375 0.0234375
0 0.46875 0.54765625 0.015625 0.01328125
0 0.5 0.46953125 0.015625 0.01484375
0 0.5109375 0.4484375 0.0140625 0.0125
0 0.48203125 0.40859375 0.01875 0.01171875
0 0.4625 0.42421875 0.0109375 0.0140625
0 0.384375 0.43515625 0.021875 0.01328125
0 0.434375 0.46484375 0.0125 0.0140625
0 0.36328125 0.378125 0.01953125 0.01796875
0 0.3953125 0.29921875 0.0296875 0.0125
0 0.41640625 0.3171875 0.03515625 0.03046875
0 0.446875 0.31796875 0.01484375 0.015625
0 0.31484375 0.28203125 0.02578125 0.03125
0 0.30546875 0.34140625 0.0140625 0.0125
0 0.22265625 0.19765625 0.0234375 0.01484375
0 0.22265625 0.2171875 0.015625 0.0125
0 0.2265625 0.23671875 0.015625 0.0109375
0 0.25703125 0.240625 0.021875 0.01484375
0 0.2359375 0.25078125 0.015625 0.01015625
0 0.1515625 0.1515625 0.02578125 0.0203125
0 0.16953125 0.17578125 0.01953125 0.01328125
0 0.19375 0.175 0.015625 0.01171875
0 0.1875 0.1203125 0.01484375 0.01328125
0 0.10078125 0.065625 0.0203125 0.00859375
0 0.16171875 0.0578125 0.015625 0.01484375
0 0.1875 0.059375 0.01796875 0.02265625
0 0.20703125 0.0421875 0.015625 0.01875
0 0.22578125 0.03203125 0.0125 0.0109375
0 0.23125 0.0796875 0.01796875 0.015625
0 0.221875 0.1234375 0.01328125 0.0125
0 0.2046875 0.14140625 0.01640625 0.01484375
0 0.24609375 0.09609375 0.01484375 0.01171875
0 0.2640625 0.10234375 0.01171875 0.0125
0 0.26875 0.1234375 0.01328125 0.0171875
0 0.2625 0.15078125 0.01875 0.02890625
0 0.3 0.178125 0.01640625 0.015625
0 0.27265625 0.18828125 0.01953125 0.0171875
0 0.27890625 0.21796875 0.015625 0.01328125
0 0.32578125 0.21171875 0.0125 0.015625
0 0.2796875 0.1078125 0.0078125 0.0109375
0 0.3359375 0.02734375 0.021875 0.01484375
0 0.3578125 0.096875 0.021875 0.01640625
0 0.33359375 0.09609375 0.0125 0.01875
0 0.296875 0.1234375 0.00703125 0.01484375
0 0.35546875 0.1578125 0.0125 0.015625
0 0.36875 0.0359375 0.01171875 0.01015625
0 0.4390625 0.1953125 0.021875 0.021875
0 0.41015625 0.19921875 0.01328125 0.01796875
0 0.3671875 0.23671875 0.015625 0.01796875
0 0.38125 0.2640625 0.01796875 0.025
0 0.52421875 0.29296875 0.0125 0.015625
0 0.47421875 0.22890625 0.02265625 0.01484375
0 0.46796875 0.27578125 0.01171875 0.0125
0 0.553125 0.328125 0.02578125 0.021875
0 0.5640625 0.37421875 0.0265625 0.0171875
0 0.5125 0.40390625 0.015625 0.01484375
0 0.5453125 0.440625 0.01640625 0.01484375
0 0.5234375 0.4375 0.01328125 0.0125
0 0.5546875 0.4859375 0.01171875 0.0125
0 0.6328125 0.44765625 0.02265625 0.01875
0 0.6875 0.50625 0.01875 0.01484375
0 0.69375 0.53671875 0.01328125 0.01171875
0 0.67734375 0.46484375 0.02734375 0.028125
0 0.58828125 0.3515625 0.01484375 0.01484375
0 0.56875 0.3046875 0.01328125 0.0078125
0 0.51640625 0.26015625 0.01484375 0.0125
0 0.74140625 0.44453125 0.01796875 0.01328125
0 0.71953125 0.49921875 0.01328125 0.00859375
0 0.74921875 0.55078125 0.01875 0.015625
0 0.77734375 0.56328125 0.015625 0.01484375
0 0.82109375 0.55234375 0.0125 0.0125
0 0.79375 0.60078125 0.01171875 0.0125
0 0.8390625 0.64453125 0.02578125 0.02734375
0 0.865625 0.68046875 0.01484375 0.009375
0 0.8953125 0.7078125 0.01640625 0.0125
0 0.94921875 0.759375 0.01484375 0.01328125
0 0.921875 0.53515625 0.021875 0.0171875
0 0.984375 0.58828125 0.01875 0.0125
0 0.90234375 0.496875 0.015625 0.01015625
0 0.8890625 0.471875 0.01875 0.01640625
0 0.84609375 0.4484375 0.0125 0.0109375
0 0.8921875 0.42578125 0.015625 0.015625
0 0.84296875 0.3859375 0.02265625 0.0203125
0 0.86015625 0.4078125 0.01484375 0.01640625
0 0.81171875 0.34921875 0.021875 0.021875
0 0.846875 0.35859375 0.01171875 0.01015625
0 0.73046875 0.3875 0.01640625 0.01875
0 0.74765625 0.3078125 0.02734375 0.028125
0 0.703125 0.28828125 0.0203125 0.01796875
0 0.66328125 0.29296875 0.015625 0.02109375
0 0.678125 0.19140625 0.01953125 0.015625
0 0.6609375 0.2140625 0.0171875 0.015625
0 0.615625 0.19375 0.01796875 0.01640625
0 0.63046875 0.171875 0.0125 0.01171875
0 0.63046875 0.13984375 0.01171875 0.0171875
0 0.63828125 0.125 0.0109375 0.0109375
0 0.64921875 0.14609375 0.01640625 0.0125
0 0.6015625 0.1484375 0.0203125 0.0328125
0 0.5375 0.10546875 0.01015625 0.0125
0 0.54453125 0.0890625 0.01015625 0.009375
0 0.49296875 0.0359375 0.015625 0.0171875
0 0.52421875 0.0296875 0.01875 0.01328125
0 0.5890625 0.0578125 0.0109375 0.01171875
0 0.621875 0.0953125 0.015625 0.01171875
0 0.4875 0.15703125 0.0109375 0.01015625
0 0.62109375 0.00625 0.015625 0.01171875
0 0.653125 0.04921875 0.02265625 0.02109375
0 0.796875 0.0375 0.0109375 0.0125
0 0.7984375 0.02265625 0.015625 0.01171875
0 0.8453125 0.01953125 0.021875 0.0125
0 0.859375 0.05078125 0.01171875 0.01640625
0 0.8875 0.0796875 0.01171875 0.01015625
0 0.8953125 0.1015625 0.015625 0.01484375