1 0.20078125 0.26953125 0.05 0.0890625
1 0.15234375 0.03515625 0.1359375 0.065625
1 0.88671875 0.2828125 0.153125 0.0703125
1 0.0953125 0.4328125 0.1203125 0.10625
0 0.440625 0.31640625 0.096875 0.0453125
0 0.40390625 0.428125 0.1015625 0.059375
0 0.371875 0.61171875 0.0671875 0.0484375
0 0.546875 0.6703125 0.0578125 0.05625
0 0.640625 0.68359375 0.0453125 0.040625
0 0.67421875 0.6015625 0.053125 0.0359375
0 0.0515625 0.62265625 0.0546875 0.0484375
0 0.3171875 0.784375 0.0578125 0.0265625
0 0.45 0.2234375 0.0484375 0.0265625