0 0.6 0.61171875 0.0578125 0.04296875
0 0.396875 0.52265625 0.07421875 0.03984375
0 0.371875 0.62578125 0.04765625 0.02421875
0 0.08359375 0.64453125 0.059375 0.02734375
0 0.71484375 0.45234375 0.08046875 0.02421875
0 0.53515625 0.071875 0.015625 0.028125
0 0.85 0.4703125 0.03828125 0.01875
0 0.3578125 0.8015625 0.06953125 0.02734375
0 0.45546875 0.7078125 0.028125 0.0109375
0 0.15625 0.6453125 0.02578125 0.01328125
1 0.1484375 0.73828125 0.071875 0.05078125
1 0.9140625 0.7453125 0.028125 0.0390625
1 0.759375 0.54921875 0.05625 0.065625
1 0.10546875 0.43203125 0.03046875 0.05546875