0 0.20703125 0.29296875 0.01875 0.0203125
0 0.23984375 0.3390625 0.015625 0.021875
0 0.2578125 0.353125 0.0171875 0.025
0 0.28359375 0.38125 0.01875 0.015625
0 0.24296875 0.31171875 0.021875 0.0234375
0 0.22890625 0.36328125 0.0171875 0.025
0 0.17265625 0.359375 0.021875 0.025
0 0.3265625 0.32265625 0.015625 0.0265625
0 0.34453125 0.35625 0.0203125 0.025
0 0.3484375 0.29765625 0.01875 0.034375
0 0.33515625 0.4234375 0.0171875 0.0203125
0 0.2703125 0.41640625 0.0234375 0.025
0 0.19765625 0.38984375 0.021875 0.0296875
0 0.2421875 0.4390625 0.01875 0.025
0 0.2921875 0.4625 0.0203125 0.025
0 0.1796875 0.46171875 0.015625 0.0203125
0 0.13984375 0.45390625 0.025 0.0234375
0 0.0640625 0.465625 0.0203125 0.0234375
0 0.07265625 0.43359375 0.0265625 0.0203125
0 0.10390625 0.45078125 0.0171875 0.028125
0 0.18359375 0.49375 0.0234375 0.028125
0 0.23671875 0.528125 0.025 0.0234375
0 0.125 0.40625 0.0171875 0.025
0 0.1390625 0.48828125 0.025 0.0296875
0 0.13125 0.43125 0.021875 0.0171875
0 0.0921875 0.50859375 0.015625 0.0140625
0 0.10546875 0.52421875 0.0203125 0.01875
0 0.1 0.490625 0.021875 0.0234375
0 0.128125 0.54140625 0.0171875 0.021875
0 0.20546875 0.48359375 0.015625 0.0203125
0 0.225 0.5046875 0.0171875 0.0171875
0 0.21015625 0.56484375 0.015625 0.0203125
0 0.159375 0.57109375 0.0203125 0.015625
0 0.11640625 0.64609375 0.015625 0.0171875
0 0.13203125 0.58359375 0.0375 0.021875
0 0.28671875 0.54921875 0.0234375 0.0203125
0 0.4796875 0.075 0.0171875 0.0328125
0 0.47890625 0.11171875 0.01875 0.021875
0 0.4703125 0.15859375 0.0234375 0.0375
0 0.490625 0.2265625 0.0234375 0.0171875
0 0.44609375 0.2671875 0.0140625 0.028125
0 0.4984375 0.19140625 0.021875 0.0109375
0 0.6296875 0.2234375 0.0140625 0.0234375
0 0.60390625 0.27109375 0.0234375 0.021875
0 0.5953125 0.290625 0.0203125 0.0171875
0 0.63125 0.18046875 0.0125 0.028125
0 0.47109375 0.29296875 0.01875 0.0203125
0 0.4625 0.32734375 0.0140625 0.01875
0 0.45625 0.35703125 0.015625 0.0234375
0 0.44921875 0.47109375 0.01875 0.0203125
0 0.528125 0.371875 0.0140625 0.0234375
0 0.50390625 0.40546875 0.01875 0.0203125
0 0.58984375 0.35546875 0.0203125 0.01875
0 0.56484375 0.40703125 0.025 0.0203125
0 0.54765625 0.4375 0.0265625 0.03125
0 0.4328125 0.59140625 0.0171875 0.0171875
0 0.43671875 0.66171875 0.0171875 0.0125
0 0.45234375 0.64453125 0.025 0.0171875
0 0.484375 0.61953125 0.01875 0.01875
0 0.503125 0.59609375 0.0203125 0.0140625
0 0.46875 0.6984375 0.0234375 0.03125
0 0.55 0.60546875 0.028125 0.0171875
0 0.571875 0.58828125 0.034375 0.025
0 0.6078125 0.5578125 0.0203125 0.0296875
0 0.6359375 0.434375 0.0203125 0.01875
0 0.61015625 0.440625 0.021875 0.0265625
0 0.59921875 0.6828125 0.0171875 0.015625
0 0.57265625 0.71015625 0.0171875 0.025
0 0.54453125 0.740625 0.0203125 0.0203125
0 0.52578125 0.746875 0.0234375 0.025
0 0.61875 0.6640625 0.0265625 0.025
0 0.6515625 0.478125 0.015625 0.0140625
0 0.52109375 0.80546875 0.0203125 0.0125
0 0.5421875 0.8015625 0.0203125 0.0171875
0 0.58359375 0.79140625 0.03125 0.015625
0 0.57421875 0.77421875 0.0203125 0.0140625
0 0.59765625 0.7703125 0.03125 0.0171875
0 0.62734375 0.76640625 0.021875 0.015625
0 0.6625 0.74296875 0.025 0.01875
0 0.6171875 0.74609375 0.0171875 0.0140625
0 0.67890625 0.71875 0.025 0.0171875
0 0.70078125 0.6921875 0.025 0.0203125
0 0.7265625 0.69296875 0.01875 0.025
0 0.7375 0.67265625 0.015625 0.0234375
0 0.75703125 0.65625 0.021875 0.0203125
0 0.78203125 0.6375 0.0203125 0.0203125
0 0.8125 0.63828125 0.0171875 0.025
0 0.83984375 0.6109375 0.0234375 0.0265625
0 0.70234375 0.78046875 0.0234375 0.01875
0 0.7390625 0.74921875 0.0203125 0.015625
0 0.76640625 0.71953125 0.01875 0.01875
0 0.78203125 0.68203125 0.0140625 0.0140625
0 0.56015625 0.84453125 0.01875 0.0140625
0 0.60078125 0.828125 0.028125 0.0171875
0 0.6203125 0.84296875 0.01875 0.0171875
0 0.63046875 0.81640625 0.0203125 0.0203125
0 0.52734375 0.89296875 0.0359375 0.0171875
0 0.58671875 0.89609375 0.034375 0.0171875
0 0.62578125 0.88359375 0.028125 0.01875
0 0.6546875 0.8921875 0.015625 0.0140625
0 0.68671875 0.88515625 0.03125 0.0140625
0 0.65234375 0.92421875 0.0171875 0.0140625
0 0.58984375 0.97109375 0.03125 0.0203125