0 0.01640625 0.4453125 0.0328125 0.05625
0 0.0265625 0.6015625 0.0421875 0.059375
0 0.13203125 0.365625 0.0546875 0.0609375
0 0.1703125 0.13984375 0.0578125 0.0484375
0 0.2203125 0.22109375 0.059375 0.0578125
0 0.14296875 0.2484375 0.015625 0.0171875
0 0.3234375 0.19296875 0.040625 0.0546875
0 0.40078125 0.1453125 0.0234375 0.025
0 0.44375 0.2203125 0.0234375 0.028125
0 0.35859375 0.33359375 0.028125 0.03125
0 0.38671875 0.42890625 0.040625 0.040625
0 0.44140625 0.38125 0.0375 0.040625
0 0.465625 0.44375 0.0421875 0.040625
0 0.50234375 0.6609375 0.046875 0.0515625
0 0.44453125 0.72890625 0.0359375 0.04375
0 0.4671875 0.83359375 0.05625 0.0671875
0 0.48984375 0.93984375 0.0375 0.040625
0 0.54609375 0.91796875 0.028125 0.0203125
0 0.56015625 0.9453125 0.0203125 0.0171875
0 0.1515625 0.66484375 0.05 0.0578125
0 0.5046875 0.19375 0.025 0.0328125
0 0.71796875 0.29765625 0.0484375 0.05625
0 0.6140625 0.48125 0.0484375 0.05625
0 0.65078125 0.46796875 0.015625 0.021875
0 0.69140625 0.4625 0.0296875 0.04375
0 0.58984375 0.36953125 0.0234375 0.021875
0 0.64453125 0.54296875 0.05 0.05
0 0.73203125 0.553125 0.040625 0.0515625
0 0.82578125 0.5203125 0.0328125 0.0421875
0 0.8796875 0.6203125 0.025 0.025
0 0.703125 0.71640625 0.046875 0.0578125
0 0.921875 0.559375 0.028125 0.03125
0 0.8296875 0.32265625 0.0203125 0.021875
1 0.82890625 0.171875 0.046875 0.0890625
1 0.703125 0.16796875 0.04375 0.0921875
1 0.8375 0.41875 0.0359375 0.08125
1 0.4328125 0.55859375 0.0453125 0.115625
1 0.7546875 0.6875 0.0484375 0.0953125
1 0.20625 0.6 0.040625 0.090625