1 0.56875 0.09921875 0.03515625 0.11953125
1 0.5296875 0.34140625 0.04375 0.09609375
1 0.08984375 0.4265625 0.02734375 0.08515625
1 0.05859375 0.0921875 0.04609375 0.08359375
1 0.5375 0.7984375 0.0703125 0.08671875
1 0.97890625 0.48984375 0.0421875 0.1015625
1 0.91953125 0.75390625 0.04609375 0.11015625
0 0.07734375 0.23125 0.040625 0.03046875
0 0.40625 0.3 0.0296875 0.034375
0 0.4578125 0.41484375 0.040625 0.17421875
0 0.44296875 0.60859375 0.03828125 0.115625
0 0.50625 0.52421875 0.0296875 0.0703125
0 0.4453125 0.80234375 0.040625 0.12734375
0 0.36875 0.8125 0.01484375 0.2125
0 0.8828125 0.928125 0.034375 0.1078125
0 0.97421875 0.95625 0.05078125 0.0875
0 0.434375 0.2140625 0.0234375 0.05
0 0.12421875 0.834375 0.0578125 0.05625
0 0.1125 0.7125 0.04609375 0.03671875