0 0.4984375 0.89921875 0.0328125 0.0609375
0 0.47109375 0.70703125 0.0234375 0.0359375
0 0.4765625 0.65625 0.025 0.04375
0 0.48671875 0.59375 0.021875 0.034375
0 0.43203125 0.50390625 0.0203125 0.0359375
0 0.4 0.5125 0.0125 0.025
0 0.41015625 0.53359375 0.015625 0.0234375
0 0.46484375 0.46953125 0.021875 0.040625
0 0.42890625 0.35546875 0.01875 0.025
0 0.40625 0.3421875 0.0171875 0.021875
0 0.36953125 0.3671875 0.021875 0.021875
0 0.15078125 0.48515625 0.01875 0.025
0 0.15703125 0.52265625 0.01875 0.034375
0 0.00390625 0.4265625 0.0078125 0.021875
0 0.01953125 0.43828125 0.0203125 0.021875
0 0.13359375 0.46484375 0.01875 0.0265625
0 0.26328125 0.6046875 0.0171875 0.0203125
0 0.596875 0.95078125 0.03125 0.0796875
0 0.51796875 0.45859375 0.0296875 0.0671875
0 0.47578125 0.3796875 0.0203125 0.0296875
0 0.4453125 0.3984375 0.01875 0.025
0 0.465625 0.234375 0.01875 0.025
0 0.496875 0.27734375 0.0171875 0.025
0 0.4859375 0.2546875 0.0140625 0.0203125
0 0.5109375 0.275 0.0171875 0.034375
0 0.53203125 0.3484375 0.01875 0.0296875
0 0.39375 0.228125 0.01875 0.0234375
0 0.5234375 0.52734375 0.021875 0.040625
0 0.64296875 0.34453125 0.0203125 0.028125
0 0.56875 0.04921875 0.021875 0.0421875
0 0.603125 0.03046875 0.0171875 0.0234375
0 0.62890625 0.08515625 0.01875 0.0234375
0 0.653125 0.0046875 0.021875 0.009375
0 0.6734375 0.0796875 0.0203125 0.025
0 0.71328125 0.03828125 0.021875 0.028125
0 0.73984375 0.29921875 0.01875 0.0265625
0 0.75078125 0.2625 0.015625 0.0265625
0 0.5421875 0.5796875 0.0140625 0.01875
1 0.584375 0.45390625 0.01875 0.0546875
1 0.56796875 0.66484375 0.025 0.0828125
1 0.575 0.3046875 0.0203125 0.0515625