0 0.31015625 0.25 0.0640625 0.0640625
0 0.3546875 0.3484375 0.04375 0.046875
0 0.44609375 0.3765625 0.053125 0.0578125
0 0.26328125 0.1453125 0.03125 0.04375
0 0.1421875 0.8140625 0.0578125 0.04375
0 0.07265625 0.67578125 0.0375 0.04375
0 0.30234375 0.825 0.046875 0.0515625
0 0.47109375 0.88671875 0.0390625 0.0375
0 0.47265625 0.9828125 0.0484375 0.034375
0 0.4890625 0.634375 0.0390625 0.046875
0 0.52734375 0.7265625 0.03125 0.03125
0 0.5453125 0.58125 0.0421875 0.0484375
0 0.56171875 0.64375 0.0359375 0.0421875
0 0.57421875 0.8671875 0.040625 0.0515625
0 0.66953125 0.86640625 0.0328125 0.0265625
0 0.58671875 0.23046875 0.0453125 0.053125
0 0.63671875 0.40703125 0.0390625 0.0546875
0 0.6546875 0.47890625 0.040625 0.05
0 0.70703125 0.3453125 0.0390625 0.0515625
0 0.7296875 0.453125 0.0296875 0.0453125
0 0.68984375 0.4609375 0.0265625 0.0328125
0 0.8484375 0.57578125 0.04375 0.053125
0 0.70546875 0.35 0.0453125 0.0546875
0 0.80859375 0.328125 0.0328125 0.0359375
0 0.78671875 0.21796875 0.025 0.028125
0 0.86875 0.246875 0.025 0.0328125
0 0.7265625 0.77421875 0.0328125 0.034375
1 0.85625 0.42421875 0.034375 0.075
1 0.9390625 0.65234375 0.040625 0.0921875
1 0.7578125 0.615625 0.0390625 0.0671875
1 0.43046875 0.49921875 0.0484375 0.0859375
1 0.3359375 0.7625 0.0453125 0.1015625
0 0.14296875 0.5578125 0.0484375 0.075