0 0.08125 0.13203125 0.034375 0.03828125
0 0.17265625 0.03125 0.046875 0.03203125
0 0.40546875 0.21015625 0.08125 0.0359375
0 0.29765625 0.26640625 0.03203125 0.03828125
0 0.18359375 0.33359375 0.04296875 0.04921875
0 0.15859375 0.37734375 0.028125 0.04296875
0 0.12265625 0.396875 0.0359375 0.0296875
0 0.0765625 0.40234375 0.02578125 0.040625
0 0.03984375 0.4234375 0.03203125 0.028125
0 0.12265625 0.30703125 0.03203125 0.0171875
0 0.24609375 0.37421875 0.0234375 0.028125
0 0.48359375 0.38828125 0.0359375 0.034375
0 0.4203125 0.36171875 0.0171875 0.040625
0 0.3359375 0.43828125 0.053125 0.0578125
0 0.21875 0.571875 0.040625 0.07265625
0 0.134375 0.6484375 0.04296875 0.0640625
0 0.1515625 0.6015625 0.0171875 0.04296875
0 0.2734375 0.475 0.02109375 0.04921875
0 0.3890625 0.42890625 0.028125 0.03828125
0 0.365625 0.5828125 0.0359375 0.059375
0 0.4140625 0.5546875 0.03828125 0.04296875
0 0.48359375 0.51875 0.0234375 0.05546875
0 0.53203125 0.46328125 0.0359375 0.03828125
0 0.13984375 0.75 0.0359375 0.04921875
0 0.184375 0.7234375 0.0359375 0.0515625
0 0.35078125 0.68671875 0.040625 0.03828125
0 0.31875 0.721875 0.0234375 0.028125
0 0.43125 0.6296875 0.03828125 0.05546875
0 0.46484375 0.66484375 0.02109375 0.03203125
0 0.49375 0.56953125 0.040625 0.03828125
0 0.571875 0.52265625 0.03828125 0.0296875
0 0.61640625 0.47578125 0.0515625 0.034375
0 0.4640625 0.71796875 0.06640625 0.0578125
0 0.4296875 0.76953125 0.04921875 0.03203125
0 0.58125 0.65703125 0.04453125 0.06796875
0 0.5796875 0.5625 0.028125 0.0359375
0 0.5984375 0.384375 0.0359375 0.034375
0 0.68828125 0.36484375 0.01953125 0.04296875
0 0.7734375 0.39140625 0.01484375 0.03203125
0 0.753125 0.29765625 0.04296875 0.028125
0 0.70546875 0.48515625 0.0234375 0.0234375
0 0.50546875 0.61953125 0.0296875 0.03203125
0 0.68359375 0.46796875 0.0234375 0.028125
0 0.709375 0.39765625 0.04453125 0.0359375
0 0.80859375 0.2390625 0.04296875 0.04296875
0 0.840625 0.1515625 0.02578125 0.02578125
0 0.01796875 0.01953125 0.0359375 0.02578125
0 0.34375 0.175 0.02109375 0.0171875
1 0.2796875 0.221875 0.08515625 0.0171875
1 0.29375 0.04609375 0.0703125 0.0359375
1 0.14921875 0.090625 0.05546875 0.04453125
1 0.41171875 0.48515625 0.034375 0.03203125
1 0.4921875 0.26796875 0.0875 0.040625