0 0.7390625 0.61484375 0.040625 0.03125
0 0.575 0.509375 0.05 0.040625
0 0.7359375 0.446875 0.040625 0.0421875
0 0.70390625 0.54609375 0.034375 0.0328125
0 0.70859375 0.66484375 0.0625 0.059375
0 0.7953125 0.678125 0.034375 0.0359375
0 0.2234375 0.4375 0.109375 0.0515625
0 0.5953125 0.20703125 0.084375 0.04375
0 0.8265625 0.2625 0.0234375 0.0203125
0 0.85390625 0.3140625 0.0390625 0.0515625
0 0.86171875 0.38203125 0.03125 0.0546875
0 0.8265625 0.39296875 0.0265625 0.0359375
0 0.7703125 0.603125 0.0640625 0.046875
0 0.8015625 0.66015625 0.0390625 0.0328125
0 0.84296875 0.6703125 0.025 0.025
0 0.775 0.734375 0.0265625 0.01875
0 0.81953125 0.56796875 0.040625 0.0296875
0 0.27265625 0.725 0.0421875 0.0515625
0 0.36484375 0.6703125 0.0453125 0.0375
0 0.384375 0.60546875 0.028125 0.0578125
0 0.4296875 0.80234375 0.053125 0.090625
0 0.1859375 0.89921875 0.0515625 0.0578125
0 0.34296875 0.89375 0.04375 0.0296875
0 0.41640625 0.91953125 0.0390625 0.0375
0 0.48515625 0.8921875 0.0515625 0.0734375
0 0.3421875 0.8234375 0.0359375 0.0296875
0 0.30234375 0.83046875 0.01875 0.0109375
0 0.28515625 0.8125 0.0140625 0.009375
0 0.31953125 0.79296875 0.0140625 0.0109375
0 0.31015625 0.84140625 0.01875 0.0125
0 0.340625 0.85078125 0.0203125 0.0109375
0 0.2671875 0.784375 0.009375 0.0078125
0 0.37421875 0.92421875 0.0375 0.028125
0 0.37265625 0.9890625 0.0234375 0.01875
0 0.55859375 0.95078125 0.04375 0.0265625
0 0.5765625 0.909375 0.025 0.021875
0 0.6125 0.88203125 0.0203125 0.015625
0 0.55859375 0.8859375 0.009375 0.0078125
0 0.78984375 0.809375 0.0234375 0.0125
0 0.42421875 0.7140625 0.0203125 0.0359375
0 0.43125 0.7453125 0.0453125 0.021875
0 0.38046875 0.715625 0.0359375 0.034375
0 0.22421875 0.7859375 0.0328125 0.0359375
0 0.171875 0.79453125 0.03125 0.0265625
0 0.7625 0.85859375 0.021875 0.0203125
0 0.4640625 0.59765625 0.0234375 0.0203125
0 0.4453125 0.64453125 0.01875 0.01875
0 0.73359375 0.503125 0.0234375 0.0171875
0 0.7078125 0.60390625 0.015625 0.0109375
0 0.1578125 0.56875 0.0359375 0.01875
0 0.2078125 0.53828125 0.0296875 0.0140625
0 0.21484375 0.4875 0.0609375 0.028125
0 0.1734375 0.63671875 0.0453125 0.0203125
0 0.07734375 0.7640625 0.0515625 0.0234375
0 0.17578125 0.94921875 0.028125 0.0359375
0 0.54609375 0.921875 0.021875 0.0140625
0 0.52578125 0.79921875 0.021875 0.0140625
0 0.73828125 0.5703125 0.0171875 0.009375
0 0.83046875 0.50078125 0.0359375 0.015625