0 0.03125 0.93203125 0.01875 0.025
0 0.04453125 0.6390625 0.03125 0.0234375
0 0.128125 0.934375 0.01875 0.0296875
0 0.134375 0.80625 0.0171875 0.0234375
0 0.153125 0.77578125 0.0171875 0.0328125
0 0.1078125 0.70859375 0.0171875 0.0171875
0 0.0859375 0.65625 0.0171875 0.0328125
0 0.19140625 0.665625 0.01875 0.0203125
0 0.14453125 0.62890625 0.0265625 0.01875
0 0.05625 0.59453125 0.021875 0.0265625
0 0.03984375 0.55703125 0.01875 0.0203125
0 0.021875 0.51953125 0.0171875 0.01875
0 0.096875 0.48984375 0.0140625 0.0140625
0 0.1375 0.4953125 0.03125 0.0203125
0 0.16796875 0.55859375 0.0125 0.0140625
0 0.16015625 0.5796875 0.0203125 0.021875
0 0.1125 0.45625 0.01875 0.0265625
0 0.15234375 0.45546875 0.025 0.021875
0 0.08203125 0.3703125 0.01875 0.0203125
0 0.05390625 0.3515625 0.0359375 0.0265625
0 0.03984375 0.42578125 0.0203125 0.034375
0 0.0625 0.41015625 0.01875 0.0125
0 0.025 0.3515625 0.021875 0.0171875
0 0.03671875 0.13828125 0.0203125 0.021875
0 0.08671875 0.1953125 0.0265625 0.028125
0 0.09296875 0.11796875 0.0171875 0.01875
0 0.0828125 0.06171875 0.0203125 0.021875
0 0.1125 0.1140625 0.0203125 0.0203125
0 0.08203125 0.03671875 0.0234375 0.0140625
0 0.0921875 0.0203125 0.0265625 0.0171875
0 0.125 0.06953125 0.01875 0.0171875
0 0.11640625 0.084375 0.009375 0.0140625
0 0.08984375 0.15625 0.021875 0.01875
0 0.09609375 0.25859375 0.01875 0.0171875
0 0.103125 0.275 0.021875 0.0171875
0 0.0890625 0.31953125 0.021875 0.0171875
0 0.140625 0.32578125 0.0265625 0.028125
0 0.15 0.29765625 0.028125 0.021875
0 0.1328125 0.228125 0.0296875 0.0265625
0 0.1328125 0.42578125 0.0171875 0.0265625
0 0.19921875 0.43046875 0.025 0.03125
0 0.23125 0.39296875 0.0171875 0.015625
0 0.26328125 0.41640625 0.025 0.0234375
0 0.26875 0.4515625 0.021875 0.021875
0 0.23046875 0.45625 0.0171875 0.0171875
0 0.1890625 0.47578125 0.0171875 0.0203125
0 0.17578125 0.61015625 0.0203125 0.015625
0 0.1859375 0.628125 0.021875 0.0140625
0 0.28984375 0.58671875 0.03125 0.0265625
0 0.27421875 0.78671875 0.021875 0.03125
0 0.27109375 0.8140625 0.01875 0.0171875
0 0.3015625 0.7 0.01875 0.021875
0 0.2640625 0.68828125 0.0171875 0.021875
0 0.2765625 0.54296875 0.021875 0.0171875
0 0.3375 0.5890625 0.01875 0.0203125
0 0.1609375 0.3578125 0.015625 0.0140625
0 0.153125 0.06875 0.0109375 0.0109375
0 0.1828125 0.07109375 0.0171875 0.0171875
0 0.16328125 0.084375 0.0125 0.021875
0 0.1484375 0.10390625 0.0203125 0.0171875
0 0.140625 0.15078125 0.0125 0.025
0 0.16015625 0.171875 0.028125 0.0125
0 0.1890625 0.1890625 0.0234375 0.03125
0 0.2015625 0.2140625 0.015625 0.015625
0 0.203125 0.240625 0.0140625 0.0140625
0 0.23984375 0.28828125 0.0140625 0.0125
0 0.26171875 0.3125 0.01875 0.015625
0 0.28984375 0.3875 0.0265625 0.0171875
0 0.32421875 0.38828125 0.0265625 0.0328125
0 0.37109375 0.45390625 0.028125 0.01875
0 0.321875 0.4453125 0.0140625 0.0140625
0 0.36796875 0.47109375 0.0171875 0.0171875
0 0.34921875 0.42578125 0.0171875 0.0171875
0 0.284375 0.340625 0.0296875 0.0171875
0 0.359375 0.48671875 0.0140625 0.015625
0 0.4 0.52890625 0.0125 0.0140625
0 0.42109375 0.54375 0.0171875 0.0140625
0 0.39609375 0.4859375 0.021875 0.0265625
0 0.4046875 0.56015625 0.0140625 0.0171875
0 0.33515625 0.52578125 0.0234375 0.015625
0 0.421875 0.57421875 0.0140625 0.0140625
0 0.42578125 0.596875 0.015625 0.0140625
0 0.43984375 0.5921875 0.015625 0.0140625
0 0.45859375 0.63828125 0.0203125 0.0140625
0 0.42265625 0.51328125 0.01875 0.0171875
0 0.44140625 0.5328125 0.0078125 0.0140625
0 0.4546875 0.55625 0.0109375 0.0140625
0 0.4671875 0.5828125 0.028125 0.0078125
0 0.47265625 0.59921875 0.0125 0.015625
0 0.49296875 0.6125 0.015625 0.015625
0 0.5078125 0.69765625 0.009375 0.0109375
0 0.5484375 0.6859375 0.0171875 0.01875
0 0.5265625 0.73125 0.015625 0.0171875
0 0.55234375 0.71328125 0.0125 0.0125
0 0.57734375 0.728125 0.0203125 0.0140625
0 0.5625 0.765625 0.0171875 0.0125
0 0.61953125 0.796875 0.0109375 0.0109375
0 0.71328125 0.7984375 0.01875 0.0234375
0 0.67109375 0.71875 0.0125 0.009375
0 0.65078125 0.68359375 0.021875 0.0203125
0 0.665625 0.66953125 0.0109375 0.0125
0 0.63828125 0.66328125 0.0109375 0.009375
0 0.6328125 0.64453125 0.0140625 0.0125
0 0.64765625 0.6375 0.0140625 0.0125
0 0.6265625 0.61015625 0.01875 0.01875
0 0.615625 0.58828125 0.0140625 0.0125
0 0.60546875 0.57421875 0.0140625 0.009375
0 0.59921875 0.56328125 0.0140625 0.00625
0 0.53828125 0.62109375 0.0125 0.0125
0 0.59609375 0.6375 0.0109375 0.0125
0 0.5078125 0.59296875 0.0109375 0.0125
0 0.54375 0.59765625 0.0125 0.0125
0 0.528125 0.60078125 0.0109375 0.0125
0 0.540625 0.546875 0.0171875 0.01875
0 0.5125 0.565625 0.0109375 0.009375
0 0.49609375 0.5546875 0.01875 0.01875
0 0.546875 0.50390625 0.015625 0.015625
0 0.521875 0.50078125 0.0140625 0.0140625
0 0.4375 0.5046875 0.0109375 0.0140625
0 0.45859375 0.51328125 0.021875 0.025
0 0.46640625 0.54609375 0.015625 0.0140625
0 0.5015625 0.46953125 0.015625 0.015625
0 0.51328125 0.44921875 0.0140625 0.0125
0 0.48671875 0.4078125 0.01875 0.0125
0 0.46640625 0.42265625 0.0109375 0.0140625
0 0.38828125 0.42890625 0.021875 0.0140625
0 0.4359375 0.46171875 0.0125 0.0140625
0 0.36953125 0.37109375 0.0203125 0.01875
0 0.40625 0.29375 0.0296875 0.0140625
0 0.42578125 0.31328125 0.0359375 0.0328125
0 0.45625 0.315625 0.015625 0.015625
0 0.3265625 0.27265625 0.028125 0.0328125
0 0.3140625 0.33125 0.0140625 0.0125
0 0.2390625 0.18359375 0.0234375 0.015625
0 0.2375 0.203125 0.015625 0.0140625
0 0.240625 0.22265625 0.015625 0.0125
0 0.27109375 0.228125 0.021875 0.015625
0 0.24921875 0.2375 0.015625 0.0109375
0 0.1703125 0.13359375 0.0265625 0.021875
0 0.18671875 0.15859375 0.0203125 0.0140625
0 0.2109375 0.159375 0.015625 0.0125
0 0.2078125 0.1046875 0.015625 0.0140625
0 0.12421875 0.0453125 0.0203125 0.009375
0 0.18515625 0.040625 0.015625 0.015625
0 0.2109375 0.04375 0.01875 0.0234375
0 0.23125 0.02734375 0.0171875 0.0203125
0 0.25078125 0.01796875 0.0125 0.0109375
0 0.25390625 0.06640625 0.01875 0.0171875
0 0.2421875 0.109375 0.0140625 0.0125
0 0.22421875 0.1265625 0.0171875 0.015625
0 0.26796875 0.08359375 0.015625 0.0125
0 0.28515625 0.090625 0.0125 0.0125
0 0.2890625 0.11171875 0.0140625 0.0171875
0 0.28125 0.1390625 0.0203125 0.0296875
0 0.3171875 0.16796875 0.0171875 0.0171875
0 0.2890625 0.1765625 0.0203125 0.01875
0 0.29375 0.20703125 0.015625 0.0140625
0 0.34140625 0.203125 0.0140625 0.015625
0 0.30078125 0.096875 0.0078125 0.0109375
0 0.3609375 0.01953125 0.021875 0.015625
0 0.37890625 0.08984375 0.0234375 0.0171875
0 0.3546875 0.08828125 0.0140625 0.01875
0 0.3171875 0.11328125 0.0078125 0.015625
0 0.3734375 0.15078125 0.0140625 0.015625
0 0.39296875 0.0296875 0.0125 0.0109375
0 0.45546875 0.1921875 0.0234375 0.0234375
0 0.42578125 0.1953125 0.0140625 0.01875
0 0.38125 0.23046875 0.0171875 0.01875
0 0.39375 0.2578125 0.01875 0.0265625
0 0.53515625 0.29453125 0.0140625 0.015625
0 0.48828125 0.228125 0.0234375 0.015625
0 0.4796875 0.27421875 0.0125 0.0125
0 0.56171875 0.33125 0.0265625 0.0234375
0 0.5703125 0.378125 0.028125 0.01875
0 0.5171875 0.4046875 0.015625 0.015625
0 0.5484375 0.44296875 0.0171875 0.015625
0 0.5265625 0.4390625 0.0140625 0.0125
0 0.55546875 0.4890625 0.0125 0.0125
0 0.63515625 0.4546875 0.0234375 0.0203125
0 0.68671875 0.51640625 0.01875 0.015625
0 0.69140625 0.546875 0.0140625 0.0125
0 0.67890625 0.47421875 0.028125 0.0296875
0 0.59609375 0.35625 0.015625 0.015625
0 0.57890625 0.30859375 0.0140625 0.0078125
0 0.52890625 0.26171875 0.015625 0.0125
0 0.74375 0.45703125 0.01875 0.0140625
0 0.71953125 0.5109375 0.0140625 0.009375
0 0.74609375 0.5640625 0.0203125 0.0171875
0 0.7734375 0.57734375 0.015625 0.015625
0 0.81796875 0.56875 0.0125 0.0125
0 0.78828125 0.61640625 0.0125 0.0125
0 0.83125 0.66171875 0.0265625 0.028125
0 0.85546875 0.69921875 0.015625 0.009375
0 0.88359375 0.728125 0.0171875 0.0140625
0 0.93515625 0.7828125 0.015625 0.0140625
0 0.91953125 0.55703125 0.0234375 0.01875
0 0.97890625 0.61328125 0.01875 0.0140625
0 0.90234375 0.51796875 0.015625 0.0109375
0 0.88984375 0.4921875 0.0203125 0.0171875
0 0.8484375 0.46640625 0.0125 0.0109375
0 0.8953125 0.44609375 0.0171875 0.0171875
0 0.8484375 0.40390625 0.0234375 0.021875
0 0.86484375 0.4265625 0.015625 0.0171875
0 0.81953125 0.365625 0.0234375 0.0234375
0 0.85390625 0.3765625 0.0125 0.0109375
0 0.7359375 0.4 0.0171875 0.0203125
0 0.75703125 0.32109375 0.028125 0.0296875
0 0.7140625 0.29921875 0.021875 0.01875
0 0.67421875 0.3015625 0.0171875 0.021875
0 0.69375 0.20078125 0.0203125 0.0171875
0 0.67578125 0.22265625 0.01875 0.0171875
0 0.63125 0.2 0.01875 0.0171875
0 0.64765625 0.17890625 0.0125 0.0125
0 0.64921875 0.146875 0.0125 0.0171875
0 0.6578125 0.1328125 0.0109375 0.0109375
0 0.6671875 0.1546875 0.0171875 0.0140625
0 0.61953125 0.15390625 0.021875 0.034375
0 0.5578125 0.1078125 0.0109375 0.0125
0 0.565625 0.0921875 0.0109375 0.009375
0 0.5171875 0.0359375 0.0171875 0.01875
0 0.5484375 0.03125 0.01875 0.0140625
0 0.61171875 0.06328125 0.0109375 0.0125
0 0.64296875 0.10234375 0.015625 0.0125
0 0.50546875 0.15703125 0.0109375 0.0109375
0 0.646875 0.01328125 0.015625 0.0125
0 0.6765625 0.0578125 0.0234375 0.021875
0 0.8203125 0.05390625 0.0109375 0.0125
0 0.82265625 0.0390625 0.015625 0.0125
0 0.8703125 0.03828125 0.021875 0.0140625
0 0.88203125 0.0703125 0.0125 0.0171875
0 0.90859375 0.10078125 0.0125 0.0109375
0 0.915625 0.12265625 0.015625 0.015625