1 0.48671875 0.7890625 0.08125 0.1375
1 0.44765625 0.965625 0.0828125 0.06875
1 0.15625 0.64140625 0.0625 0.078125
1 0.53046875 0.3046875 0.1015625 0.15
1 0.62265625 0.46953125 0.0875 0.1
1 0.81015625 0.32890625 0.1015625 0.1140625
1 0.4265625 0.11171875 0.08125 0.121875
0 0.7015625 0.02578125 0.0875 0.0515625
0 0.76484375 0.16640625 0.13125 0.1421875
0 0.91953125 0.225 0.0578125 0.0703125
0 0.1421875 0.1671875 0.1171875 0.128125
0 0.19453125 0.259375 0.0703125 0.0796875
0 0.30234375 0.15 0.071875 0.0640625
0 0.3296875 0.20859375 0.0578125 0.0578125
0 0.34921875 0.33671875 0.0765625 0.08125
0 0.29921875 0.39453125 0.0546875 0.0625
0 0.425 0.5078125 0.1171875 0.1609375
0 0.56171875 0.66484375 0.1328125 0.1578125
0 0.6125 0.575 0.053125 0.05625
0 0.7125 0.64453125 0.040625 0.078125
0 0.80703125 0.7609375 0.065625 0.078125
0 0.659375 0.7984375 0.0453125 0.0640625
0 0.73046875 0.80859375 0.0484375 0.084375
0 0.8953125 0.515625 0.04375 0.05625
0 0.85390625 0.4390625 0.0625 0.065625
0 0.3953125 0.778125 0.071875 0.0734375
0 0.66796875 0.87421875 0.0390625 0.0625
0 0.34375 0.90703125 0.046875 0.0546875
0 0.2546875 0.9546875 0.10625 0.090625
0 0.0546875 0.5125 0.0671875 0.0734375
0 0.93828125 0.6140625 0.0703125 0.0921875
0 0.99296875 0.6375 0.0140625 0.075