0 0.39140625 0.20546875 0.0578125 0.0578125
0 0.4046875 0.3125 0.0390625 0.0421875
0 0.484375 0.365625 0.046875 0.0515625
0 0.37734375 0.09140625 0.0265625 0.040625
0 0.065625 0.69609375 0.0546875 0.0375
0 0.03984375 0.54296875 0.0328125 0.0390625
0 0.12109375 0.94140625 0.05 0.0609375
0 0.21640625 0.75234375 0.040625 0.046875
0 0.359375 0.86171875 0.0359375 0.0328125
0 0.33203125 0.95703125 0.04375 0.0359375
0 0.45078125 0.62578125 0.0328125 0.0421875
0 0.46015625 0.72421875 0.028125 0.028125
0 0.51953125 0.590625 0.0359375 0.04375
0 0.5171875 0.65546875 0.03125 0.0375
0 0.4640625 0.87265625 0.034375 0.0484375
0 0.5546875 0.9 0.0296875 0.021875
0 0.66171875 0.26796875 0.0390625 0.0484375
0 0.6578125 0.45078125 0.0328125 0.0515625
0 0.65390625 0.525 0.034375 0.0453125
0 0.74375 0.4125 0.0328125 0.0484375
0 0.73359375 0.52265625 0.0234375 0.04375
0 0.69296875 0.51796875 0.021875 0.0296875
0 0.8109375 0.67421875 0.0375 0.0484375
0 0.73984375 0.41640625 0.0390625 0.05
0 0.8453125 0.42578125 0.0296875 0.0328125
0 0.85703125 0.3140625 0.021875 0.025
0 0.9265625 0.36640625 0.0203125 0.0296875
0 0.63671875 0.828125 0.0296875 0.03125
1 0.8625 0.53125 0.0234375 0.0734375
1 0.87578125 0.7734375 0.0265625 0.090625
1 0.7125 0.6859375 0.0296875 0.0640625
1 0.434375 0.47890625 0.0359375 0.0828125
1 0.26640625 0.703125 0.0296875 0.1
0 0.14140625 0.45078125 0.0390625 0.071875