0 0.053125 0.103125 0.04375 0.05
0 0.028125 0.3359375 0.05 0.046875
0 0.015625 0.4921875 0.03125 0.053125
0 0.171875 0.2859375 0.04375 0.053125
0 0.259375 0.075 0.05 0.0375
0 0.28984375 0.165625 0.04921875 0.0484375
0 0.20859375 0.17421875 0.01171875 0.015625
0 0.396875 0.1609375 0.03046875 0.0484375
0 0.4828125 0.13203125 0.01875 0.021875
0 0.5078125 0.21484375 0.01875 0.025
0 0.39921875 0.30625 0.0234375 0.0265625
0 0.40546875 0.40546875 0.03359375 0.03359375
0 0.46953125 0.37109375 0.03046875 0.03515625
0 0.47890625 0.4375 0.03515625 0.03359375
0 0.46640625 0.65703125 0.0375 0.04375
0 0.39453125 0.7109375 0.02890625 0.0375
0 0.39296875 0.81796875 0.04375 0.059375
0 0.39140625 0.9265625 0.03046875 0.03515625
0 0.45078125 0.91796875 0.025 0.015625
0 0.45859375 0.94765625 0.0171875 0.01328125
0 0.1234375 0.58203125 0.0390625 0.05078125
0 0.5734375 0.20234375 0.01875 0.02890625
0 0.7578125 0.3515625 0.0390625 0.0484375
0 0.615625 0.5078125 0.0390625 0.0484375
0 0.65390625 0.50234375 0.01171875 0.0203125
0 0.6953125 0.50625 0.021875 0.0390625
0 0.6171875 0.39296875 0.0203125 0.0171875
0 0.63125 0.57421875 0.0421875 0.0421875
0 0.7140625 0.60390625 0.03046875 0.0453125
0 0.81328125 0.59296875 0.025 0.0375
0 0.84296875 0.70234375 0.0203125 0.0203125
0 0.64921875 0.75625 0.03671875 0.05078125
0 0.89765625 0.653125 0.021875 0.02734375
0 0.8609375 0.4015625 0.0171875 0.01875
1 0.89453125 0.2546875 0.02890625 0.084375
1 0.77265625 0.221875 0.025 0.0890625
1 0.846875 0.496875 0.01875 0.07890625
1 0.42109375 0.5421875 0.0203125 0.11328125
1 0.70625 0.73984375 0.02890625 0.090625
1 0.19140625 0.53125 0.021875 0.0875