0 0.47734375 0.3296875 0.0890625 0.084375
0 0.3890625 0.43671875 0.0453125 0.071875
0 0.0984375 0.47265625 0.0515625 0.0484375
0 0.55 0.49765625 0.0546875 0.08125
0 0.38515625 0.6109375 0.046875 0.0375
0 0.4015625 0.690625 0.06875 0.059375
0 0.40546875 0.79765625 0.059375 0.046875
0 0.3359375 0.72421875 0.0578125 0.078125
0 0.36484375 0.8640625 0.065625 0.1125
0 0.1703125 0.6453125 0.05 0.028125
0 0.13984375 0.60234375 0.05 0.040625
0 0.10390625 0.53359375 0.0453125 0.0296875
0 0.05625 0.33828125 0.084375 0.0875