0 0.06640625 0.35 0.0671875 0.0859375
0 0.078125 0.41875 0.0375 0.0421875
0 0.0109375 0.48515625 0.021875 0.0390625
0 0.13828125 0.4359375 0.0328125 0.046875
0 0.215625 0.4234375 0.0390625 0.0375
0 0.1 0.49609375 0.028125 0.0296875
0 0.028125 0.5125 0.0359375 0.0296875
0 0.03671875 0.54765625 0.034375 0.025
0 0.065625 0.53515625 0.0328125 0.025
0 0.11953125 0.48359375 0.01875 0.021875
0 0.1421875 0.48046875 0.01875 0.025
0 0.184375 0.471875 0.0453125 0.05
0 0.25859375 0.45859375 0.0375 0.040625
0 0.35625 0.44453125 0.04375 0.0390625
0 0.37265625 0.39765625 0.0375 0.025
0 0.29296875 0.2546875 0.0296875 0.028125
0 0.3515625 0.0578125 0.0515625 0.0515625
0 0.378125 0.096875 0.04375 0.0390625
0 0.3703125 0.15078125 0.0609375 0.05625
0 0.4953125 0.1796875 0.0515625 0.0375
0 0.8140625 0.01015625 0.0375 0.0203125
0 0.609375 0.06875 0.0359375 0.0234375
0 0.44375 0.06171875 0.04375 0.0296875
0 0.67734375 0.0734375 0.0375 0.0421875
0 0.69375 0.121875 0.0375 0.028125
0 0.44296875 0.2484375 0.075 0.05625
0 0.31875 0.31015625 0.034375 0.040625
0 0.50234375 0.39453125 0.040625 0.0359375
0 0.565625 0.3171875 0.034375 0.0234375
0 0.73125 0.4984375 0.0375 0.034375
0 0.871875 0.490625 0.025 0.0296875
0 0.8734375 0.52421875 0.0390625 0.0421875
0 0.9921875 0.61875 0.015625 0.046875
0 0.940625 0.72734375 0.0578125 0.0546875
0 0.84296875 0.54453125 0.0265625 0.028125
0 0.775 0.57890625 0.0328125 0.0359375
0 0.86640625 0.63984375 0.0296875 0.034375
0 0.825 0.69609375 0.0375 0.0265625
0 0.7984375 0.78671875 0.059375 0.05
0 0.75 0.82578125 0.05625 0.0453125
0 0.6921875 0.87109375 0.05625 0.046875
0 0.59140625 0.971875 0.0484375 0.046875
0 0.49375 0.74921875 0.04375 0.0421875
0 0.71796875 0.615625 0.04375 0.040625
0 0.7203125 0.56328125 0.0375 0.0296875
0 0.678125 0.53671875 0.0296875 0.0296875
0 0.5109375 0.49296875 0.034375 0.034375
0 0.4875 0.52578125 0.0296875 0.0234375
0 0.50625 0.63125 0.03125 0.021875
0 0.3671875 0.67890625 0.0328125 0.0359375
0 0.3359375 0.76015625 0.0578125 0.05625
0 0.39140625 0.72265625 0.05 0.034375
0 0.415625 0.78203125 0.040625 0.0390625
0 0.26875 0.88125 0.034375 0.03125
0 0.2734375 0.75546875 0.021875 0.025
0 0.23984375 0.73359375 0.0359375 0.0296875
0 0.225 0.77421875 0.04375 0.0390625
0 0.165625 0.790625 0.028125 0.028125
0 0.1890625 0.8140625 0.046875 0.03125
0 0.08046875 0.8375 0.0375 0.0296875
0 0.18515625 0.878125 0.040625 0.0328125
0 0.17578125 0.83984375 0.034375 0.0265625
0 0.12578125 0.92109375 0.0328125 0.0390625
0 0.21328125 0.91328125 0.0359375 0.0265625
0 0.17734375 0.95 0.0328125 0.0296875
0 0.096875 0.95234375 0.0421875 0.0390625
0 0.17578125 0.928125 0.028125 0.0296875
1 0.90078125 0.3375 0.021875 0.04375
1 0.95078125 0.446875 0.028125 0.0515625
1 0.92734375 0.2796875 0.0265625 0.06875
1 0.76328125 0.33828125 0.021875 0.0578125
1 0.9390625 0.63515625 0.0234375 0.0609375