1 0.175 0.0328125 0.25078125 0.06484375
1 0.225 0.4296875 0.08515625 0.06796875
1 0.3984375 0.40078125 0.05546875 0.0703125
1 0.4671875 0.88046875 0.06796875 0.07265625
1 0.80625 0.66015625 0.06484375 0.0578125
1 0.95703125 0.859375 0.0703125 0.08515625
1 0.94140625 0.28515625 0.03984375 0.05
1 0.48671875 0.171875 0.05234375 0.0578125
0 0.12421875 0.11171875 0.1375 0.07734375
0 0.27578125 0.16171875 0.03515625 0.0578125
0 0.315625 0.13671875 0.0453125 0.0578125
0 0.3578125 0.1375 0.025 0.06484375
0 0.44609375 0.03125 0.0765625 0.0625
0 0.60625 0.165625 0.0296875 0.0296875
0 0.69765625 0.16640625 0.0328125 0.05234375
0 0.78671875 0.17421875 0.03984375 0.05234375
0 0.83046875 0.1703125 0.0375 0.06015625
0 0.83359375 0.08359375 0.0046875 0.00234375
0 0.84921875 0.12109375 0.05 0.0421875
0 0.7546875 0.05859375 0.02734375 0.0421875
0 0.71484375 0.39296875 0.0578125 0.03984375
0 0.79921875 0.38828125 0.05546875 0.06015625
0 0.87421875 0.3609375 0.05546875 0.05
0 0.97890625 0.39453125 0.03984375 0.05234375
0 0.9015625 0.4421875 0.05546875 0.02734375
0 0.84296875 0.4546875 0.0328125 0.0375
0 0.82734375 0.496875 0.1078125 0.06796875
0 0.68125 0.515625 0.08984375 0.075
0 0.62734375 0.44296875 0.0421875 0.0296875
0 0.50859375 0.5796875 0.1203125 0.07265625
0 0.31171875 0.575 0.0421875 0.0375
0 0.334375 0.64453125 0.0421875 0.0421875
0 0.10859375 0.55234375 0.04765625 0.0421875
0 0.09296875 0.6734375 0.15 0.08046875
0 0.178125 0.5421875 0.025 0.0375
0 0.3296875 0.925 0.0625 0.0625
0 0.16875 0.94375 0.02734375 0.03515625
0 0.54609375 0.95546875 0.075 0.04765625
0 0.73125 0.7359375 0.0453125 0.0453125
0 0.80234375 0.8375 0.0625 0.04765625
0 0.84140625 0.93046875 0.11484375 0.07265625
0 0.9765625 0.7046875 0.03984375 0.04765625