0 0.221875 0.42421875 0.0359375 0.0359375
0 0.140625 0.14453125 0.0296875 0.0359375
0 0.12265625 0.1578125 0.0265625 0.0203125
0 0.09375 0.17890625 0.028125 0.025
0 0.06484375 0.19921875 0.025 0.0296875
0 0.25390625 0.078125 0.0296875 0.03125
0 0.2765625 0.06875 0.0296875 0.0265625
0 0.2234375 0.00390625 0.025 0.0078125
0 0.11953125 0.09609375 0.01875 0.0171875
0 0.11796875 0.12421875 0.01875 0.01875
0 0.14765625 0.11796875 0.0140625 0.015625
0 0.20859375 0.10859375 0.0203125 0.0171875
0 0.29921875 0.0546875 0.0203125 0.0234375
0 0.31015625 0.04453125 0.0171875 0.0203125
0 0.32421875 0.03984375 0.01875 0.0140625
0 0.34921875 0.0125 0.021875 0.01875
0 0.18125 0.23984375 0.025 0.01875
0 0.20546875 0.2140625 0.0265625 0.0234375
0 0.21796875 0.18046875 0.01875 0.0125
0 0.28125 0.15859375 0.0234375 0.01875
0 0.3171875 0.12890625 0.0265625 0.0203125
0 0.3375 0.10859375 0.025 0.021875
0 0.34453125 0.0984375 0.01875 0.01875
0 0.36484375 0.09375 0.01875 0.0140625
0 0.39609375 0.0609375 0.0234375 0.0171875
0 0.42890625 0.0453125 0.0171875 0.0125
0 0.4546875 0.02734375 0.021875 0.01875
0 0.4671875 0.0203125 0.0171875 0.0171875
0 0.003125 0.50234375 0.00625 0.0140625
0 0.00390625 0.4828125 0.0078125 0.015625
0 0.03203125 0.48203125 0.0171875 0.0171875
0 0.02109375 0.4625 0.0109375 0.0078125
0 0.04296875 0.45546875 0.0125 0.015625
0 0.0453125 0.4390625 0.01875 0.015625
0 0.07578125 0.41875 0.0171875 0.0203125
0 0.09609375 0.42421875 0.015625 0.0125
0 0.11171875 0.4109375 0.0203125 0.0171875
0 0.121875 0.3921875 0.015625 0.015625
0 0.15625 0.37578125 0.0296875 0.021875
0 0.1578125 0.35859375 0.0234375 0.0234375
0 0.1734375 0.365625 0.0203125 0.0171875
0 0.19140625 0.35078125 0.0265625 0.01875
0 0.21875 0.30390625 0.01875 0.021875
0 0.246875 0.28359375 0.0171875 0.0140625
0 0.284375 0.2828125 0.0171875 0.0171875
0 0.3109375 0.26171875 0.0265625 0.021875
0 0.303125 0.24296875 0.0203125 0.021875
0 0.33671875 0.24375 0.021875 0.01875
0 0.4484375 0.14765625 0.021875 0.0234375
0 0.00859375 0.78828125 0.0171875 0.0171875
0 0.01171875 0.753125 0.0234375 0.021875
0 0.0453125 0.7484375 0.028125 0.034375
0 0.0546875 0.71015625 0.0203125 0.0171875
0 0.07890625 0.69453125 0.0171875 0.0171875
0 0.10625 0.721875 0.0203125 0.0203125
0 0.13515625 0.66015625 0.0265625 0.021875
0 0.10625 0.59453125 0.01875 0.0140625
0 0.1640625 0.4296875 0.0296875 0.0234375
0 0.25390625 0.3609375 0.025 0.034375
0 0.30625 0.32578125 0.0171875 0.01875
0 0.3578125 0.30078125 0.01875 0.0140625
0 0.32265625 0.32734375 0.028125 0.0359375
0 0.465625 0.21640625 0.025 0.0234375
0 0.39609375 0.31171875 0.01875 0.0140625
0 0.36640625 0.34375 0.0234375 0.025
0 0.390625 0.36875 0.025 0.0203125
0 0.43671875 0.278125 0.01875 0.0265625
0 0.421875 0.25546875 0.0234375 0.028125
0 0.4734375 0.246875 0.0390625 0.0234375
0 0.5765625 0.13359375 0.0171875 0.0140625
0 0.5390625 0.075 0.0296875 0.021875
0 0.6171875 0.1171875 0.0265625 0.0265625
0 0.50234375 0.196875 0.0171875 0.0203125
0 0.3546875 0.403125 0.028125 0.0171875
0 0.296875 0.56640625 0.04375 0.0234375
0 0.3078125 0.57109375 0.0203125 0.04375
0 0.378125 0.50703125 0.0203125 0.021875
0 0.19296875 0.76484375 0.01875 0.0140625
0 0.34765625 0.6296875 0.0171875 0.015625
0 0.3140625 0.67421875 0.0140625 0.0140625
0 0.41796875 0.546875 0.015625 0.015625
0 0.43359375 0.52578125 0.0203125 0.01875
0 0.2390625 0.51640625 0.028125 0.0265625
0 0.18828125 0.81328125 0.0390625 0.0265625
0 0.34140625 0.71328125 0.0328125 0.03125
0 0.6046875 0.2515625 0.025 0.025
0 0.63515625 0.27109375 0.0203125 0.01875
0 0.3921875 0.7125 0.025 0.028125
0 0.3875 0.7890625 0.0234375 0.025
0 0.5109375 0.61015625 0.0265625 0.0265625
0 0.50859375 0.49453125 0.025 0.025
0 0.47265625 0.7171875 0.0203125 0.0203125
0 0.48359375 0.7 0.0140625 0.015625
0 0.41640625 0.8171875 0.028125 0.021875
0 0.55390625 0.440625 0.025 0.028125
0 0.59453125 0.38125 0.0328125 0.0296875
0 0.63515625 0.5359375 0.0265625 0.028125
0 0.70625 0.553125 0.040625 0.03125
0 0.659375 0.4921875 0.025 0.0234375
0 0.63984375 0.57578125 0.025 0.0328125
0 0.734375 0.49609375 0.021875 0.025
0 0.8890625 0.52109375 0.025 0.0296875
0 0.87265625 0.54375 0.021875 0.021875
0 0.7828125 0.3875 0.0296875 0.0265625
0 0.74453125 0.36640625 0.01875 0.0234375
0 0.91328125 0.34609375 0.0328125 0.0390625
0 0.9890625 0.44765625 0.021875 0.0265625
0 0.98359375 0.3375 0.0328125 0.040625
0 0.715625 0.45078125 0.021875 0.0203125
0 0.90390625 0.4375 0.03125 0.028125
0 0.78515625 0.2921875 0.01875 0.025
0 0.759375 0.578125 0.025 0.0234375
0 0.82109375 0.546875 0.0234375 0.0234375
0 0.98671875 0.21171875 0.0265625 0.0296875