0 0.50625 0.33515625 0.05 0.0265625
0 0.5078125 0.3796875 0.034375 0.04375
0 0.50625 0.440625 0.034375 0.0484375
0 0.55546875 0.4125 0.0375 0.025
0 0.61328125 0.19296875 0.0234375 0.01875
0 0.665625 0.1671875 0.034375 0.01875
0 0.70546875 0.13046875 0.0453125 0.0453125
0 0.56484375 0.0375 0.0375 0.025
0 0.69921875 0.06328125 0.0296875 0.03125
0 0.8953125 0.0875 0.015625 0.0125
0 0.9390625 0.115625 0.021875 0.015625
0 0.9625 0.04296875 0.0140625 0.0125
0 0.971875 0.03125 0.021875 0.0125
0 0.63828125 0.271875 0.025 0.028125
0 0.49375 0.303125 0.0140625 0.009375
0 0.475 0.31015625 0.0140625 0.009375
0 0.46328125 0.31796875 0.009375 0.00625
0 0.45234375 0.33359375 0.0125 0.009375
0 0.4484375 0.359375 0.0171875 0.0125
0 0.471875 0.36875 0.01875 0.0140625
0 0.46484375 0.4125 0.015625 0.009375
0 0.5609375 0.446875 0.0390625 0.03125
0 0.553125 0.4796875 0.03125 0.021875
0 0.603125 0.5 0.021875 0.015625
0 0.59921875 0.528125 0.028125 0.015625
0 0.55546875 0.51796875 0.021875 0.0109375
0 0.55546875 0.53515625 0.0296875 0.0125
0 0.55390625 0.55546875 0.0375 0.015625
0 0.48046875 0.50625 0.015625 0.0140625
0 0.50078125 0.496875 0.0390625 0.0203125
0 0.4421875 0.465625 0.0375 0.0359375
0 0.45546875 0.5078125 0.021875 0.015625
0 0.4875 0.52578125 0.021875 0.015625
0 0.5078125 0.553125 0.0171875 0.0109375
0 0.45703125 0.55703125 0.015625 0.0125
0 0.43046875 0.57734375 0.021875 0.01875
0 0.49765625 0.5640625 0.015625 0.015625
0 0.5125 0.60859375 0.0296875 0.028125
0 0.51015625 0.653125 0.025 0.03125
0 0.51796875 0.6796875 0.021875 0.0125
0 0.590625 0.63984375 0.01875 0.015625
0 0.46953125 0.628125 0.01875 0.015625
0 0.6421875 0.659375 0.015625 0.0140625
1 0.2828125 0.38125 0.03125 0.0515625
1 0.10078125 0.51875 0.028125 0.05
1 0.82421875 0.378125 0.034375 0.0390625
1 0.53359375 0.128125 0.03125 0.04375
1 0.5671875 0.28828125 0.040625 0.0421875
1 0.359375 0.2890625 0.028125 0.04375
1 0.184375 0.38984375 0.025 0.04375