0 0.41015625 0.6109375 0.0359375 0.04375
0 0.39609375 0.6703125 0.0296875 0.025
0 0.390625 0.7125 0.0484375 0.0375
0 0.33359375 0.6203125 0.028125 0.025
0 0.378125 0.428125 0.0296875 0.03125
0 0.78515625 0.47421875 0.2078125 0.315625
0 0.565625 0.23515625 0.0828125 0.0578125
0 0.13671875 0.49375 0.0328125 0.046875
0 0.13828125 0.634375 0.0359375 0.0515625
1 0.3234375 0.3578125 0.040625 0.0890625
1 0.05390625 0.403125 0.0296875 0.0609375
1 0.23515625 0.51875 0.046875 0.0921875
1 0.8484375 0.2015625 0.0359375 0.075
0 0.45390625 0.3171875 0.0109375 0.009375
0 0.46953125 0.30546875 0.0109375 0.0078125
0 0.47578125 0.2890625 0.009375 0.0078125
0 0.46640625 0.2765625 0.0109375 0.0078125
0 0.4515625 0.2875 0.009375 0.0078125
0 0.453125 0.2953125 0.009375 0.00625
0 0.521875 0.33046875 0.009375 0.00625
0 0.47109375 0.31875 0.0125 0.00625
0 0.5078125 0.35390625 0.0125 0.009375
0 0.5546875 0.3625 0.0125 0.0078125
0 0.5921875 0.378125 0.009375 0.00625