0 0.3890625 0.58984375 0.03125 0.040625
0 0.3625 0.6453125 0.0265625 0.021875
0 0.34921875 0.68515625 0.04375 0.0328125
0 0.31171875 0.58359375 0.025 0.0234375
0 0.3953125 0.40390625 0.0265625 0.028125
0 0.784375 0.534375 0.16875 0.2984375
0 0.61953125 0.2546875 0.078125 0.0484375
0 0.14609375 0.41796875 0.0265625 0.0453125
0 0.11796875 0.55625 0.0296875 0.0484375
1 0.35703125 0.32421875 0.028125 0.0875
1 0.08359375 0.3125 0.021875 0.059375
1 0.23671875 0.46328125 0.034375 0.0890625
1 0.903125 0.28046875 0.0265625 0.071875
0 0.49296875 0.31171875 0.0109375 0.0078125
0 0.5109375 0.303125 0.0109375 0.00625
0 0.51953125 0.2890625 0.0078125 0.00625
0 0.51328125 0.27421875 0.0109375 0.00625
0 0.496875 0.28203125 0.0078125 0.00625
0 0.49609375 0.28984375 0.009375 0.00625
0 0.55625 0.33828125 0.0078125 0.00625
0 0.509375 0.31640625 0.0125 0.0046875
0 0.5375 0.359375 0.0109375 0.0078125
0 0.58203125 0.37734375 0.0125 0.00625
0 0.615625 0.4 0.0078125 0.00625