0 0.48515625 0.37890625 0.0828125 0.0515625
0 0.2453125 0.59609375 0.07734375 0.0875
0 0.36796875 0.7078125 0.0359375 0.0265625
0 0.484375 0.66484375 0.02265625 0.034375
0 0.43828125 0.62578125 0.0265625 0.04453125
0 0.37578125 0.59765625 0.02578125 0.0515625
0 0.6015625 0.6484375 0.01875 0.0515625
0 0.525 0.6265625 0.03046875 0.04765625
0 0.48359375 0.715625 0.06015625 0.04375
0 0.42109375 0.565625 0.0296875 0.04375
0 0.47734375 0.51015625 0.02578125 0.034375
0 0.5265625 0.46015625 0.025 0.025
0 0.5546875 0.43125 0.01484375 0.01953125
0 0.59375 0.3734375 0.03671875 0.04453125
0 0.67265625 0.34296875 0.03125 0.03359375
0 0.6125 0.46484375 0.034375 0.0328125
0 0.57578125 0.5171875 0.025 0.02890625
0 0.621875 0.528125 0.02734375 0.03359375
0 0.68203125 0.44765625 0.021875 0.0234375
0 0.74140625 0.45546875 0.0234375 0.0234375
0 0.70390625 0.47265625 0.0265625 0.0234375
0 0.69140625 0.38125 0.02890625 0.02890625
0 0.76328125 0.36875 0.0234375 0.03125
0 0.7171875 0.3609375 0.01953125 0.021875
0 0.69921875 0.31953125 0.0265625 0.02265625
0 0.65625 0.40390625 0.01796875 0.03046875
0 0.6953125 0.5265625 0.0171875 0.0296875
0 0.64453125 0.5828125 0.01796875 0.0328125
0 0.63828125 0.61953125 0.021875 0.0375
0 0.63046875 0.68515625 0.02578125 0.0234375
0 0.55078125 0.740625 0.03046875 0.015625
0 0.575 0.7546875 0.015625 0.02109375
0 0.36328125 0.5328125 0.02109375 0.01953125
0 0.31953125 0.4484375 0.0171875 0.04140625
0 0.34375 0.44296875 0.0125 0.0265625
0 0.37890625 0.44296875 0.02109375 0.02265625
0 0.40625 0.37109375 0.015625 0.03046875
0 0.43359375 0.3515625 0.021875 0.01953125
0 0.27421875 0.2859375 0.02265625 0.040625
0 0.16875 0.3609375 0.03671875 0.0375
0 0.14921875 0.40390625 0.02578125 0.04765625
0 0.06640625 0.45 0.02265625 0.040625
0 0.09453125 0.50078125 0.02265625 0.0125
0 0.10625 0.34921875 0.03046875 0.01484375
0 0.2359375 0.40078125 0.01796875 0.02109375
0 0.36796875 0.234375 0.0234375 0.01796875
0 0.39296875 0.2078125 0.034375 0.0234375
0 0.04453125 0.184375 0.02578125 0.02890625
0 0.125 0.0640625 0.034375 0.0125
0 0.2140625 0.7625 0.03359375 0.04765625
0 0.34140625 0.74140625 0.028125 0.03203125
1 0.409375 0.490625 0.028125 0.053125
1 0.31875 0.62421875 0.02109375 0.04609375
1 0.46328125 0.259375 0.03046875 0.05703125
1 0.0953125 0.140625 0.0375 0.0640625