0 0.2109375 0.09765625 0.05234375 0.0328125
0 0.271875 0.08515625 0.02890625 0.021875
0 0.10390625 0.2171875 0.02734375 0.021875
0 0.2203125 0.190625 0.03046875 0.0234375
0 0.0515625 0.39453125 0.03046875 0.04296875
0 0.11796875 0.33359375 0.028125 0.0140625
0 0.15078125 0.4875 0.0109375 0.01953125
0 0.1640625 0.45390625 0.0109375 0.009375
0 0.21171875 0.40234375 0.0140625 0.046875
0 0.2171875 0.3546875 0.01640625 0.01796875
0 0.12109375 0.58046875 0.03671875 0.015625
0 0.26875 0.38671875 0.01640625 0.04296875
0 0.25859375 0.3296875 0.0140625 0.059375
0 0.26484375 0.440625 0.015625 0.04140625
0 0.2609375 0.5 0.01796875 0.034375
0 0.28046875 0.26796875 0.0078125 0.015625
0 0.2875 0.2796875 0.01171875 0.0640625
0 0.31328125 0.22109375 0.028125 0.0171875
0 0.30625 0.27421875 0.0125 0.053125
0 0.3203125 0.31640625 0.009375 0.12578125
0 0.3125 0.43828125 0.021875 0.021875
0 0.31640625 0.490625 0.01484375 0.0546875
0 0.32265625 0.671875 0.01640625 0.0359375
0 0.27421875 0.62265625 0.01484375 0.0390625
0 0.3578125 0.7859375 0.009375 0.03828125
0 0.38203125 0.76953125 0.01640625 0.09140625
0 0.37734375 0.675 0.01640625 0.04921875
0 0.37890625 0.59453125 0.0171875 0.0765625
0 0.4109375 0.5984375 0.01484375 0.03984375
0 0.37734375 0.49140625 0.0234375 0.1
0 0.37734375 0.421875 0.015625 0.0234375
0 0.378125 0.2671875 0.025 0.109375
0 0.36328125 0.32265625 0.009375 0.0125
0 0.4125 0.45625 0.0203125 0.06640625
0 0.4765625 0.4875 0.025 0.096875
0 0.4546875 0.6359375 0.0234375 0.153125
0 0.53203125 0.74765625 0.02265625 0.0328125
0 0.55390625 0.74375 0.01953125 0.0484375
0 0.5171875 0.2359375 0.0125 0.03203125
0 0.53828125 0.24140625 0.01953125 0.0265625
0 0.53671875 0.2921875 0.021875 0.02734375
0 0.56796875 0.4 0.0234375 0.0453125
0 0.57890625 0.45625 0.021875 0.05
0 0.603125 0.56171875 0.025 0.03984375
0 0.62578125 0.71875 0.021875 0.03828125
0 0.634375 0.77734375 0.01640625 0.03046875
0 0.6390625 0.8640625 0.01484375 0.03359375
0 0.803125 0.3921875 0.03359375 0.03203125
0 0.7421875 0.4546875 0.0203125 0.03671875
0 0.75625 0.4890625 0.01640625 0.03515625
0 0.77109375 0.528125 0.03515625 0.04375
0 0.89921875 0.48515625 0.028125 0.05703125
0 0.828125 0.4390625 0.028125 0.046875
0 0.825 0.53671875 0.01875 0.028125
0 0.85546875 0.58203125 0.03359375 0.03046875
0 0.89453125 0.63828125 0.040625 0.03515625
0 0.93515625 0.70078125 0.040625 0.06015625
0 0.93984375 0.76015625 0.02890625 0.021875
1 0.759375 0.190625 0.03125 0.05234375
1 0.86875 0.08359375 0.0203125 0.0453125
1 0.796875 0.07578125 0.0265625 0.04375
1 0.7109375 0.065625 0.025 0.05859375
1 0.6 0.125 0.0296875 0.0546875