1 0.44375 0.81484375 0.01171875 0.015625
1 0.49375 0.91953125 0.01796875 0.04921875
1 0.56796875 0.93125 0.01171875 0.06171875
1 0.66875 0.8796875 0.02421875 0.07265625
1 0.71953125 0.95390625 0.0296875 0.06015625
1 0.78203125 0.8859375 0.02890625 0.0640625
1 0.8453125 0.9453125 0.01875 0.0796875
0 0.8640625 0.8359375 0.015625 0.0203125
0 0.88359375 0.76484375 0.0046875 0.015625
0 0.778125 0.80078125 0.009375 0.0109375
0 0.72578125 0.75 0.00703125 0.0125
0 0.7015625 0.7609375 0.0046875 0.01015625
0 0.575 0.86640625 0.0046875 0.0140625
0 0.5796875 0.81796875 0.00546875 0.0109375
0 0.39765625 0.76328125 0.0046875 0.00703125
0 0.36015625 0.8140625 0.0078125 0.0125
0 0.321875 0.83984375 0.01015625 0.0265625
0 0.26328125 0.9359375 0.009375 0.0171875
0 0.26953125 0.91484375 0.00546875 0.01015625
0 0.27734375 0.8828125 0.00390625 0.01015625
0 0.37265625 0.62890625 0.0140625 0.01484375
0 0.37265625 0.5984375 0.01328125 0.01640625
0 0.471875 0.409375 0.0078125 0.00625
0 0.47578125 0.30703125 0.00703125 0.015625
0 0.4953125 0.41953125 0.0078125 0.0265625
0 0.51484375 0.471875 0.00703125 0.0125
0 0.46328125 0.5015625 0.0171875 0.0375
0 0.45859375 0.5875 0.01484375 0.0234375