0 0.73203125 0.62734375 0.01171875 0.0265625
0 0.83828125 0.77734375 0.01328125 0.01796875
0 0.4015625 0.4515625 0.0125 0.0203125
1 0.265625 0.25234375 0.0125 0.0515625
1 0.2953125 0.42421875 0.021875 0.046875
1 0.39140625 0.24765625 0.02578125 0.04609375
1 0.55546875 0.4421875 0.02109375 0.065625
1 0.64375 0.45546875 0.01171875 0.046875
0 0.6921875 0.4796875 0.01640625 0.0265625
0 0.765625 0.50078125 0.01953125 0.05546875
0 0.709375 0.521875 0.009375 0.0171875
0 0.8984375 0.4578125 0.0078125 0.0203125