1 0.25234375 0.21328125 0.0265625 0.04375
1 0.6953125 0.2109375 0.0265625 0.053125
1 0.1109375 0.44609375 0.0265625 0.0703125
1 0.97734375 0.4 0.0359375 0.0703125
1 0.1265625 0.77578125 0.03125 0.06875
1 0.9765625 0.67890625 0.046875 0.0765625
0 0.0953125 0.68359375 0.084375 0.0359375
0 0.37265625 0.6296875 0.0453125 0.0265625
0 0.596875 0.58984375 0.1078125 0.053125
0 0.3875 0.525 0.084375 0.0421875
0 0.69453125 0.41796875 0.0484375 0.0265625
0 0.93984375 0.75625 0.0328125 0.0203125
0 0.08984375 0.35234375 0.0546875 0.028125
0 0.8484375 0.8609375 0.1296875 0.028125
0 0.475 0.08046875 0.0203125 0.03125