1 0.1890625 0.2859375 0.0484375 0.0890625
1 0.12890625 0.05390625 0.1359375 0.0625
1 0.875 0.26328125 0.153125 0.06875
1 0.0921875 0.45390625 0.11875 0.1046875
0 0.43125 0.3203125 0.0953125 0.04375
0 0.4 0.4328125 0.1015625 0.0578125
0 0.378125 0.61875 0.065625 0.046875
0 0.55625 0.66796875 0.0578125 0.0546875
0 0.65 0.6765625 0.04375 0.0390625
0 0.67890625 0.5921875 0.053125 0.0359375
0 0.05859375 0.64609375 0.053125 0.046875
0 0.3328125 0.79375 0.05625 0.025
0 0.4359375 0.22578125 0.0484375 0.025