0 0.1203125 0.24296875 0.059375 0.08125
0 0.1140625 0.3125 0.034375 0.0390625
0 0.02421875 0.35703125 0.0328125 0.0359375
0 0.1671875 0.34453125 0.028125 0.0453125
0 0.24453125 0.35234375 0.0359375 0.0328125
0 0.1140625 0.3921875 0.0265625 0.028125
0 0.040625 0.38984375 0.0328125 0.0265625
0 0.03984375 0.4265625 0.0328125 0.0203125
0 0.071875 0.421875 0.03125 0.021875
0 0.13671875 0.38515625 0.0171875 0.0203125
0 0.159375 0.38828125 0.015625 0.0234375
0 0.20234375 0.39140625 0.040625 0.0453125
0 0.27734375 0.39765625 0.034375 0.0359375
0 0.37578125 0.409375 0.040625 0.0359375
0 0.403125 0.36796875 0.0359375 0.021875
0 0.3640625 0.209375 0.028125 0.0265625
0 0.47109375 0.034375 0.046875 0.046875
0 0.48671875 0.07890625 0.040625 0.0359375
0 0.46484375 0.12890625 0.05625 0.0515625
0 0.578125 0.1890625 0.05 0.0328125
0 0.9328125 0.09921875 0.034375 0.0359375
0 0.89296875 0.0703125 0.0359375 0.01875
0 0.7171875 0.11171875 0.034375 0.01875
0 0.55859375 0.0625 0.040625 0.025
0 0.78203125 0.13359375 0.034375 0.0390625
0 0.78515625 0.184375 0.0359375 0.025
0 0.51015625 0.2421875 0.0703125 0.0484375
0 0.37421875 0.26953125 0.0296875 0.0375
0 0.5296875 0.3984375 0.0375 0.03125
0 0.6109375 0.33984375 0.0328125 0.01875
0 0.7234375 0.55859375 0.034375 0.03125
0 0.86171875 0.5875 0.021875 0.0265625
0 0.85390625 0.6203125 0.034375 0.0390625
0 0.95859375 0.746875 0.0390625 0.04375
0 0.95390625 0.9609375 0.0328125 0.0484375
0 0.86640625 0.83359375 0.0515625 0.05
0 0.81953125 0.63203125 0.0234375 0.025
0 0.7453125 0.646875 0.0296875 0.0328125
0 0.8171875 0.7296875 0.025 0.0328125
0 0.7625 0.7734375 0.034375 0.021875
0 0.7140625 0.85390625 0.05625 0.04375
0 0.6578125 0.87890625 0.053125 0.0390625
0 0.58984375 0.9078125 0.0515625 0.040625
0 0.46640625 0.97890625 0.0453125 0.0421875
0 0.42890625 0.7390625 0.040625 0.0390625
0 0.68125 0.66875 0.040625 0.0375
0 0.69609375 0.61796875 0.0359375 0.0265625
0 0.6625 0.58203125 0.028125 0.028125
0 0.51171875 0.49609375 0.03125 0.03125
0 0.48125 0.52109375 0.028125 0.0203125
0 0.471875 0.628125 0.0296875 0.01875
0 0.32578125 0.63828125 0.0296875 0.0328125
0 0.27421875 0.70859375 0.053125 0.0515625
0 0.3375 0.68671875 0.046875 0.028125
0 0.3453125 0.75078125 0.0359375 0.034375
0 0.17734375 0.8078125 0.03125 0.028125
0 0.21484375 0.68828125 0.01875 0.0234375
0 0.18828125 0.65859375 0.034375 0.0265625
0 0.1640625 0.69375 0.0390625 0.0359375
0 0.1015625 0.69453125 0.0265625 0.0265625
0 0.11875 0.7234375 0.0453125 0.025
0 0.0125 0.71796875 0.025 0.0265625
0 0.09765625 0.78359375 0.0375 0.028125
0 0.09921875 0.74453125 0.0328125 0.021875
0 0.0296875 0.81015625 0.0296875 0.0359375
0 0.11640625 0.825 0.0328125 0.021875
0 0.071875 0.8515625 0.0296875 0.0265625
0 0.00625 0.83203125 0.0125 0.0359375
0 0.07578125 0.8296875 0.0265625 0.028125
1 0.92890625 0.446875 0.0171875 0.04375
1 0.94921875 0.56484375 0.021875 0.05
1 0.9703125 0.3984375 0.01875 0.06875
1 0.79609375 0.41171875 0.015625 0.0578125
1 0.8890625 0.74453125 0.015625 0.059375