0 0.1046875 0.95234375 0.015625 0.015625
0 0.128125 0.99140625 0.015625 0.015625
0 0.05625 0.7484375 0.0171875 0.015625
0 0.1390625 0.88125 0.01875 0.01875
0 0.06953125 0.77421875 0.0234375 0.0140625
0 0.1640625 0.87578125 0.025 0.0140625
0 0.1734375 0.896875 0.01875 0.0125
0 0.1921875 0.91484375 0.0203125 0.015625
0 0.19296875 0.93125 0.015625 0.0125
0 0.2046875 0.946875 0.0140625 0.0140625
0 0.22265625 0.95078125 0.015625 0.0140625
0 0.22734375 0.99140625 0.0171875 0.0171875
0 0.0328125 0.66171875 0.015625 0.015625
0 0.034375 0.61953125 0.015625 0.0125
0 0.06171875 0.6515625 0.01875 0.0203125
0 0.08359375 0.73125 0.0296875 0.021875
0 0.12890625 0.74375 0.01875 0.015625
0 0.13515625 0.796875 0.015625 0.01875
0 0.16171875 0.7859375 0.015625 0.015625
0 0.08515625 0.6765625 0.0125 0.0109375
0 0.084375 0.6921875 0.0109375 0.0078125
0 0.09921875 0.71328125 0.01875 0.0171875
0 0.10390625 0.76171875 0.0125 0.0078125
0 0.128125 0.728125 0.0140625 0.0125
0 0.16875 0.821875 0.01875 0.0125
0 0.17890625 0.790625 0.0109375 0.0125
0 0.18515625 0.76875 0.009375 0.0140625
0 0.14921875 0.72421875 0.0125 0.015625
0 0.121875 0.69140625 0.0140625 0.0125
0 0.06328125 0.6078125 0.015625 0.0171875
0 0.01875 0.571875 0.0125 0.0140625
0 0.00234375 0.46484375 0.0046875 0.0078125
0 0.04140625 0.53046875 0.0140625 0.0125
0 0.05234375 0.50390625 0.015625 0.0140625
0 0.103125 0.571875 0.0234375 0.0171875
0 0.1515625 0.684375 0.0140625 0.0125
0 0.1796875 0.70234375 0.025 0.021875
0 0.20546875 0.7203125 0.0203125 0.015625
0 0.23203125 0.72734375 0.0203125 0.01875
0 0.1984375 0.82578125 0.0125 0.0109375
0 0.21640625 0.81328125 0.0125 0.0109375
0 0.21640625 0.8328125 0.0125 0.009375
0 0.2171875 0.84921875 0.0109375 0.0125
0 0.20625 0.875 0.0125 0.0140625
0 0.1765625 0.859375 0.0109375 0.009375
0 0.22109375 0.89375 0.0140625 0.0109375
0 0.23046875 0.86640625 0.0078125 0.0109375
0 0.23828125 0.88046875 0.009375 0.0109375
0 0.07421875 0.56484375 0.0109375 0.0125
0 0.18125 0.64921875 0.0234375 0.025
0 0.20625 0.67578125 0.0171875 0.0171875
0 0.21796875 0.6921875 0.0171875 0.0140625
0 0.246875 0.76328125 0.015625 0.015625
0 0.2640625 0.74375 0.015625 0.01875
0 0.34140625 0.853125 0.01875 0.0125
0 0.2828125 0.91796875 0.009375 0.0109375
0 0.2921875 0.92578125 0.0125 0.0109375
0 0.28984375 0.940625 0.0109375 0.0109375
0 0.2859375 0.959375 0.0125 0.015625
0 0.30234375 0.9546875 0.0125 0.0140625
0 0.31640625 0.95703125 0.009375 0.009375
0 0.32578125 0.975 0.0109375 0.0140625
0 0.32109375 0.94140625 0.0078125 0.009375
0 0.26328125 0.86171875 0.0171875 0.0140625
0 0.24921875 0.85078125 0.015625 0.0125
0 0.26796875 0.82109375 0.0125 0.0125
0 0.2671875 0.8390625 0.01875 0.015625
0 0.29375 0.8515625 0.01875 0.0140625
0 0.30859375 0.84609375 0.0140625 0.0140625
0 0.34375 0.83515625 0.021875 0.01875
0 0.334375 0.8203125 0.0171875 0.015625
0 0.36015625 0.85078125 0.0140625 0.0140625
0 0.3734375 0.8390625 0.01875 0.015625
0 0.41328125 0.915625 0.0140625 0.0125
0 0.43203125 0.95078125 0.0140625 0.0171875
0 0.46328125 0.9828125 0.0125 0.0125
0 0.471875 0.9640625 0.0171875 0.021875
0 0.4578125 0.94375 0.0140625 0.015625
0 0.415625 0.87890625 0.0125 0.0125
0 0.01640625 0.396875 0.0171875 0.0140625
0 0.0515625 0.3453125 0.0171875 0.015625
0 0.06328125 0.3609375 0.0125 0.0125
0 0.0609375 0.4109375 0.021875 0.0171875
0 0.0296875 0.45 0.03125 0.021875
0 0.0046875 0.41328125 0.009375 0.0171875
0 0.06484375 0.46171875 0.021875 0.021875
0 0.0921875 0.459375 0.0171875 0.0234375
0 0.1109375 0.53515625 0.021875 0.0265625
0 0.146875 0.56953125 0.03125 0.0203125
0 0.12578125 0.509375 0.0203125 0.0140625
0 0.121875 0.49921875 0.015625 0.0140625
0 0.1484375 0.5296875 0.025 0.0234375
0 0.1578125 0.51796875 0.0140625 0.01875
0 0.1890625 0.5390625 0.0171875 0.01875
0 0.18671875 0.6265625 0.0203125 0.0171875
0 0.215625 0.6359375 0.01875 0.0140625
0 0.215625 0.659375 0.0171875 0.0171875
0 0.24765625 0.6859375 0.0171875 0.0140625
0 0.30859375 0.72734375 0.0125 0.0125
0 0.35 0.73828125 0.025 0.0234375
0 0.4734375 0.7859375 0.0140625 0.0171875
0 0.3125 0.628125 0.0328125 0.03125
0 0.36171875 0.6203125 0.0171875 0.0171875
0 0.35625 0.6453125 0.0140625 0.0171875
0 0.33359375 0.6140625 0.0109375 0.0125
0 0.33671875 0.58984375 0.01875 0.0171875
0 0.34140625 0.5578125 0.0234375 0.021875
0 0.31171875 0.58046875 0.015625 0.015625
0 0.28515625 0.58828125 0.0171875 0.0140625
0 0.20703125 0.60078125 0.015625 0.015625
0 0.15 0.58828125 0.0109375 0.015625
0 0.26015625 0.52578125 0.0265625 0.0265625
0 0.2609375 0.49921875 0.021875 0.021875
0 0.24765625 0.46640625 0.021875 0.021875
0 0.2140625 0.45234375 0.0140625 0.015625
0 0.1859375 0.4828125 0.021875 0.015625
0 0.19296875 0.5015625 0.0265625 0.021875
0 0.22734375 0.51171875 0.0171875 0.015625
0 0.24921875 0.5515625 0.0203125 0.015625
0 0.175 0.43046875 0.0140625 0.0109375
0 0.20234375 0.46328125 0.01875 0.0234375
0 0.54296875 0.89296875 0.0171875 0.0171875
0 0.4109375 0.809375 0.0125 0.0140625
0 0.1375 0.43203125 0.0140625 0.0140625
0 0.11640625 0.409375 0.0140625 0.015625
0 0.115625 0.37578125 0.025 0.01875
0 0.10703125 0.40078125 0.025 0.0203125
0 0.12109375 0.42578125 0.0140625 0.0125
0 0.0796875 0.30625 0.0234375 0.015625
0 0.08984375 0.35 0.0203125 0.01875
0 0.11015625 0.3296875 0.0203125 0.025
0 0.14609375 0.3578125 0.01875 0.0203125
0 0.00859375 0.23359375 0.0171875 0.0203125
0 0.02578125 0.24921875 0.0171875 0.0171875
0 0.00546875 0.1578125 0.0109375 0.01875
0 0.00234375 0.134375 0.0046875 0.01875
0 0.00625 0.1140625 0.0125 0.015625
0 0.04375 0.1546875 0.01875 0.021875
0 0.04140625 0.20390625 0.028125 0.0265625
0 0.02265625 0.21171875 0.0171875 0.015625
0 0.0390625 0.1734375 0.0171875 0.0203125
0 0.07578125 0.22578125 0.0171875 0.0140625
0 0.07265625 0.23984375 0.0171875 0.0171875
0 0.08125 0.2125 0.0140625 0.015625
0 0.09140625 0.24921875 0.01875 0.021875
0 0.10234375 0.2453125 0.0171875 0.0171875
0 0.13203125 0.259375 0.0265625 0.0296875
0 0.14921875 0.2828125 0.021875 0.025
0 0.11953125 0.30390625 0.0296875 0.025
0 0.15390625 0.30703125 0.01875 0.0171875
0 0.18828125 0.321875 0.028125 0.021875
0 0.2140625 0.35703125 0.0515625 0.046875
0 0.175 0.35 0.0140625 0.015625
0 0.23203125 0.37578125 0.0171875 0.0171875
0 0.21328125 0.396875 0.015625 0.0171875
0 0.25625 0.38515625 0.028125 0.01875
0 0.2359375 0.40546875 0.0171875 0.0171875
0 0.284375 0.4046875 0.025 0.0328125
0 0.2703125 0.43359375 0.0296875 0.025
0 0.303125 0.4265625 0.0234375 0.025
0 0.3109375 0.4421875 0.0171875 0.0171875
0 0.3359375 0.46015625 0.021875 0.01875
0 0.3125 0.48203125 0.01875 0.021875
0 0.36484375 0.4828125 0.0328125 0.0265625
0 0.36328125 0.49765625 0.0171875 0.0203125
0 0.3921875 0.51484375 0.0140625 0.0140625
0 0.39375 0.5015625 0.015625 0.0140625
0 0.42578125 0.528125 0.0234375 0.025
0 0.4078125 0.5453125 0.01875 0.021875
0 0.4171875 0.57734375 0.0171875 0.0171875
0 0.4453125 0.5578125 0.040625 0.0234375
0 0.4546875 0.6078125 0.0390625 0.021875
0 0.4890625 0.59140625 0.025 0.01875
0 0.496875 0.60234375 0.015625 0.0109375
0 0.51640625 0.6046875 0.01875 0.028125
0 0.4875 0.64453125 0.0234375 0.01875
0 0.49453125 0.6265625 0.0140625 0.015625
0 0.51640625 0.63515625 0.0171875 0.0171875
0 0.546875 0.69296875 0.0140625 0.0171875
0 0.57265625 0.7171875 0.0171875 0.01875
0 0.59140625 0.7015625 0.028125 0.015625
0 0.621875 0.70546875 0.0171875 0.0171875
0 0.6328125 0.7125 0.0140625 0.01875
0 0.61796875 0.7453125 0.015625 0.0140625
0 0.68125 0.7640625 0.0171875 0.0171875
0 0.596875 0.65 0.034375 0.0359375
0 0.65234375 0.7015625 0.034375 0.0421875
0 0.76484375 0.7390625 0.040625 0.0515625
0 0.5078125 0.55625 0.028125 0.025
0 0.465625 0.52109375 0.025 0.0265625
0 0.43671875 0.50546875 0.025 0.0265625
0 0.4484375 0.42890625 0.0234375 0.01875
0 0.49375 0.46953125 0.01875 0.0125
0 0.4796875 0.4671875 0.0140625 0.0171875
0 0.378125 0.453125 0.028125 0.021875
0 0.34609375 0.4 0.0265625 0.0265625
0 0.3453125 0.37578125 0.0265625 0.028125
0 0.28359375 0.37421875 0.0171875 0.0171875
0 0.24453125 0.3359375 0.0375 0.0453125
0 0.1890625 0.28203125 0.0203125 0.015625
0 0.21875 0.28359375 0.021875 0.0140625
0 0.178125 0.24375 0.028125 0.025
0 0.14609375 0.228125 0.0203125 0.0171875
0 0.11171875 0.21875 0.046875 0.0515625
0 0.07265625 0.18359375 0.0171875 0.0171875
0 0.08515625 0.1625 0.01875 0.0203125
0 0.0984375 0.14609375 0.0203125 0.0171875
0 0.13125 0.1734375 0.0234375 0.0234375
0 0.03828125 0.13203125 0.0234375 0.015625
0 0.09296875 0.11484375 0.015625 0.0140625
0 0.12265625 0.11171875 0.021875 0.021875
0 0.1375 0.096875 0.0171875 0.0171875
0 0.16875 0.12578125 0.0171875 0.0140625
0 0.18515625 0.1375 0.015625 0.0125
0 0.16484375 0.1703125 0.0140625 0.0140625
0 0.2109375 0.1609375 0.0171875 0.015625
0 0.20546875 0.18984375 0.021875 0.0328125
0 0.25078125 0.21328125 0.0234375 0.0234375
0 0.2234375 0.2265625 0.0265625 0.0234375
0 0.234375 0.25546875 0.0171875 0.015625
0 0.28203125 0.31015625 0.034375 0.040625
0 0.3390625 0.28359375 0.01875 0.01875
0 0.359375 0.29609375 0.0171875 0.0171875
0 0.365625 0.3265625 0.034375 0.0375
0 0.39453125 0.3359375 0.025 0.03125
0 0.46796875 0.4125 0.015625 0.015625
0 0.49765625 0.403125 0.01875 0.01875
0 0.5 0.44609375 0.0171875 0.01875
0 0.44140625 0.3515625 0.0203125 0.0171875
0 0.415625 0.32734375 0.0171875 0.0203125
0 0.5359375 0.4328125 0.0140625 0.0171875
0 0.54375 0.49453125 0.021875 0.021875
0 0.58828125 0.54609375 0.03125 0.034375
0 0.62265625 0.5796875 0.0328125 0.0375
0 0.64921875 0.58046875 0.0125 0.015625
0 0.659375 0.6125 0.01875 0.01875
0 0.51875 0.49453125 0.0171875 0.0140625
0 0.54296875 0.365625 0.025 0.0203125
0 0.5234375 0.31953125 0.0375 0.0328125
0 0.28125 0.240625 0.021875 0.021875
0 0.36328125 0.2171875 0.0203125 0.01875
0 0.2734375 0.1265625 0.0234375 0.0234375
0 0.26171875 0.059375 0.0234375 0.0203125
0 0.29921875 0.12421875 0.0234375 0.025
0 0.3921875 0.20625 0.0234375 0.0234375
0 0.43046875 0.23671875 0.025 0.0234375
0 0.48671875 0.2921875 0.0171875 0.0171875
0 0.47734375 0.26171875 0.021875 0.021875
0 0.56328125 0.3390625 0.028125 0.0203125
0 0.61953125 0.42890625 0.0265625 0.0296875
0 0.6515625 0.41484375 0.0203125 0.0171875
0 0.67421875 0.43671875 0.034375 0.03125
0 0.71640625 0.465625 0.0234375 0.01875
0 0.3640625 0.1609375 0.0234375 0.01875
0 0.33828125 0.10078125 0.025 0.0203125
0 0.296875 0.06171875 0.01875 0.0171875
0 0.68125 0.47734375 0.01875 0.01875
0 0.696875 0.50625 0.01875 0.01875
0 0.721875 0.51015625 0.028125 0.015625
0 0.78359375 0.51875 0.0203125 0.01875
0 0.85625 0.590625 0.0375 0.0328125
0 0.89453125 0.6234375 0.0296875 0.025
0 0.92109375 0.6421875 0.0171875 0.0140625
0 0.94609375 0.6640625 0.01875 0.01875
0 0.9875 0.5078125 0.025 0.021875
0 0.9140625 0.46640625 0.0296875 0.0296875
0 0.93359375 0.45390625 0.0296875 0.0328125
0 0.90078125 0.43046875 0.028125 0.01875
0 0.8796875 0.40859375 0.0296875 0.0234375
0 0.8328125 0.39375 0.021875 0.021875
0 0.87890625 0.365625 0.034375 0.03125
0 0.82109375 0.3328125 0.028125 0.03125
0 0.78515625 0.3015625 0.03125 0.03125
0 0.71640625 0.2703125 0.0359375 0.0359375
0 0.6671875 0.259375 0.028125 0.0203125
0 0.54609375 0.1375 0.034375 0.0484375
0 0.43515625 0.1625 0.021875 0.01875
0 0.5640625 0.18125 0.0203125 0.01875
0 0.6109375 0.190625 0.0234375 0.0234375
0 0.6265625 0.16953125 0.0265625 0.025
0 0.5703125 0.121875 0.0234375 0.0234375
0 0.45 0.0328125 0.025 0.025
0 0.58046875 0.02734375 0.025 0.025
0 0.6265625 0.2671875 0.0234375 0.0234375
0 0.74140625 0.2953125 0.0296875 0.025
0 0.79296875 0.2734375 0.0203125 0.021875
0 0.703125 0.21953125 0.0171875 0.01875
0 0.6609375 0.19375 0.021875 0.021875
0 0.8640625 0.33046875 0.0140625 0.0171875
0 0.90859375 0.3265625 0.021875 0.01875
0 0.4703125 0.06953125 0.015625 0.0109375
0 0.478125 0.08515625 0.0171875 0.0140625
0 0.478125 0.10703125 0.021875 0.021875
0 0.42109375 0.040625 0.021875 0.021875
0 0.7828125 0.003125 0.015625 0.00625
0 0.82734375 0.04140625 0.0171875 0.0171875
0 0.87890625 0.025 0.015625 0.0171875