1 0.4984375 0.09375 0.0546875 0.1234375
1 0.5015625 0.33828125 0.059375 0.1015625
1 0.08359375 0.49921875 0.0421875 0.0890625
1 0.01171875 0.175 0.0234375 0.090625
1 0.5890625 0.7875 0.084375 0.096875
1 0.96953125 0.40703125 0.059375 0.1078125
1 0.95703125 0.67734375 0.0640625 0.1171875
0 0.03671875 0.30859375 0.0453125 0.0375
0 0.37265625 0.31953125 0.0359375 0.0390625
0 0.44375 0.4234375 0.0703125 0.178125
0 0.4625 0.6171875 0.0578125 0.1203125
0 0.51015625 0.52265625 0.0421875 0.075
0 0.4984375 0.80703125 0.0625 0.1328125
0 0.425 0.83046875 0.0515625 0.2125
0 0.9515625 0.85546875 0.053125 0.1125
0 0.3859375 0.2296875 0.03125 0.053125
0 0.18828125 0.89453125 0.0671875 0.065625
0 0.15546875 0.7765625 0.0515625 0.04375