0 0.33359375 0.2015625 0.0296875 0.0359375
0 0.3828125 0.23203125 0.0328125 0.0296875
0 0.4171875 0.240625 0.0203125 0.025
0 0.38203125 0.29140625 0.028125 0.028125
0 0.409375 0.278125 0.0234375 0.0265625
0 0.409375 0.31875 0.028125 0.040625
0 0.39921875 0.3546875 0.0234375 0.0328125
0 0.38125 0.36875 0.03125 0.0359375
0 0.3828125 0.40625 0.028125 0.034375
0 0.3046875 0.5453125 0.03125 0.0390625
0 0.3234375 0.4703125 0.0265625 0.0296875
0 0.3078125 0.625 0.0328125 0.0453125
0 0.24375 0.75390625 0.0265625 0.0421875
0 0.22734375 0.81796875 0.0328125 0.0484375
0 0.215625 0.975 0.04375 0.0390625
0 0.815625 0.3359375 0.05 0.0390625
0 0.83515625 0.36171875 0.0234375 0.0265625
0 0.86796875 0.409375 0.021875 0.025
0 0.7296875 0.25546875 0.0234375 0.0265625
0 0.67109375 0.1953125 0.0296875 0.0296875
0 0.81171875 0.1625 0.0203125 0.0234375
0 0.653125 0.07265625 0.0453125 0.0515625
0 0.59921875 0.11953125 0.0234375 0.0390625
0 0.78203125 0.02890625 0.025 0.0265625
0 0.78203125 0.5078125 0.028125 0.03125
0 0.80625 0.5328125 0.0328125 0.0296875
0 0.6265625 0.38515625 0.034375 0.040625
0 0.6359375 0.44921875 0.034375 0.040625
1 0.11875 0.1640625 0.034375 0.0609375
1 0.05 0.18828125 0.040625 0.0875
1 0.190625 0.37265625 0.04375 0.071875