0 0.44453125 0.2421875 0.00625 0.00625
0 0.43828125 0.2296875 0.00625 0.0046875
0 0.4515625 0.2828125 0.00625 0.0046875
0 0.47265625 0.28515625 0.0046875 0.0046875
0 0.47421875 0.2953125 0.0078125 0.00625
0 0.475 0.31015625 0.009375 0.0140625
0 0.4828125 0.31015625 0.0078125 0.015625
0 0.4953125 0.3328125 0.0125 0.021875
0 0.47109375 0.31953125 0.0046875 0.0046875
0 0.465625 0.3234375 0.0046875 0.0046875
0 0.47109375 0.34140625 0.0046875 0.0046875
0 0.48515625 0.35625 0.0046875 0.0078125
0 0.51171875 0.3109375 0.0046875 0.0046875
0 0.5171875 0.3109375 0.0078125 0.009375
0 0.50078125 0.3578125 0.00625 0.00625
0 0.521875 0.37578125 0.0046875 0.0046875
0 0.5265625 0.353125 0.0046875 0.00625
0 0.440625 0.3640625 0.0046875 0.003125
0 0.47265625 0.38359375 0.003125 0.003125
0 0.48984375 0.40078125 0.009375 0.0078125
0 0.5015625 0.41328125 0.003125 0.003125
0 0.509375 0.378125 0.0046875 0.0046875
0 0.5109375 0.41953125 0.009375 0.0078125
0 0.51953125 0.42890625 0.0078125 0.0078125
0 0.53671875 0.39609375 0.00625 0.00625
0 0.55 0.415625 0.00625 0.0046875
0 0.53515625 0.4265625 0.0046875 0.003125
0 0.5453125 0.43046875 0.0046875 0.0046875
0 0.55546875 0.4265625 0.003125 0.003125
0 0.49375 0.49140625 0.0109375 0.0109375
0 0.40078125 0.47578125 0.00625 0.0046875
0 0.38125 0.46640625 0.0046875 0.0046875
0 0.42265625 0.4875 0.0078125 0.0046875
0 0.38359375 0.46171875 0.0046875 0.003125
0 0.39765625 0.4515625 0.00625 0.0046875
0 0.3671875 0.43671875 0.00625 0.0046875
0 0.3828125 0.421875 0.009375 0.0046875
0 0.34765625 0.403125 0.0078125 0.003125
0 0.3578125 0.4078125 0.00625 0.0046875
0 0.3640625 0.41171875 0.0046875 0.003125
0 0.35859375 0.39921875 0.00625 0.0046875
0 0.3078125 0.371875 0.0078125 0.003125
0 0.3109375 0.41328125 0.009375 0.0046875
0 0.3015625 0.4125 0.00625 0.003125
0 0.29921875 0.4171875 0.00625 0.0046875
0 0.290625 0.4109375 0.0046875 0.0046875
0 0.315625 0.47265625 0.009375 0.0046875
0 0.09921875 0.4625 0.0046875 0.0046875
0 0.071875 0.48046875 0.003125 0.003125
0 0.0921875 0.490625 0.0046875 0.0046875
0 0.09453125 0.5203125 0.0046875 0.003125
0 0.10703125 0.5421875 0.0046875 0.003125
0 0.0515625 0.58984375 0.00625 0.0046875
0 0.03828125 0.571875 0.00625 0.00625
0 0.084375 0.58203125 0.0046875 0.003125
0 0.02890625 0.55546875 0.0046875 0.00625
0 0.00546875 0.546875 0.0046875 0.0046875
0 0.0109375 0.5359375 0.00625 0.00625
0 0.02578125 0.50078125 0.0046875 0.0078125
0 0.03125 0.484375 0.00625 0.00625
0 0.05234375 0.51484375 0.0046875 0.0046875
0 0.05390625 0.51875 0.0046875 0.0046875
0 0.0578125 0.52734375 0.003125 0.0046875
0 0.01484375 0.7359375 0.0078125 0.0046875
0 0.02734375 0.73515625 0.009375 0.003125
0 0.0296875 0.73515625 0.00625 0.0046875
0 0.0109375 0.778125 0.00625 0.003125
0 0.00078125 0.7890625 0.0015625 0.003125
0 0.01328125 0.78203125 0.0046875 0.003125
0 0.0421875 0.76953125 0.0046875 0.0046875
0 0.00703125 0.796875 0.0046875 0.003125
0 0.01875 0.79375 0.0046875 0.003125
0 0.00234375 0.82734375 0.0046875 0.0046875
0 0.015625 0.8171875 0.00625 0.003125
0 0.0578125 0.79453125 0.0046875 0.003125
0 0.03203125 0.809375 0.009375 0.0046875
0 0.0421875 0.80390625 0.009375 0.003125
0 0.06171875 0.79296875 0.0046875 0.003125
0 0.071875 0.78671875 0.0046875 0.003125
0 0.0765625 0.784375 0.0046875 0.003125
0 0.08828125 0.778125 0.003125 0.003125
0 0.096875 0.84453125 0.00625 0.003125
0 0.103125 0.84140625 0.0046875 0.003125
0 0.1046875 0.90546875 0.0078125 0.0046875
0 0.1109375 0.9015625 0.0046875 0.00625
0 0.065625 0.9375 0.00625 0.0046875
0 0.0875 0.93125 0.00625 0.003125
0 0.07421875 0.95078125 0.00625 0.003125
0 0.12265625 0.95625 0.0046875 0.0046875
0 0.22578125 0.8484375 0.00625 0.0046875
0 0.321875 0.771875 0.00625 0.0078125
0 0.20234375 0.64453125 0.003125 0.00625
0 0.20625 0.65625 0.00625 0.0109375
0 0.23515625 0.61171875 0.00625 0.00625
0 0.24921875 0.6359375 0.0046875 0.00625
0 0.2671875 0.646875 0.0046875 0.0046875
0 0.26328125 0.63828125 0.0046875 0.0046875
0 0.2828125 0.60234375 0.0078125 0.003125
0 0.340625 0.584375 0.00625 0.003125
0 0.3515625 0.5828125 0.0078125 0.003125
0 0.378125 0.59140625 0.015625 0.0046875
0 0.35546875 0.61328125 0.0109375 0.0046875
0 0.415625 0.76640625 0.0046875 0.0125
0 0.39765625 0.69140625 0.00625 0.0046875
0 0.4640625 0.69765625 0.0046875 0.00625
0 0.37421875 0.64921875 0.0109375 0.0046875
0 0.41015625 0.65625 0.00625 0.003125
0 0.63359375 0.7140625 0.0046875 0.0046875
0 0.70625 0.81640625 0.00625 0.0046875
0 0.7484375 0.746875 0.0078125 0.00625
0 0.609375 0.57578125 0.00625 0.0046875
0 0.590625 0.56640625 0.0046875 0.0046875
0 0.62578125 0.58359375 0.00625 0.003125
0 0.66484375 0.56796875 0.009375 0.003125
0 0.67734375 0.5828125 0.0078125 0.0046875
0 0.6859375 0.5828125 0.0046875 0.0046875
0 0.69375 0.55859375 0.00625 0.003125
0 0.72109375 0.5640625 0.0046875 0.003125
0 0.76171875 0.5734375 0.00625 0.0046875
0 0.77109375 0.57265625 0.00625 0.0046875
0 0.78203125 0.57265625 0.0078125 0.0046875
0 0.79921875 0.57421875 0.00625 0.003125
0 0.76328125 0.6046875 0.00625 0.0046875
0 0.7609375 0.6109375 0.0046875 0.0046875
0 0.80234375 0.60546875 0.00625 0.0046875
0 0.79453125 0.58046875 0.0078125 0.003125
0 0.81875 0.5734375 0.0140625 0.003125
0 0.81171875 0.6296875 0.0046875 0.009375
0 0.796875 0.6453125 0.0046875 0.00625
0 0.81953125 0.63046875 0.0046875 0.0046875
0 0.88515625 0.57578125 0.009375 0.00625
0 0.9125 0.5921875 0.0046875 0.0046875
0 0.896875 0.6109375 0.0046875 0.0078125
0 0.88515625 0.62265625 0.0046875 0.00625
0 0.88671875 0.653125 0.0046875 0.0046875
0 0.88046875 0.63984375 0.003125 0.0046875
0 0.8703125 0.67734375 0.0046875 0.0046875
0 0.884375 0.66015625 0.003125 0.0078125
0 0.87734375 0.66640625 0.00625 0.00625
0 0.90703125 0.61484375 0.003125 0.00625
0 0.93203125 0.5875 0.0046875 0.0046875
0 0.93203125 0.61640625 0.0046875 0.00625
0 0.95078125 0.5875 0.0046875 0.0078125
0 0.96640625 0.57265625 0.00625 0.0109375
0 0.8578125 0.67265625 0.0046875 0.0046875
1 0.9265625 0.66796875 0.0046875 0.0125
1 0.83046875 0.67421875 0.00625 0.0171875
1 0.7859375 0.70390625 0.0046875 0.0140625
1 0.7828125 0.759375 0.00625 0.0125
1 0.7390625 0.78359375 0.0078125 0.0125
0 0.86328125 0.7703125 0.0078125 0.00625
0 0.8671875 0.78125 0.00625 0.00625
0 0.86953125 0.78828125 0.0046875 0.00625
0 0.87890625 0.803125 0.0046875 0.0046875
0 0.88984375 0.81015625 0.009375 0.0046875
0 0.90390625 0.815625 0.0046875 0.003125
0 0.86953125 0.80546875 0.0078125 0.0109375
0 0.91875 0.821875 0.009375 0.00625
0 0.80625 0.871875 0.0109375 0.0078125