0 0.1171875 0.334375 0.021875 0.0171875
0 0.0328125 0.421875 0.03125 0.0234375
0 0.21875 0.56875 0.01875 0.025
0 0.565625 0.54765625 0.0328125 0.0203125
0 0.58046875 0.3234375 0.03125 0.025
0 0.65546875 0.32890625 0.0265625 0.0171875
0 0.496875 0.040625 0.034375 0.0203125
0 0.28203125 0.0375 0.01875 0.015625
0 0.8078125 0.0171875 0.021875 0.015625
0 0.80234375 0.6625 0.0203125 0.015625
0 0.75859375 0.728125 0.0203125 0.0140625
0 0.89609375 0.72734375 0.0234375 0.0234375
0 0.4375 0.78671875 0.0234375 0.01875