0 0.28359375 0.36796875 0.0296875 0.02421875
0 0.2296875 0.3703125 0.01953125 0.01796875
0 0.1671875 0.35390625 0.01953125 0.01484375
0 0.146875 0.36328125 0.0109375 0.0203125
0 0.11796875 0.31640625 0.01328125 0.01875
0 0.1046875 0.3515625 0.01875 0.0125
0 0.159375 0.3015625 0.01328125 0.01875
0 0.17421875 0.31875 0.015625 0.01484375
0 0.19375 0.45 0.0140625 0.01875
0 0.2421875 0.425 0.01328125 0.0125
0 0.28671875 0.40078125 0.02890625 0.0234375
0 0.23515625 0.27421875 0.0140625 0.01640625
0 0.18046875 0.24921875 0.0109375 0.009375
0 0.153125 0.2359375 0.0125 0.01640625
0 0.20625 0.21875 0.015625 0.01484375
0 0.22890625 0.234375 0.01015625 0.01640625
0 0.2546875 0.2609375 0.0125 0.01875
0 0.28515625 0.27421875 0.0109375 0.01875
0 0.3078125 0.290625 0.009375 0.01640625
0 0.2671875 0.29296875 0.0140625 0.01328125
0 0.3140625 0.315625 0.0125 0.01796875
0 0.3453125 0.31640625 0.015625 0.01875
0 0.26015625 0.4546875 0.01640625 0.01796875
0 0.1046875 0.40546875 0.01875 0.01875
0 0.06875 0.3375 0.01875 0.01484375
0 0.05625 0.30390625 0.01640625 0.01796875
0 0.0125 0.28515625 0.021875 0.02421875
0 0.01015625 0.32421875 0.0140625 0.01796875
0 0.00546875 0.403125 0.0109375 0.01796875
0 0.05546875 0.42265625 0.0234375 0.01875
0 0.02734375 0.48671875 0.021875 0.03828125
0 0.0234375 0.5359375 0.01640625 0.021875
0 0.071875 0.5390625 0.02265625 0.021875
0 0.128125 0.50234375 0.01875 0.01875
0 0.0640625 0.58671875 0.021875 0.01875
0 0.015625 0.609375 0.009375 0.0125
0 0.00546875 0.64453125 0.0078125 0.02890625
0 0.00703125 0.6796875 0.01015625 0.02734375
0 0.025 0.65625 0.015625 0.021875
0 0.0359375 0.63671875 0.01875 0.0234375
0 0.134375 0.66953125 0.0171875 0.02734375
0 0.125 0.70546875 0.0265625 0.01640625
0 0.071875 0.73828125 0.0140625 0.01640625
0 0.00625 0.7953125 0.0125 0.01875
0 0.0078125 0.8296875 0.0140625 0.03515625
0 0.03046875 0.83828125 0.0125 0.0203125
0 0.0828125 0.7546875 0.0125 0.01640625
0 0.1046875 0.77109375 0.01328125 0.01875
0 0.09765625 0.79453125 0.009375 0.0234375
0 0.0546875 0.815625 0.015625 0.01875
0 0.14609375 0.74296875 0.01015625 0.01796875
0 0.15234375 0.784375 0.0125 0.0296875
0 0.23046875 0.728125 0.01015625 0.0203125
0 0.125 0.565625 0.009375 0.01484375
0 0.13984375 0.5828125 0.0125 0.01640625
0 0.18828125 0.5546875 0.01015625 0.01484375
0 0.23359375 0.5375 0.0140625 0.01875
0 0.25078125 0.5296875 0.0125 0.01875
0 0.07421875 0.9375 0.0171875 0.0328125
0 0.0609375 0.97734375 0.02578125 0.034375
0 0.0921875 0.93515625 0.0078125 0.0203125
0 0.1078125 0.9140625 0.01328125 0.02421875
0 0.12109375 0.88671875 0.0125 0.0328125
0 0.09140625 0.98046875 0.0109375 0.0234375
0 0.259375 0.90859375 0.0109375 0.01640625
0 0.2640625 0.953125 0.01015625 0.0234375
0 0.31484375 0.8375 0.0109375 0.01328125
0 0.271875 0.70859375 0.0125 0.034375
0 0.2390625 0.75546875 0.02265625 0.01875
0 0.2734375 0.7796875 0.0125 0.01484375
0 0.31328125 0.7390625 0.01953125 0.01796875
0 0.32890625 0.64375 0.0171875 0.01875
0 0.3328125 0.6109375 0.0125 0.01640625
0 0.384375 0.57890625 0.0140625 0.0203125
0 0.396875 0.6078125 0.01875 0.02578125
0 0.35625 0.6796875 0.0140625 0.01875
0 0.371875 0.6703125 0.015625 0.01796875
0 0.3671875 0.703125 0.01328125 0.0203125
0 0.39453125 0.6875 0.0171875 0.01640625
0 0.33828125 0.80546875 0.01953125 0.01796875
0 0.36640625 0.8125 0.0140625 0.0203125
0 0.42578125 0.734375 0.02421875 0.0421875
0 0.371875 0.83671875 0.0171875 0.0203125
0 0.34296875 0.87421875 0.01640625 0.021875
0 0.3859375 0.77890625 0.01875 0.01640625
0 0.4515625 0.5890625 0.01328125 0.01328125
0 0.48828125 0.59453125 0.015625 0.01328125
0 0.4984375 0.5796875 0.0171875 0.021875
0 0.509375 0.56328125 0.01015625 0.01875
0 0.490625 0.6203125 0.0171875 0.01484375
0 0.5109375 0.62734375 0.01328125 0.01328125
0 0.52265625 0.678125 0.0171875 0.02421875
0 0.54296875 0.67109375 0.0140625 0.021875
0 0.55859375 0.634375 0.0140625 0.01875
0 0.51484375 0.51328125 0.015625 0.01328125
0 0.48125 0.82890625 0.01640625 0.01796875
0 0.5375 0.74609375 0.01953125 0.01875
0 0.49765625 0.86171875 0.01640625 0.0234375
0 0.4921875 0.925 0.0078125 0.02734375
0 0.55390625 0.70859375 0.009375 0.0234375
0 0.59765625 0.6859375 0.0265625 0.02421875
0 0.60859375 0.61953125 0.021875 0.02421875
0 0.50390625 0.94375 0.015625 0.021875
0 0.52265625 0.96484375 0.01015625 0.0203125
0 0.55625 0.90546875 0.0171875 0.02578125
0 0.61171875 0.52421875 0.01328125 0.01640625
0 0.6734375 0.5578125 0.01328125 0.02734375
0 0.72421875 0.48515625 0.0171875 0.01796875
0 0.69296875 0.50859375 0.01015625 0.01640625
0 0.740625 0.5296875 0.0125 0.01328125
0 0.75078125 0.55078125 0.02890625 0.0203125
0 0.7078125 0.5671875 0.009375 0.0109375
0 0.70859375 0.59453125 0.0171875 0.01875
0 0.6921875 0.6328125 0.015625 0.021875
0 0.73125 0.60390625 0.01328125 0.0203125
0 0.7625 0.5921875 0.0171875 0.01875
0 0.740625 0.62265625 0.0328125 0.0203125
0 0.68203125 0.68359375 0.02578125 0.01875
0 0.73203125 0.7046875 0.0109375 0.02890625
0 0.66328125 0.7515625 0.0140625 0.04375
0 0.68984375 0.75 0.0125 0.0234375
0 0.72734375 0.790625 0.009375 0.01796875
0 0.75234375 0.7203125 0.02265625 0.0328125
0 0.68828125 0.91484375 0.0171875 0.0234375
0 0.66640625 0.9546875 0.0125 0.0203125
0 0.7328125 0.925 0.0125 0.01640625
0 0.8 0.6828125 0.0140625 0.02578125
0 0.81171875 0.60390625 0.009375 0.01796875
0 0.8109375 0.54921875 0.0109375 0.0203125
0 0.853125 0.5765625 0.0140625 0.01796875
0 0.85078125 0.640625 0.021875 0.034375
0 0.88203125 0.65859375 0.0125 0.01796875
0 0.8703125 0.6171875 0.015625 0.01484375
0 0.865625 0.75859375 0.0078125 0.01640625
0 0.878125 0.778125 0.009375 0.0203125
0 0.846875 0.82109375 0.015625 0.0328125
0 0.85625 0.9390625 0.0171875 0.02890625
0 0.86796875 0.89375 0.0140625 0.01640625
0 0.91328125 0.9015625 0.01328125 0.01640625
0 0.83515625 0.5140625 0.01328125 0.02734375
0 0.86484375 0.54765625 0.01875 0.01796875
0 0.88671875 0.50234375 0.01328125 0.01875
0 0.9078125 0.5296875 0.01015625 0.01328125
0 0.94375 0.6 0.015625 0.02421875
0 0.9640625 0.4796875 0.01953125 0.01484375
0 0.99453125 0.496875 0.0109375 0.01875
0 0.98046875 0.78203125 0.0109375 0.021875
0 0.9375 0.6921875 0.0171875 0.03125
0 0.40859375 0.090625 0.0171875 0.02578125
0 0.42578125 0.1125 0.01328125 0.0125