0 0.17265625 0.35234375 0.021875 0.021875
0 0.2140625 0.39140625 0.0203125 0.0234375
0 0.234375 0.40234375 0.0203125 0.0265625
0 0.26484375 0.425 0.0203125 0.01875
0 0.2125 0.3640625 0.0265625 0.0265625
0 0.2078125 0.4171875 0.0203125 0.0265625
0 0.15234375 0.42421875 0.025 0.028125
0 0.2953125 0.359375 0.01875 0.028125
0 0.31953125 0.3890625 0.025 0.028125
0 0.31328125 0.33046875 0.025 0.0359375
0 0.3234375 0.45625 0.0203125 0.021875
0 0.25859375 0.46171875 0.0265625 0.028125
0 0.18203125 0.44921875 0.0265625 0.0328125
0 0.23515625 0.4890625 0.0234375 0.0265625
0 0.2890625 0.503125 0.0234375 0.028125
0 0.178125 0.5234375 0.01875 0.0234375
0 0.1375 0.5234375 0.028125 0.0265625
0 0.06484375 0.54921875 0.025 0.0265625
0 0.06796875 0.51640625 0.0296875 0.025
0 0.10234375 0.52734375 0.021875 0.0296875
0 0.18828125 0.5546875 0.028125 0.0328125
0 0.246875 0.57734375 0.028125 0.0265625
0 0.1140625 0.4796875 0.021875 0.0265625
0 0.14375 0.5578125 0.0296875 0.0328125
0 0.125 0.50234375 0.025 0.0203125
0 0.10078125 0.58671875 0.0171875 0.015625
0 0.1171875 0.59921875 0.021875 0.021875
0 0.10546875 0.5671875 0.0265625 0.0265625
0 0.1421875 0.61171875 0.0203125 0.025
0 0.2078125 0.540625 0.01875 0.021875
0 0.23046875 0.55703125 0.01875 0.01875
0 0.228125 0.61875 0.01875 0.0234375
0 0.1796875 0.634375 0.021875 0.01875
0 0.15078125 0.71640625 0.01875 0.01875
0 0.1546875 0.65234375 0.040625 0.028125
0 0.3 0.5890625 0.0265625 0.0234375
0 0.39921875 0.08671875 0.021875 0.034375
0 0.40546875 0.12265625 0.021875 0.025
0 0.40625 0.1703125 0.0296875 0.040625
0 0.43828125 0.23359375 0.025 0.0203125
0 0.40234375 0.28203125 0.01875 0.0296875
0 0.43984375 0.19765625 0.0234375 0.015625
0 0.57421875 0.203125 0.01875 0.025
0 0.55859375 0.25546875 0.0265625 0.0265625
0 0.553125 0.2765625 0.0234375 0.0203125
0 0.56796875 0.16171875 0.0171875 0.0296875
0 0.4328125 0.30234375 0.021875 0.021875
0 0.43046875 0.3375 0.0171875 0.0203125
0 0.4296875 0.36796875 0.0203125 0.025
0 0.4453125 0.48125 0.021875 0.021875
0 0.503125 0.36875 0.01875 0.025
0 0.48515625 0.40703125 0.021875 0.0234375
0 0.5609375 0.340625 0.0234375 0.021875
0 0.54609375 0.39609375 0.028125 0.0234375
0 0.534375 0.4296875 0.03125 0.034375
0 0.4515625 0.603125 0.01875 0.01875
0 0.46875 0.67109375 0.01875 0.015625
0 0.48046875 0.65078125 0.0265625 0.021875
0 0.50703125 0.6203125 0.0203125 0.0203125
0 0.52109375 0.59375 0.021875 0.0171875
0 0.50703125 0.70078125 0.0296875 0.034375
0 0.56875 0.59375 0.0296875 0.021875
0 0.5875 0.57265625 0.0375 0.03125
0 0.6171875 0.5359375 0.025 0.03125
0 0.6203125 0.409375 0.021875 0.021875
0 0.596875 0.4203125 0.025 0.0296875
0 0.63203125 0.66015625 0.01875 0.01875
0 0.61171875 0.6921875 0.0203125 0.0265625
0 0.5890625 0.72734375 0.0234375 0.0234375
0 0.57265625 0.7375 0.0265625 0.028125
0 0.64765625 0.63828125 0.0296875 0.0296875
0 0.64453125 0.45 0.0171875 0.0171875
0 0.57890625 0.79609375 0.021875 0.015625
0 0.59921875 0.78828125 0.0234375 0.0203125
0 0.63828125 0.7703125 0.0328125 0.0203125
0 0.625 0.75546875 0.021875 0.0171875
0 0.64765625 0.746875 0.0328125 0.021875
0 0.67578125 0.7375 0.0234375 0.0203125
0 0.70625 0.7078125 0.028125 0.0234375
0 0.6625 0.71953125 0.01875 0.015625
0 0.7171875 0.68046875 0.0265625 0.021875
0 0.73359375 0.65 0.028125 0.025
0 0.759375 0.646875 0.0234375 0.0265625
0 0.76640625 0.62421875 0.0203125 0.025
0 0.78203125 0.60390625 0.025 0.025
0 0.803125 0.58125 0.0234375 0.0234375
0 0.83359375 0.57578125 0.0203125 0.0265625
0 0.8546875 0.54375 0.028125 0.03125
0 0.7515625 0.73671875 0.025 0.021875
0 0.78203125 0.69921875 0.0234375 0.01875
0 0.80390625 0.66484375 0.0203125 0.0203125
0 0.81171875 0.625 0.015625 0.015625
0 0.625 0.8265625 0.0203125 0.0171875
0 0.6609375 0.803125 0.0296875 0.021875
0 0.68359375 0.8140625 0.0203125 0.0203125
0 0.68828125 0.7859375 0.0234375 0.0234375
0 0.6015625 0.88046875 0.0375 0.0234375
0 0.66015625 0.871875 0.0359375 0.0234375
0 0.69609375 0.85234375 0.03125 0.0234375
0 0.7265625 0.85625 0.0171875 0.015625
0 0.75703125 0.8421875 0.0328125 0.0203125
0 0.73046875 0.88671875 0.01875 0.0171875
0 0.678125 0.9453125 0.0328125 0.0265625