0 0.278125 0.2703125 0.02421875 0.0296875
0 0.2109375 0.24765625 0.02890625 0.02109375
0 0.190625 0.284375 0.01875 0.0234375
0 0.225 0.2796875 0.01953125 0.01796875
0 0.31796875 0.24765625 0.01640625 0.015625
0 0.32578125 0.29296875 0.01328125 0.02734375
0 0.34765625 0.23984375 0.02109375 0.01796875
0 0.38125 0.25234375 0.01796875 0.01875
0 0.41796875 0.24296875 0.01875 0.015625
0 0.53984375 0.2640625 0.01953125 0.015625
0 0.56796875 0.3203125 0.01796875 0.01796875
0 0.58515625 0.37421875 0.0140625 0.01875
0 0.72421875 0.26328125 0.0234375 0.021875
0 0.70078125 0.2875 0.01640625 0.02109375
0 0.759375 0.38828125 0.01875 0.02578125
0 0.834375 0.30078125 0.0140625 0.015625
0 0.88671875 0.4015625 0.0140625 0.02734375
0 0.784375 0.20390625 0.01796875 0.01640625
0 0.93828125 0.3953125 0.015625 0.0203125
0 0.921875 0.2859375 0.0234375 0.01953125
0 0.3328125 0.440625 0.02734375 0.0234375
0 0.20234375 0.509375 0.01484375 0.01484375
0 0.23828125 0.57890625 0.01953125 0.01953125
0 0.2625 0.57890625 0.0171875 0.01328125
0 0.284375 0.590625 0.015625 0.0203125
0 0.3140625 0.5328125 0.0203125 0.01328125
0 0.2890625 0.5453125 0.01328125 0.01796875
0 0.45234375 0.58671875 0.02265625 0.02578125
0 0.30625 0.61640625 0.015625 0.015625
0 0.2578125 0.653125 0.01484375 0.01484375
0 0.2609375 0.71328125 0.0203125 0.01953125
0 0.3453125 0.6734375 0.025 0.0234375
0 0.57578125 0.628125 0.02734375 0.021875
0 0.5109375 0.75625 0.0359375 0.02265625
0 0.5140625 0.7953125 0.02578125 0.02265625
0 0.58515625 0.75234375 0.021875 0.021875
0 0.73125 0.62734375 0.01796875 0.0234375
0 0.640625 0.50078125 0.015625 0.015625
0 0.55703125 0.85859375 0.01953125 0.0234375
0 0.290625 0.89296875 0.01953125 0.01796875
0 0.25078125 0.77265625 0.021875 0.01953125
1 0.43828125 0.32265625 0.03046875 0.03828125
1 0.38671875 0.37265625 0.0359375 0.02734375
1 0.6265625 0.56484375 0.028125 0.02578125