0 0.4625 0.33203125 0.0828125 0.078125
0 0.384375 0.446875 0.0390625 0.06875
0 0.09765625 0.5078125 0.04765625 0.04375
0 0.54921875 0.49296875 0.04765625 0.078125
0 0.3953125 0.6203125 0.04375 0.034375
0 0.41875 0.6984375 0.06484375 0.05390625
0 0.43203125 0.8046875 0.05625 0.04140625
0 0.35625 0.7375 0.05234375 0.0734375
0 0.396875 0.87421875 0.05625 0.1078125
0 0.184375 0.6734375 0.04765625 0.02421875
0 0.15 0.63359375 0.04765625 0.03671875
0 0.10859375 0.56796875 0.04375 0.0265625
0 0.04375 0.37734375 0.078125 0.08046875