1 0.46015625 0.8171875 0.0125 0.015625
1 0.515625 0.91953125 0.0203125 0.05
1 0.590625 0.92734375 0.015625 0.0625
1 0.68828125 0.8703125 0.028125 0.0734375
1 0.74296875 0.94140625 0.0328125 0.0609375
1 0.8015625 0.8703125 0.0328125 0.065625
1 0.86796875 0.9265625 0.0234375 0.08125
0 0.88125 0.81640625 0.0171875 0.021875
0 0.896875 0.74453125 0.00625 0.015625
0 0.79375 0.7859375 0.009375 0.0109375
0 0.73828125 0.7375 0.0078125 0.0125
0 0.71484375 0.75 0.0046875 0.0109375
0 0.59375 0.86171875 0.0046875 0.0140625
0 0.59609375 0.81328125 0.00625 0.0109375
0 0.41171875 0.76796875 0.0046875 0.0078125
0 0.3765625 0.82109375 0.0078125 0.0125
0 0.33984375 0.8484375 0.0109375 0.0265625
0 0.28671875 0.94765625 0.0109375 0.0171875
0 0.29140625 0.9265625 0.00625 0.0109375
0 0.29765625 0.89375 0.0046875 0.0109375
0 0.3796875 0.63515625 0.0140625 0.015625
0 0.378125 0.6046875 0.0140625 0.0171875
0 0.4671875 0.4109375 0.0078125 0.00625
0 0.465625 0.30859375 0.0078125 0.015625
0 0.49140625 0.41953125 0.009375 0.0265625
0 0.51328125 0.47109375 0.0078125 0.0125
0 0.46328125 0.503125 0.01875 0.0390625
0 0.46328125 0.58984375 0.015625 0.0234375