0 0.01171875 0.109375 0.01875 0.06484375
0 0.1078125 0.0671875 0.034375 0.03671875
0 0.09609375 0.1515625 0.02109375 0.01953125
0 0.04296875 0.17734375 0.03828125 0.02421875
0 0.1703125 0.1796875 0.025 0.0265625
0 0.25546875 0.134375 0.0171875 0.015625
0 0.3640625 0.08203125 0.0265625 0.028125
0 0.43046875 0.0625 0.03046875 0.0296875
0 0.45390625 0.115625 0.0234375 0.03125
0 0.471875 0.1015625 0.01015625 0.015625
0 0.4875 0.03515625 0.0140625 0.01640625
0 0.5015625 0.04765625 0.0125 0.01640625
0 0.49765625 0.0046875 0.0140625 0.00859375
0 0.5140625 0.003125 0.0078125 0.00546875
0 0.5828125 0.08515625 0.00859375 0.01328125
0 0.81171875 0.00390625 0.01328125 0.0078125
0 0.9078125 0.08671875 0.00859375 0.0125
0 0.9265625 0.003125 0.009375 0.00625
0 0.94296875 0.01640625 0.00703125 0.00859375
0 0.9515625 0.03125 0.009375 0.0109375
0 0.9390625 0.03203125 0.00546875 0.0125
0 0.96484375 0.03984375 0.00546875 0.0125
0 0.9828125 0.053125 0.00703125 0.01328125
0 0.96796875 0.084375 0.00859375 0.01328125
0 0.97890625 0.1359375 0.0078125 0.0140625
0 0.95703125 0.1953125 0.00703125 0.0125
0 0.9859375 0.321875 0.0078125 0.00859375
0 0.99140625 0.384375 0.01015625 0.021875
0 0.9484375 0.3640625 0.01015625 0.00859375
0 0.89921875 0.32734375 0.01171875 0.009375
0 0.9453125 0.44765625 0.009375 0.01484375
0 0.93359375 0.43828125 0.00703125 0.009375
0 0.95859375 0.52265625 0.0109375 0.015625
0 0.940625 0.51796875 0.0109375 0.01171875
0 0.9484375 0.54609375 0.0078125 0.01328125
0 0.9515625 0.8109375 0.01171875 0.01953125
0 0.92421875 0.896875 0.01328125 0.0296875
0 0.98359375 0.93125 0.0125 0.015625
0 0.98515625 0.965625 0.0140625 0.01953125
0 0.82890625 0.96953125 0.01328125 0.01953125
0 0.884375 0.85703125 0.0078125 0.01484375
0 0.86796875 0.82890625 0.00703125 0.02421875
0 0.86875 0.7421875 0.021875 0.0296875
0 0.9390625 0.76484375 0.0078125 0.00859375
0 0.87734375 0.59140625 0.01015625 0.01875
0 0.89375 0.59609375 0.01640625 0.0171875
0 0.903125 0.58046875 0.01328125 0.0171875
0 0.89609375 0.54453125 0.01328125 0.015625
0 0.86328125 0.4921875 0.0171875 0.021875
0 0.871875 0.4484375 0.01015625 0.0125
0 0.821875 0.42734375 0.01015625 0.01484375
0 0.83203125 0.49375 0.01328125 0.01875
0 0.8109375 0.56953125 0.01484375 0.01875
0 0.8203125 0.315625 0.0078125 0.0140625
0 0.803125 0.34453125 0.01171875 0.0078125
0 0.79375 0.36328125 0.0109375 0.01015625
0 0.7859375 0.38046875 0.01640625 0.01328125
0 0.79296875 0.41484375 0.0171875 0.0140625
0 0.8140625 0.69375 0.0140625 0.01875
0 0.80078125 0.7515625 0.00546875 0.009375
0 0.7875 0.2859375 0.01796875 0.0203125
0 0.75859375 0.340625 0.01171875 0.0140625
0 0.7328125 0.3625 0.015625 0.01953125
0 0.75546875 0.36875 0.0125 0.0109375
0 0.7265625 0.403125 0.01328125 0.01171875
0 0.71484375 0.33515625 0.0140625 0.009375
0 0.67265625 0.384375 0.0125 0.01328125
0 0.6453125 0.37265625 0.01640625 0.02109375
0 0.7375 0.25390625 0.01015625 0.01484375
0 0.7109375 0.4640625 0.01640625 0.0109375
0 0.6515625 0.44765625 0.015625 0.01640625
0 0.63046875 0.45546875 0.01640625 0.01484375
0 0.60078125 0.4578125 0.01015625 0.01640625
0 0.6515625 0.48828125 0.01328125 0.015625
0 0.73046875 0.5328125 0.0125 0.01640625
0 0.7515625 0.55390625 0.0140625 0.01640625
0 0.75390625 0.56953125 0.0140625 0.0140625
0 0.76953125 0.571875 0.01328125 0.015625
0 0.70625 0.60078125 0.02265625 0.0203125
0 0.68671875 0.63359375 0.0234375 0.01640625
0 0.70234375 0.6765625 0.01875 0.03203125
0 0.65859375 0.5953125 0.01015625 0.01796875
0 0.6484375 0.62265625 0.02109375 0.02578125
0 0.62109375 0.66640625 0.0109375 0.0234375
0 0.59140625 0.52734375 0.0125 0.01171875
0 0.5609375 0.50234375 0.01328125 0.01640625
0 0.62421875 0.55703125 0.009375 0.015625
0 0.56328125 0.7671875 0.0140625 0.01875
0 0.671875 0.725 0.01953125 0.01875
0 0.56796875 0.80625 0.015625 0.01328125
0 0.575 0.8390625 0.0109375 0.01796875
0 0.6109375 0.859375 0.01484375 0.01875
0 0.65859375 0.78203125 0.01015625 0.01796875
0 0.72734375 0.86015625 0.0125 0.03046875
0 0.5203125 0.80859375 0.01796875 0.03125
0 0.4828125 0.93203125 0.0171875 0.0234375
0 0.4234375 0.96953125 0.01796875 0.04375
0 0.34140625 0.99453125 0.0171875 0.0109375
0 0.29296875 0.9046875 0.009375 0.02578125
0 0.3515625 0.8171875 0.01484375 0.02421875
0 0.3640625 0.77734375 0.01171875 0.0234375
0 0.38203125 0.78515625 0.0109375 0.01484375
0 0.4109375 0.7015625 0.0140625 0.021875
0 0.43828125 0.6625 0.01328125 0.01640625
0 0.46015625 0.6328125 0.01640625 0.01640625
0 0.48203125 0.64921875 0.0140625 0.01640625
0 0.46875 0.5796875 0.0125 0.01484375
0 0.4921875 0.5421875 0.01015625 0.01953125
0 0.5421875 0.56796875 0.01484375 0.01171875
0 0.54296875 0.59921875 0.0125 0.0109375
0 0.51875 0.60546875 0.015625 0.0140625
0 0.63046875 0.33359375 0.01640625 0.01171875
0 0.56796875 0.4015625 0.01796875 0.015625
0 0.5625 0.3609375 0.015625 0.00859375
0 0.4296875 0.22265625 0.01328125 0.01328125
0 0.40546875 0.22734375 0.021875 0.01171875
0 0.47578125 0.24765625 0.01015625 0.01171875
0 0.3390625 0.24140625 0.01875 0.00859375
0 0.24375 0.23515625 0.01796875 0.00859375
0 0.26640625 0.2640625 0.015625 0.01640625
0 0.31953125 0.3125 0.015625 0.01640625
0 0.14921875 0.2453125 0.0171875 0.015625
0 0.1890625 0.35859375 0.01484375 0.021875
0 0.2078125 0.37265625 0.0140625 0.03046875
0 0.265625 0.390625 0.025 0.02109375
0 0.2421875 0.440625 0.0203125 0.01953125
0 0.1671875 0.475 0.0203125 0.0203125
0 0.5421875 0.3140625 0.0140625 0.009375
0 0.4875 0.46640625 0.0125 0.01953125
0 0.48984375 0.4875 0.0125 0.01015625
0 0.41640625 0.50078125 0.01484375 0.02578125
0 0.43984375 0.53203125 0.0140625 0.01484375
0 0.4203125 0.5421875 0.0125 0.0140625
0 0.41796875 0.565625 0.015625 0.015625
0 0.396875 0.53671875 0.0109375 0.0140625
0 0.31171875 0.63046875 0.0125 0.02109375
0 0.28984375 0.5765625 0.015625 0.01953125
0 0.296875 0.5484375 0.0140625 0.0140625
0 0.2359375 0.6890625 0.01328125 0.01484375
0 0.24453125 0.7171875 0.015625 0.01875
0 0.221875 0.75234375 0.021875 0.03203125
0 0.16640625 0.75546875 0.01875 0.01640625
0 0.16015625 0.7828125 0.01640625 0.021875
0 0.1328125 0.81015625 0.01484375 0.015625
0 0.15234375 0.8140625 0.009375 0.01328125
0 0.140625 0.8203125 0.01015625 0.01796875
0 0.13828125 0.84140625 0.01875 0.01015625
0 0.1953125 0.83203125 0.0109375 0.01484375
0 0.14921875 0.86640625 0.0140625 0.01015625
0 0.16875 0.871875 0.01328125 0.01484375
0 0.14609375 0.90390625 0.0078125 0.01875
0 0.11953125 0.91640625 0.0203125 0.01484375
0 0.08046875 0.8578125 0.01328125 0.01796875
0 0.0671875 0.8765625 0.009375 0.01953125
0 0.07421875 0.96484375 0.0125 0.01171875
0 0.05 0.99296875 0.0125 0.01328125
0 0.21796875 0.52578125 0.0109375 0.01328125
0 0.21171875 0.559375 0.01328125 0.01484375
0 0.20234375 0.58203125 0.02109375 0.0140625
0 0.16015625 0.58984375 0.01640625 0.01328125
0 0.134375 0.58203125 0.01484375 0.01171875
0 0.04609375 0.57265625 0.028125 0.0390625
0 0.05703125 0.6125 0.01640625 0.01484375
0 0.09375 0.60859375 0.009375 0.01484375
0 0.115625 0.615625 0.015625 0.01640625
0 0.01015625 0.6765625 0.01484375 0.0296875
0 0.05390625 0.684375 0.01328125 0.0203125
0 0.16015625 0.40390625 0.01171875 0.02421875
0 0.096875 0.3171875 0.01640625 0.0234375
0 0.06875 0.26875 0.0109375 0.01328125
0 0.0703125 0.35234375 0.01484375 0.01171875
0 0.0265625 0.38671875 0.0125 0.01953125
0 0.02890625 0.32890625 0.015625 0.0296875
0 0.015625 0.29453125 0.009375 0.01640625
0 0.03359375 0.278125 0.01484375 0.03046875
1 0.428125 0.77734375 0.0140625 0.0546875
1 0.97421875 0.690625 0.01328125 0.0546875
1 0.85390625 0.0390625 0.01328125 0.03203125
1 0.58203125 0.04140625 0.0140625 0.0453125
1 0.5578125 0.12421875 0.009375 0.03984375