0 0.4859375 0.3359375 0.0515625 0.0328125
0 0.49296875 0.3796875 0.0390625 0.046875
0 0.49921875 0.440625 0.0390625 0.0515625
0 0.54453125 0.40625 0.040625 0.028125
0 0.575 0.18125 0.025 0.0203125
0 0.62421875 0.14921875 0.0359375 0.021875
0 0.65859375 0.1078125 0.05 0.05
0 0.5078125 0.0328125 0.040625 0.0296875
0 0.64453125 0.0421875 0.0328125 0.034375
0 0.8421875 0.0421875 0.0171875 0.0140625
0 0.8890625 0.06484375 0.0234375 0.01875
0 0.609375 0.25703125 0.028125 0.03125
0 0.46953125 0.30546875 0.015625 0.0125
0 0.45234375 0.31484375 0.015625 0.0109375
0 0.44140625 0.3234375 0.0109375 0.0078125
0 0.43203125 0.340625 0.0125 0.009375
0 0.43203125 0.36640625 0.01875 0.0140625
0 0.45625 0.3734375 0.0203125 0.015625
0 0.4546875 0.4171875 0.0171875 0.0125
0 0.55390625 0.43984375 0.0421875 0.034375
0 0.55 0.4734375 0.034375 0.0265625
0 0.60234375 0.4875 0.0234375 0.01875
0 0.6015625 0.515625 0.0296875 0.01875
0 0.55703125 0.5109375 0.0234375 0.0140625
0 0.559375 0.528125 0.03125 0.0171875
0 0.56015625 0.5484375 0.040625 0.0203125
0 0.48125 0.50859375 0.01875 0.015625
0 0.50078125 0.496875 0.040625 0.025
0 0.43828125 0.47265625 0.0421875 0.040625
0 0.45703125 0.51328125 0.0234375 0.01875
0 0.490625 0.52734375 0.025 0.0171875
0 0.5140625 0.5515625 0.01875 0.0125
0 0.4640625 0.56171875 0.0171875 0.0140625
0 0.440625 0.58515625 0.025 0.0203125
0 0.50546875 0.5640625 0.0171875 0.0171875
0 0.52578125 0.60625 0.0328125 0.03125
0 0.52890625 0.65078125 0.028125 0.0328125
0 0.53984375 0.67578125 0.021875 0.015625
0 0.60703125 0.628125 0.0203125 0.0171875
0 0.48515625 0.63125 0.0203125 0.0171875
0 0.6609375 0.640625 0.0171875 0.015625
1 0.2703125 0.40859375 0.0375 0.0546875
1 0.10625 0.5671875 0.0328125 0.0515625
1 0.80703125 0.33984375 0.0390625 0.04375
1 0.48828125 0.1265625 0.0375 0.046875
1 0.540625 0.28203125 0.0453125 0.046875
1 0.334375 0.3078125 0.0328125 0.046875
1 0.1734375 0.42890625 0.0296875 0.046875