0 0.09765625 0.1328125 0.0578125 0.0734375
0 0.09609375 0.29765625 0.09375 0.096875
0 0.0609375 0.49921875 0.071875 0.0890625
0 0.121875 0.62890625 0.0890625 0.075
0 0.075 0.78515625 0.0734375 0.0953125
0 0.2609375 0.68671875 0.0921875 0.0984375
0 0.15703125 0.76875 0.06875 0.0875
0 0.346875 0.0671875 0.0640625 0.078125
0 0.3859375 0.03125 0.05 0.0625
0 0.33984375 0.0078125 0.0484375 0.015625
0 0.4921875 0.08984375 0.0484375 0.0484375
0 0.49140625 0.16484375 0.034375 0.0390625
0 0.34765625 0.1296875 0.0453125 0.0515625
0 0.371875 0.3078125 0.046875 0.0578125
0 0.30859375 0.1421875 0.0296875 0.0453125
0 0.4515625 0.29765625 0.0296875 0.046875
0 0.4375 0.45 0.0828125 0.0609375
0 0.4375 0.50625 0.0734375 0.0546875
0 0.43671875 0.58359375 0.0203125 0.025
0 0.5015625 0.61640625 0.0375 0.0421875