0 0.203125 0.3703125 0.0359375 0.0609375
0 0.13828125 0.19140625 0.0390625 0.059375
0 0.1359375 0.325 0.05 0.1234375
0 0.15546875 0.14375 0.034375 0.040625
0 0.4453125 0.3546875 0.065625 0.146875
0 0.50078125 0.3265625 0.0328125 0.1453125
0 0.4875 0.0875 0.0359375 0.0609375
0 0.53671875 0.053125 0.0234375 0.0734375
0 0.26484375 0.5828125 0.0078125 0.028125
0 0.22578125 0.60703125 0.0265625 0.0359375
0 0.50390625 0.60703125 0.0296875 0.0546875
0 0.253125 0.6546875 0.040625 0.03125
0 0.46640625 0.6265625 0.021875 0.0640625
0 0.53203125 0.490625 0.01875 0.04375
0 0.5828125 0.46015625 0.028125 0.03125
0 0.17890625 0.8828125 0.046875 0.0328125
0 0.01640625 0.36484375 0.0328125 0.0484375
0 0.91875 0.1703125 0.025 0.028125
0 0.934375 0.2546875 0.0203125 0.040625
0 0.59453125 0.1078125 0.028125 0.01875
0 0.7453125 0.17734375 0.0140625 0.0171875
0 0.8671875 0.309375 0.01875 0.0234375
0 0.6734375 0.64140625 0.1015625 0.021875
0 0.7640625 0.58359375 0.084375 0.0296875
0 0.92421875 0.51953125 0.0765625 0.0265625
0 0.5484375 0.328125 0.0171875 0.046875
0 0.7265625 0.76640625 0.190625 0.0375
0 0.94375 0.721875 0.1125 0.0625
1 0.58671875 0.24296875 0.028125 0.078125
1 0.209375 0.26171875 0.05625 0.0921875
1 0.71796875 0.290625 0.0375 0.096875
1 0.94453125 0.0875 0.05 0.075
1 0.16640625 0.68125 0.05625 0.05625
1 0.68515625 0.4640625 0.025 0.0640625