0 0.0171875 0.4203125 0.02265625 0.0375
0 0.00546875 0.47109375 0.0109375 0.0375
0 0.01796875 0.5859375 0.02734375 0.05078125
0 0.1171875 0.61953125 0.0328125 0.0625
0 0.00625 0.6890625 0.0125 0.053125
0 0.07578125 0.7015625 0.02421875 0.04375
0 0.0984375 0.7578125 0.02734375 0.03984375
0 0.11484375 0.8375 0.03671875 0.04765625
0 0.1296875 0.9828125 0.0328125 0.034375
0 0.1671875 0.9640625 0.015625 0.02109375
0 0.215625 0.9546875 0.03671875 0.03984375
0 0.2671875 0.95390625 0.03125 0.0375
0 0.3015625 0.628125 0.03515625 0.04921875
0 0.0390625 0.11953125 0.02421875 0.0265625