0 0.35078125 0.515625 0.0484375 0.0265625
0 0.29921875 0.5796875 0.0359375 0.0234375
0 0.2625 0.60859375 0.028125 0.0171875
0 0.4625 0.59140625 0.046875 0.03125
0 0.48515625 0.565625 0.0796875 0.028125
0 0.55078125 0.58046875 0.0265625 0.021875
0 0.49375 0.63671875 0.034375 0.0234375
0 0.396875 0.50234375 0.0328125 0.03125
0 0.421875 0.484375 0.021875 0.015625
0 0.45 0.49296875 0.0234375 0.0171875
0 0.53359375 0.50625 0.0390625 0.01875
0 0.5953125 0.5265625 0.0171875 0.01875
0 0.2390625 0.4609375 0.0234375 0.0125
0 0.34296875 0.5875 0.0203125 0.0140625
0 0.58828125 0.6328125 0.0171875 0.01875
0 0.62109375 0.6484375 0.0453125 0.03125
0 0.23125 0.7328125 0.0171875 0.015625
0 0.25390625 0.7140625 0.021875 0.015625
0 0.2765625 0.73515625 0.01875 0.0140625
0 0.3125 0.73359375 0.03125 0.0296875
0 0.38828125 0.71875 0.025 0.01875
0 0.453125 0.73203125 0.01875 0.0234375
0 0.428125 0.7453125 0.01875 0.015625
0 0.38828125 0.74296875 0.0296875 0.0171875
0 0.515625 0.77109375 0.025 0.015625
0 0.56484375 0.73359375 0.053125 0.0328125
0 0.58046875 0.78828125 0.0140625 0.0109375
0 0.66328125 0.79140625 0.01875 0.0296875
0 0.13203125 0.7984375 0.0296875 0.0203125
0 0.35625 0.31171875 0.01875 0.015625
0 0.42421875 0.32109375 0.0203125 0.0234375
0 0.50703125 0.38984375 0.025 0.0234375
0 0.5390625 0.44140625 0.0203125 0.015625
0 0.58203125 0.43046875 0.0125 0.0109375
0 0.61875 0.41640625 0.0140625 0.0140625
0 0.60546875 0.37578125 0.0109375 0.0109375
0 0.5765625 0.40390625 0.015625 0.0125
0 0.53125 0.3765625 0.0109375 0.0140625
0 0.496875 0.36875 0.01875 0.015625
0 0.59375 0.46796875 0.009375 0.0125
0 0.47578125 0.2453125 0.01875 0.0171875
0 0.43984375 0.24765625 0.0203125 0.0171875
0 0.43515625 0.21328125 0.015625 0.0109375
0 0.515625 0.178125 0.0109375 0.0125
0 0.57890625 0.20390625 0.0171875 0.0171875
0 0.5359375 0.26015625 0.0125 0.015625
0 0.49296875 0.1078125 0.0140625 0.0203125
0 0.40625 0.04140625 0.0140625 0.0140625
0 0.43125 0.05703125 0.0171875 0.015625
0 0.38046875 0.0171875 0.015625 0.0140625
0 0.721875 0.015625 0.0078125 0.0109375
0 0.74609375 0.08046875 0.0109375 0.0109375
0 0.74375 0.2015625 0.0125 0.0109375
0 0.70390625 0.31875 0.009375 0.009375
0 0.696875 0.45859375 0.015625 0.0109375
0 0.62265625 0.4609375 0.0109375 0.0125
0 0.7140625 0.484375 0.0140625 0.0109375
0 0.72421875 0.52421875 0.015625 0.0125
0 0.753125 0.52421875 0.0140625 0.0125
0 0.77734375 0.509375 0.0109375 0.009375
0 0.74453125 0.490625 0.0140625 0.0078125
0 0.76171875 0.49765625 0.015625 0.0109375
0 0.834375 0.45390625 0.0125 0.009375
0 0.91484375 0.5609375 0.0140625 0.0109375
0 0.7046875 0.559375 0.0171875 0.0125
0 0.64765625 0.60078125 0.0140625 0.009375
0 0.76640625 0.78828125 0.021875 0.01875
0 0.81484375 0.82578125 0.0109375 0.009375
0 0.85390625 0.8328125 0.021875 0.0140625
1 0.359375 0.43359375 0.0078125 0.0203125
1 0.42421875 0.44453125 0.00625 0.021875
1 0.484375 0.465625 0.015625 0.028125
1 0.4421875 0.3703125 0.0109375 0.025
1 0.4390625 0.53125 0.0109375 0.0296875