0 0.33046875 0.3328125 0.015625 0.021875
0 0.3125 0.48046875 0.0171875 0.0375
0 0.303125 0.65078125 0.021875 0.0375
0 0.33671875 0.603125 0.0171875 0.034375
0 0.3546875 0.515625 0.0140625 0.0296875
0 0.4109375 0.6859375 0.028125 0.05625
0 0.3046875 0.76171875 0.021875 0.0578125
0 0.10625 0.771875 0.0421875 0.0296875
0 0.19453125 0.815625 0.0859375 0.028125
0 0.43828125 0.7765625 0.025 0.071875
0 0.425 0.58984375 0.021875 0.0265625
0 0.60234375 0.359375 0.040625 0.03125
0 0.41484375 0.16875 0.0234375 0.0265625
0 0.83125 0.24921875 0.025 0.046875