0 0.16328125 0.53515625 0.01484375 0.02890625
0 0.26875 0.5484375 0.01640625 0.025
0 0.25625 0.72109375 0.01328125 0.03359375
0 0.1828125 0.93671875 0.00859375 0.07890625
0 0.253125 0.39296875 0.0296875 0.0984375
0 0.309375 0.35234375 0.0421875 0.20625
0 0.4484375 0.34296875 0.0328125 0.18359375
0 0.58359375 0.61328125 0.0359375 0.03828125
0 0.59140625 0.521875 0.01640625 0.02890625
0 0.7203125 0.37109375 0.01640625 0.025
0 0.640625 0.565625 0.01328125 0.0265625
0 0.5875 0.71015625 0.01484375 0.025
0 0.6328125 0.67890625 0.01484375 0.0203125
0 0.77578125 0.471875 0.04375 0.02890625
0 0.8515625 0.8 0.01953125 0.025
0 0.89765625 0.7546875 0.02109375 0.0609375
0 0.9609375 0.671875 0.03125 0.03828125
0 0.6359375 0.47109375 0.04765625 0.0359375
0 0.55 0.36328125 0.01796875 0.0984375
0 0.603125 0.21640625 0.01328125 0.03828125
1 0.65390625 0.34765625 0.02421875 0.08046875
1 0.3703125 0.74375 0.02578125 0.11015625
1 0.03046875 0.715625 0.04375 0.134375
1 0.0453125 0.10625 0.028125 0.0875
1 0.184375 0.7859375 0.02578125 0.0828125
1 0.509375 0.9421875 0.034375 0.08046875