1 0.4125 0.77578125 0.05 0.12890625
1 0.325 0.95390625 0.0609375 0.09140625
1 0.13125 0.54765625 0.046875 0.06796875
1 0.5796875 0.31953125 0.06796875 0.13671875
1 0.6265625 0.50234375 0.06796875 0.0859375
1 0.84375 0.41484375 0.07890625 0.096875
1 0.5296875 0.10625 0.05390625 0.1109375
0 0.82734375 0.059375 0.0609375 0.1109375
0 0.8421875 0.24609375 0.10390625 0.11875
0 0.9765625 0.34296875 0.04296875 0.0609375
0 0.240625 0.0859375 0.09296875 0.1078125
0 0.2671875 0.18828125 0.05390625 0.06796875
0 0.4 0.1109375 0.0609375 0.05
0 0.4109375 0.17421875 0.046875 0.046875
0 0.396875 0.303125 0.0609375 0.06796875
0 0.33359375 0.34609375 0.04296875 0.05390625
0 0.42578125 0.48828125 0.0828125 0.14375
0 0.5171875 0.675 0.10078125 0.13671875
0 0.5890625 0.6015625 0.04296875 0.046875
0 0.66796875 0.69453125 0.021875 0.075
0 0.72890625 0.83125 0.05 0.06796875
0 0.5765625 0.8296875 0.03203125 0.0578125
0 0.64296875 0.8578125 0.02890625 0.07890625
0 0.878125 0.6171875 0.03203125 0.05
0 0.8578125 0.5328125 0.05 0.05390625
0 0.3265625 0.74140625 0.0578125 0.0609375
0 0.565625 0.9046875 0.025 0.0578125
0 0.24375 0.85234375 0.0359375 0.046875
0 0.14375 0.88515625 0.0859375 0.08984375
0 0.06640625 0.396875 0.05390625 0.0609375
0 0.01796875 0.240625 0.0359375 0.0578125
0 0.89375 0.7234375 0.05 0.0828125
0 0.95859375 0.76640625 0.0359375 0.06796875
0 0.98984375 0.6640625 0.01953125 0.0578125