1 0.2359375 0.36484375 0.0703125 0.059375
1 0.42734375 0.51484375 0.0609375 0.0828125
1 0.7984375 0.27890625 0.0515625 0.078125
1 0.85625 0.5078125 0.0796875 0.1015625
1 0.6453125 0.33359375 0.0609375 0.059375
0 0.071875 0.084375 0.0375 0.0265625
0 0.0359375 0.32578125 0.0265625 0.03125
0 0.00703125 0.46953125 0.0140625 0.0359375
0 0.2734375 0.0625 0.021875 0.025
0 0.225 0.16171875 0.0171875 0.0171875
0 0.1796875 0.27109375 0.0171875 0.0234375
0 0.31015625 0.16796875 0.0296875 0.025
0 0.41328125 0.15234375 0.0265625 0.03125
0 0.49375 0.12890625 0.01875 0.0296875
0 0.40625 0.296875 0.028125 0.021875
0 0.40703125 0.4 0.0234375 0.0234375
0 0.47109375 0.36796875 0.0265625 0.0265625
0 0.48203125 0.43828125 0.0359375 0.0421875
0 0.46328125 0.6515625 0.0296875 0.046875
0 0.38828125 0.7046875 0.0265625 0.0265625
0 0.37890625 0.8046875 0.0328125 0.05
0 0.37421875 0.91953125 0.0265625 0.0296875
0 0.63984375 0.7546875 0.0234375 0.0375
0 0.625 0.57890625 0.034375 0.0328125
0 0.70390625 0.609375 0.0328125 0.0375
0 0.61015625 0.50703125 0.034375 0.034375
0 0.69140625 0.50546875 0.0203125 0.028125
0 0.80234375 0.603125 0.0328125 0.0328125
0 0.76484375 0.3625 0.03125 0.034375
0 0.57890625 0.2 0.0234375 0.021875
0 0.83203125 0.70625 0.015625 0.028125