0 0.51640625 0.23203125 0.021875 0.02890625
0 0.484375 0.1578125 0.02109375 0.02421875
0 0.5453125 0.11796875 0.0171875 0.01875
0 0.590625 0.17890625 0.0140625 0.0171875
0 0.53203125 0.16796875 0.01484375 0.01484375
0 0.69296875 0.49296875 0.01640625 0.0171875
0 0.7296875 0.52421875 0.01484375 0.01640625
0 0.3921875 0.2390625 0.02421875 0.0234375
0 0.3078125 0.24296875 0.03515625 0.02421875
0 0.53515625 0.25390625 0.009375 0.01015625
0 0.54375 0.27265625 0.01015625 0.0125
0 0.496875 0.2 0.0171875 0.025
0 0.46875 0.14296875 0.015625 0.02265625
0 0.515625 0.11640625 0.0171875 0.01953125
0 0.5828125 0.2140625 0.015625 0.01953125
0 0.61015625 0.24921875 0.0234375 0.0171875
0 0.68046875 0.1578125 0.0171875 0.01796875
0 0.74921875 0.16875 0.0171875 0.02109375
0 0.7921875 0.2046875 0.01796875 0.0171875
0 0.6203125 0.09140625 0.02265625 0.02109375
0 0.62578125 0.5265625 0.0171875 0.02265625
0 0.665625 0.57109375 0.015625 0.0171875
0 0.65078125 0.53515625 0.0125 0.0171875
0 0.6203125 0.62421875 0.028125 0.0171875
0 0.6390625 0.6015625 0.01796875 0.0234375
0 0.253125 0.6265625 0.04453125 0.0265625
0 0.3 0.6078125 0.02265625 0.0140625
0 0.37265625 0.5765625 0.02265625 0.0140625
0 0.340625 0.5890625 0.0171875 0.0234375
0 0.30390625 0.63671875 0.028125 0.01796875
0 0.43671875 0.60703125 0.021875 0.021875
0 0.465625 0.575 0.01953125 0.02109375
0 0.37890625 0.625 0.0171875 0.01640625
0 0.515625 0.696875 0.0171875 0.01875
0 0.71484375 0.65703125 0.0125 0.021875
0 0.7796875 0.6890625 0.01328125 0.01640625
0 0.75078125 0.72421875 0.01484375 0.0171875
0 0.72578125 0.759375 0.021875 0.0125
0 0.715625 0.79296875 0.02578125 0.02578125
0 0.821875 0.6625 0.01875 0.0234375
0 0.83046875 0.621875 0.0171875 0.01484375
0 0.771875 0.73671875 0.01328125 0.02734375
0 0.6625 0.84296875 0.0125 0.0296875
0 0.62890625 0.86953125 0.01640625 0.01640625
0 0.63984375 0.89921875 0.028125 0.01875
0 0.6640625 0.87421875 0.01484375 0.0109375
0 0.90078125 0.615625 0.0171875 0.02734375
0 0.809375 0.77890625 0.03359375 0.02734375
0 0.690625 0.86015625 0.01640625 0.01484375
0 0.8703125 0.70859375 0.01953125 0.0171875
0 0.921875 0.74765625 0.01875 0.01328125
0 0.91171875 0.77734375 0.01328125 0.034375
0 0.95546875 0.7484375 0.0125 0.01953125
0 0.91640625 0.72109375 0.0234375 0.021875
0 0.85625 0.5890625 0.02578125 0.01953125
0 0.1390625 0.45390625 0.01640625 0.02109375
0 0.2015625 0.49140625 0.015625 0.01796875
0 0.27265625 0.48515625 0.01328125 0.0125
0 0.28671875 0.4765625 0.0140625 0.01328125
0 0.32421875 0.46953125 0.0140625 0.0140625
0 0.2515625 0.48125 0.0140625 0.015625
0 0.13203125 0.50625 0.00859375 0.02734375
0 0.29375 0.54296875 0.0234375 0.01640625