0 0.2796875 0.2265625 0.01640625 0.01328125
0 0.32578125 0.20859375 0.01953125 0.01484375
0 0.4578125 0.29765625 0.059375 0.02109375
0 0.51640625 0.2890625 0.02421875 0.0296875
0 0.54453125 0.2609375 0.015625 0.0171875
0 0.5828125 0.27890625 0.01796875 0.01484375
0 0.68828125 0.30625 0.03203125 0.02421875
0 0.66015625 0.1484375 0.021875 0.0109375
0 0.696875 0.2265625 0.02578125 0.01484375
0 0.75078125 0.2140625 0.01328125 0.0125
0 0.765625 0.2671875 0.01953125 0.009375
0 0.80234375 0.2609375 0.01328125 0.01328125
0 0.47578125 0.01640625 0.01796875 0.015625
0 0.55859375 0.04921875 0.01015625 0.0125
0 0.5515625 0.07578125 0.009375 0.01484375
0 0.53203125 0.1265625 0.0140625 0.0109375
0 0.6875 0.14453125 0.015625 0.015625
0 0.7828125 0.153125 0.01171875 0.0109375
0 0.76875 0.3390625 0.01328125 0.01640625
0 0.69375 0.365625 0.04140625 0.04453125
0 0.77734375 0.3875 0.01640625 0.01484375
0 0.62578125 0.3796875 0.04921875 0.0234375
0 0.7 0.4015625 0.01953125 0.01953125
0 0.76796875 0.41484375 0.0234375 0.015625
0 0.5859375 0.37890625 0.01796875 0.01484375
0 0.3515625 0.39921875 0.02421875 0.01875
0 0.3984375 0.36875 0.0234375 0.015625
0 0.4484375 0.384375 0.01640625 0.01484375
0 0.571875 0.40078125 0.01640625 0.0171875
0 0.60546875 0.40625 0.03125 0.02109375
0 0.63125 0.4625 0.01796875 0.02109375
0 0.75390625 0.46640625 0.021875 0.01328125
0 0.79296875 0.48359375 0.03984375 0.01484375
0 0.8453125 0.51796875 0.01953125 0.01484375
0 0.82890625 0.5265625 0.021875 0.01953125
0 0.7015625 0.5796875 0.02421875 0.01328125
0 0.73671875 0.59140625 0.0203125 0.01484375
0 0.57578125 0.5671875 0.02578125 0.0109375
0 0.49921875 0.54609375 0.0203125 0.009375
0 0.3890625 0.50078125 0.01953125 0.01484375
0 0.4140625 0.540625 0.01328125 0.0125
0 0.340625 0.521875 0.015625 0.0125
0 0.365625 0.55 0.01640625 0.0125
0 0.40546875 0.553125 0.021875 0.01953125
0 0.31640625 0.54609375 0.0140625 0.01953125
0 0.30234375 0.56796875 0.0140625 0.009375
0 0.19453125 0.6078125 0.01796875 0.009375
0 0.1203125 0.63203125 0.0203125 0.01171875
0 0.88515625 0.41328125 0.0203125 0.01484375
0 0.82734375 0.39140625 0.01328125 0.00859375
1 0.54375 0.34296875 0.01640625 0.03984375
1 0.515625 0.4015625 0.01171875 0.02109375
1 0.38984375 0.24296875 0.0078125 0.05234375
1 0.425 0.08046875 0.01640625 0.0484375
1 0.703125 0.09375 0.0234375 0.0796875