0 0.4984375 0.19453125 0.0140625 0.0125
0 0.4453125 0.13125 0.028125 0.0234375
0 0.4890625 0.1578125 0.025 0.028125
0 0.528125 0.20078125 0.0171875 0.0171875
0 0.51875 0.22421875 0.0171875 0.0171875
0 0.540625 0.253125 0.0171875 0.021875
0 0.54296875 0.22265625 0.0171875 0.01875
0 0.56015625 0.265625 0.0125 0.0203125
0 0.56015625 0.29375 0.0171875 0.0203125
0 0.584375 0.32421875 0.021875 0.0296875
0 0.60859375 0.24609375 0.0171875 0.015625
0 0.575 0.19765625 0.0140625 0.0140625
0 0.5234375 0.1625 0.021875 0.021875
0 0.48515625 0.10859375 0.0125 0.025
0 0.4984375 0.1234375 0.0140625 0.0171875
0 0.521875 0.11796875 0.0140625 0.015625
0 0.5421875 0.14296875 0.0140625 0.0171875
0 0.5546875 0.13828125 0.0109375 0.0171875
0 0.46015625 0.06875 0.015625 0.0109375
0 0.5265625 0.09453125 0.0140625 0.021875
0 0.60703125 0.19609375 0.0140625 0.0171875
0 0.32890625 0.19921875 0.0140625 0.0140625
0 0.37734375 0.24296875 0.0109375 0.0171875
0 0.415625 0.309375 0.0171875 0.0140625
0 0.44609375 0.27890625 0.0140625 0.01875
0 0.503125 0.3203125 0.015625 0.0140625
0 0.48671875 0.3359375 0.0171875 0.021875
0 0.45234375 0.36640625 0.0171875 0.0140625
0 0.475 0.3921875 0.0234375 0.015625
0 0.3234375 0.3046875 0.0171875 0.01875
0 0.36171875 0.2546875 0.0234375 0.0203125
0 0.04921875 0.459375 0.0171875 0.0140625
0 0.084375 0.4671875 0.0265625 0.0203125
0 0.1234375 0.453125 0.0171875 0.0171875
0 0.13984375 0.4515625 0.0203125 0.0171875
0 0.1609375 0.45 0.0140625 0.0171875
0 0.18203125 0.45 0.0203125 0.0171875
0 0.20390625 0.45625 0.0125 0.0171875
0 0.25234375 0.47421875 0.0171875 0.015625
0 0.2734375 0.4796875 0.015625 0.0140625
0 0.28515625 0.471875 0.015625 0.0140625
0 0.31953125 0.4671875 0.015625 0.0140625
0 0.14921875 0.471875 0.0171875 0.0140625
0 0.25546875 0.434375 0.01875 0.015625
0 0.20078125 0.48671875 0.0296875 0.0140625
0 0.3484375 0.465625 0.025 0.0203125
0 0.3828125 0.4640625 0.0171875 0.015625
0 0.24609375 0.51171875 0.0203125 0.021875
0 0.43671875 0.49921875 0.021875 0.0171875
0 0.2453125 0.61875 0.0296875 0.01875
0 0.29609375 0.60234375 0.025 0.025
0 0.3390625 0.58671875 0.0171875 0.0203125
0 0.37421875 0.57265625 0.0171875 0.021875
0 0.40859375 0.55703125 0.025 0.01875
0 0.46171875 0.571875 0.01875 0.021875
0 0.471875 0.53515625 0.015625 0.015625
0 0.49609375 0.5265625 0.0171875 0.0109375
0 0.409375 0.59140625 0.021875 0.0171875
0 0.3734375 0.625 0.0171875 0.0140625
0 0.30078125 0.63125 0.025 0.015625
0 0.34609375 0.66015625 0.025 0.015625
0 0.3703125 0.6609375 0.0140625 0.0125
0 0.3921875 0.65390625 0.01875 0.021875
0 0.45859375 0.65703125 0.0171875 0.0140625
0 0.46953125 0.48203125 0.0203125 0.0171875
0 0.5 0.47734375 0.0140625 0.0140625
0 0.621875 0.47890625 0.0109375 0.009375
0 0.55 0.56953125 0.015625 0.0125
0 0.64140625 0.515625 0.021875 0.0171875
0 0.6765625 0.528125 0.0140625 0.009375
0 0.64765625 0.53984375 0.0171875 0.0140625
0 0.63671875 0.546875 0.0140625 0.0171875
0 0.7203125 0.53203125 0.0234375 0.0203125
0 0.69140625 0.49375 0.0171875 0.0171875
0 0.74296875 0.53515625 0.0234375 0.028125
0 0.61328125 0.61796875 0.01875 0.0296875
0 0.565625 0.67265625 0.0203125 0.0296875
0 0.509375 0.6953125 0.021875 0.021875
0 0.3546875 0.73203125 0.015625 0.0171875
0 0.30859375 0.74375 0.0578125 0.0125
0 0.33203125 0.77578125 0.0203125 0.0171875
0 0.378125 0.7609375 0.0171875 0.015625
0 0.63125 0.89921875 0.0265625 0.0203125
0 0.63125 0.86484375 0.0296875 0.0125
0 0.615625 0.88125 0.025 0.0203125
0 0.65546875 0.8421875 0.0171875 0.0296875
0 0.6734375 0.8234375 0.0203125 0.025
0 0.69375 0.80234375 0.0171875 0.01875
0 0.7125 0.796875 0.01875 0.01875
0 0.71875 0.76953125 0.025 0.0203125
0 0.72578125 0.74609375 0.015625 0.0234375
0 0.7421875 0.75234375 0.009375 0.0140625
0 0.72578125 0.78984375 0.0109375 0.0171875
0 0.7875 0.68046875 0.0140625 0.015625
0 0.7671875 0.74296875 0.015625 0.021875
0 0.746875 0.72109375 0.01875 0.01875
0 0.78125 0.72578125 0.0140625 0.015625
0 0.7734375 0.69765625 0.0125 0.0203125
0 0.7953125 0.70390625 0.015625 0.0265625
0 0.8125 0.67421875 0.015625 0.0328125
0 0.82421875 0.6265625 0.01875 0.021875
0 0.83359375 0.60546875 0.0203125 0.021875
0 0.7046875 0.64453125 0.01875 0.01875
0 0.62890625 0.71171875 0.0234375 0.0171875
0 0.66796875 0.69609375 0.0296875 0.0203125
0 0.72578125 0.61875 0.0125 0.015625
0 0.73671875 0.64453125 0.0171875 0.025
0 0.7796875 0.62421875 0.0140625 0.01875
0 0.7765625 0.60078125 0.0265625 0.025
0 0.7984375 0.55234375 0.028125 0.0203125
0 0.8484375 0.58203125 0.0203125 0.0140625
0 0.86953125 0.57890625 0.0171875 0.0171875
0 0.84609375 0.62109375 0.0171875 0.015625
0 0.83671875 0.64921875 0.01875 0.0125
0 0.87109375 0.653125 0.0140625 0.01875
0 0.85078125 0.72578125 0.0265625 0.025
0 0.834375 0.775 0.015625 0.015625
0 0.80078125 0.78515625 0.025 0.0171875
0 0.77109375 0.8203125 0.015625 0.021875
0 0.73515625 0.8375 0.0140625 0.01875
0 0.70546875 0.85234375 0.01875 0.0140625
0 0.65703125 0.87265625 0.0171875 0.021875
0 0.68359375 0.859375 0.0140625 0.015625
0 0.89765625 0.62578125 0.01875 0.025
0 0.9078125 0.60390625 0.01875 0.01875
0 0.9625 0.62890625 0.01875 0.0375
0 0.9203125 0.6921875 0.0109375 0.0171875
0 0.915625 0.7546875 0.0140625 0.01875
0 0.91015625 0.725 0.0171875 0.021875
0 0.90703125 0.7921875 0.009375 0.015625
0 0.790625 0.81796875 0.0140625 0.0109375
0 0.8828125 0.81953125 0.015625 0.01875
0 0.95 0.75234375 0.009375 0.015625
0 0.8828125 0.78984375 0.0109375 0.0140625
0 0.765625 0.90625 0.0171875 0.0203125
0 0.90625 0.875 0.0140625 0.0171875
0 0.92421875 0.84765625 0.0171875 0.0125
0 0.94375 0.82421875 0.021875 0.0234375
0 0.9640625 0.77578125 0.0234375 0.0390625
0 0.940625 0.77421875 0.0125 0.0171875