0 0.11015625 0.5671875 0.05625 0.05625
0 0.315625 0.58515625 0.0328125 0.0390625
0 0.49453125 0.5828125 0.1234375 0.059375
0 0.6734375 0.51484375 0.096875 0.0859375
0 0.6328125 0.44140625 0.0453125 0.046875
0 0.1015625 0.13125 0.1296875 0.0859375
0 0.259375 0.175 0.05625 0.0578125
0 0.30390625 0.14375 0.0421875 0.046875
0 0.34375 0.13359375 0.034375 0.0546875
0 0.4265625 0.034375 0.071875 0.0671875
0 0.5921875 0.159375 0.0390625 0.04375
0 0.6859375 0.15703125 0.053125 0.046875
0 0.18359375 0.5640625 0.0390625 0.040625
0 0.0796875 0.6984375 0.078125 0.0890625
0 0.0296875 0.72421875 0.025 0.05
0 0.15859375 0.7125 0.0578125 0.03125
0 0.3453125 0.64453125 0.06875 0.0609375
0 0.19609375 0.96015625 0.0390625 0.046875
0 0.2546875 0.93046875 0.025 0.0328125
0 0.34921875 0.9296875 0.071875 0.0578125
0 0.56875 0.95234375 0.06875 0.0390625
0 0.73828125 0.71171875 0.05 0.05625
0 0.81953125 0.81953125 0.05 0.0609375
0 0.85546875 0.91171875 0.1125 0.084375
0 0.7859375 0.4609375 0.034375 0.046875
0 0.72109375 0.37265625 0.0546875 0.0171875
0 0.7953125 0.37265625 0.0453125 0.046875
0 0.83671875 0.4390625 0.053125 0.05
0 0.86484375 0.340625 0.06875 0.0390625
0 0.9 0.41875 0.05625 0.05625
0 0.85234375 0.49765625 0.05625 0.046875
0 0.98359375 0.3640625 0.028125 0.0578125
0 0.7625 0.15625 0.03125 0.05
0 0.81015625 0.15703125 0.028125 0.0359375
0 0.74453125 0.046875 0.046875 0.0453125
1 0.60546875 0.0625 0.046875 0.0359375
1 0.46328125 0.15625 0.04375 0.04375
1 0.3921875 0.8359375 0.0578125 0.0796875
1 0.8515625 0.67109375 0.0578125 0.0890625
1 0.6234375 0.7640625 0.0640625 0.1078125
1 0.7453125 0.97109375 0.078125 0.0515625