0 0.41640625 0.16875 0.02265625 0.03046875
0 0.45625 0.2109375 0.028125 0.02265625
0 0.4875 0.228125 0.015625 0.02109375
0 0.43984375 0.26796875 0.02265625 0.02265625
0 0.46953125 0.2625 0.01796875 0.02265625
0 0.459375 0.3015625 0.01875 0.03671875
0 0.440625 0.33359375 0.0171875 0.02890625
0 0.41953125 0.3421875 0.0234375 0.03046875
0 0.4109375 0.37890625 0.0203125 0.03046875
0 0.3 0.49296875 0.0234375 0.03359375
0 0.3375 0.42578125 0.02109375 0.02578125
0 0.28203125 0.57109375 0.0234375 0.040625
0 0.18671875 0.67890625 0.0171875 0.0390625
0 0.1546875 0.73671875 0.02265625 0.04375
0 0.10234375 0.88515625 0.03671875 0.03046875
0 0.84765625 0.4234375 0.04453125 0.028125
0 0.859375 0.453125 0.0171875 0.0234375
0 0.87890625 0.5078125 0.01796875 0.0203125
0 0.78515625 0.3234375 0.01875 0.02265625
0 0.74375 0.25 0.0234375 0.025
0 0.88828125 0.2546875 0.01484375 0.0203125
0 0.75859375 0.1265625 0.0359375 0.04296875
0 0.69453125 0.15859375 0.01484375 0.03671875
0 0.89453125 0.11796875 0.0203125 0.02265625
0 0.7703125 0.58046875 0.02265625 0.0265625
0 0.7875 0.6109375 0.028125 0.0234375
0 0.6515625 0.421875 0.02578125 0.0359375
0 0.64453125 0.4859375 0.0265625 0.03515625
1 0.21875 0.0765625 0.02109375 0.05703125
1 0.14609375 0.0828125 0.01875 0.0859375
1 0.234375 0.296875 0.02734375 0.0671875