0 0.0328125 0.084375 0.021875 0.065625
0 0.13125 0.046875 0.0359375 0.0390625
0 0.11484375 0.13125 0.021875 0.0203125
0 0.06015625 0.15390625 0.0390625 0.0265625
0 0.1875 0.1625 0.0265625 0.028125
0 0.275 0.121875 0.01875 0.0171875
0 0.3859375 0.07578125 0.028125 0.0296875
0 0.453125 0.059375 0.03125 0.03125
0 0.47421875 0.1140625 0.025 0.0328125
0 0.49296875 0.10078125 0.0109375 0.015625
0 0.51171875 0.03515625 0.015625 0.0171875
0 0.525 0.0484375 0.0140625 0.0171875
0 0.5234375 0.00546875 0.0140625 0.009375
0 0.53984375 0.0046875 0.0078125 0.00625
0 0.6046875 0.08984375 0.009375 0.0140625
0 0.8375 0.02109375 0.0140625 0.0078125
0 0.92890625 0.10859375 0.009375 0.0125
0 0.95234375 0.02578125 0.009375 0.00625
0 0.96796875 0.040625 0.0078125 0.009375
0 0.97578125 0.05546875 0.009375 0.0109375
0 0.96328125 0.05546875 0.00625 0.0125
0 0.98828125 0.06484375 0.00625 0.0125
0 0.9890625 0.109375 0.009375 0.0140625
0 0.996875 0.16171875 0.00625 0.0140625
0 0.97265625 0.21953125 0.0078125 0.0125
0 0.99453125 0.34765625 0.0078125 0.009375
0 0.9953125 0.409375 0.009375 0.021875
0 0.9546875 0.3875 0.0109375 0.009375
0 0.9078125 0.3484375 0.0125 0.009375
0 0.94765625 0.47109375 0.009375 0.015625
0 0.9359375 0.4609375 0.0078125 0.009375
0 0.95703125 0.546875 0.0125 0.015625
0 0.9390625 0.540625 0.0109375 0.0125
0 0.9453125 0.56953125 0.0078125 0.0140625
0 0.934375 0.834375 0.0125 0.0203125
0 0.903125 0.91875 0.0140625 0.0296875
0 0.96015625 0.95625 0.0140625 0.015625
0 0.959375 0.98984375 0.015625 0.0203125
0 0.80390625 0.9859375 0.0140625 0.0203125
0 0.86484375 0.8765625 0.0078125 0.015625
0 0.85 0.84765625 0.0078125 0.025
0 0.85546875 0.7609375 0.0234375 0.03125
0 0.92421875 0.7875 0.0078125 0.009375
0 0.871875 0.6109375 0.0109375 0.01875
0 0.88828125 0.61640625 0.0171875 0.01875
0 0.8984375 0.6015625 0.0140625 0.0171875
0 0.89296875 0.56484375 0.0140625 0.015625
0 0.86328125 0.5109375 0.01875 0.0234375
0 0.87421875 0.46796875 0.0109375 0.0125
0 0.825 0.44453125 0.0109375 0.015625
0 0.83203125 0.5109375 0.0140625 0.01875
0 0.80703125 0.5859375 0.015625 0.01875
0 0.8296875 0.3328125 0.0078125 0.0140625
0 0.8109375 0.3609375 0.0125 0.0078125
0 0.80078125 0.37890625 0.0109375 0.0109375
0 0.7921875 0.3953125 0.0171875 0.0140625
0 0.796875 0.43046875 0.0171875 0.015625
0 0.803125 0.71015625 0.015625 0.01875
0 0.7875 0.7671875 0.00625 0.009375
0 0.7984375 0.3015625 0.01875 0.021875
0 0.76640625 0.3546875 0.0125 0.0140625
0 0.73984375 0.375 0.0171875 0.0203125
0 0.76171875 0.38203125 0.0125 0.0109375
0 0.73125 0.41484375 0.0140625 0.0125
0 0.7234375 0.346875 0.0140625 0.009375
0 0.678125 0.39375 0.0125 0.0140625
0 0.6515625 0.38046875 0.0171875 0.021875
0 0.75 0.26640625 0.0109375 0.015625
0 0.7125 0.475 0.0171875 0.0125
0 0.65390625 0.45546875 0.0171875 0.0171875
0 0.6328125 0.4625 0.0171875 0.015625
0 0.603125 0.46328125 0.0109375 0.0171875
0 0.65234375 0.49609375 0.0140625 0.015625
0 0.728125 0.54453125 0.0140625 0.0171875
0 0.7484375 0.5671875 0.015625 0.0171875
0 0.75 0.5828125 0.0140625 0.0140625
0 0.765625 0.5859375 0.0140625 0.015625
0 0.70078125 0.61171875 0.0234375 0.021875
0 0.6796875 0.64296875 0.025 0.0171875
0 0.69296875 0.68671875 0.0203125 0.0328125
0 0.653125 0.603125 0.0109375 0.01875
0 0.6421875 0.63046875 0.021875 0.0265625
0 0.6125 0.67265625 0.0125 0.0234375
0 0.58984375 0.53203125 0.0125 0.0125
0 0.5609375 0.50546875 0.0140625 0.0171875
0 0.62109375 0.56328125 0.0109375 0.015625
0 0.54921875 0.7703125 0.015625 0.01875
0 0.66015625 0.73359375 0.0203125 0.0203125
0 0.5515625 0.809375 0.015625 0.0140625
0 0.55703125 0.8421875 0.0125 0.01875
0 0.5921875 0.86484375 0.015625 0.01875
0 0.64375 0.78984375 0.0109375 0.01875
0 0.7078125 0.871875 0.0140625 0.03125
0 0.50390625 0.809375 0.0203125 0.0328125
0 0.46015625 0.93046875 0.01875 0.025
0 0.39921875 0.96484375 0.0203125 0.0453125
0 0.315625 0.9859375 0.0171875 0.0125
0 0.271875 0.89296875 0.0109375 0.0265625
0 0.33515625 0.80859375 0.015625 0.025
0 0.35 0.76953125 0.0125 0.0234375
0 0.3671875 0.77890625 0.0109375 0.015625
0 0.40078125 0.696875 0.015625 0.021875
0 0.4296875 0.659375 0.0140625 0.0171875
0 0.453125 0.63046875 0.0171875 0.0171875
0 0.47421875 0.6484375 0.015625 0.0171875
0 0.46484375 0.578125 0.0125 0.015625
0 0.48984375 0.54140625 0.0109375 0.0203125
0 0.53828125 0.5703125 0.015625 0.0125
0 0.5375 0.6015625 0.0125 0.0109375
0 0.51328125 0.60625 0.015625 0.015625
0 0.6390625 0.340625 0.0171875 0.0125
0 0.57265625 0.40546875 0.01875 0.0171875
0 0.56953125 0.3640625 0.015625 0.009375
0 0.44453125 0.21953125 0.0140625 0.0140625
0 0.41953125 0.22265625 0.021875 0.0125
0 0.4890625 0.246875 0.0109375 0.0125
0 0.353125 0.23359375 0.01875 0.009375
0 0.2578125 0.221875 0.01875 0.009375
0 0.27890625 0.25234375 0.0171875 0.0171875
0 0.3296875 0.303125 0.0171875 0.0171875
0 0.16328125 0.22734375 0.01875 0.0171875
0 0.196875 0.3421875 0.015625 0.021875
0 0.21484375 0.3578125 0.015625 0.03125
0 0.271875 0.378125 0.0265625 0.021875
0 0.2453125 0.42734375 0.021875 0.0203125
0 0.16875 0.4578125 0.021875 0.021875
0 0.5515625 0.31640625 0.0140625 0.009375
0 0.4890625 0.465625 0.0140625 0.0203125
0 0.490625 0.48671875 0.0125 0.0109375
0 0.41640625 0.49609375 0.015625 0.0265625
0 0.43828125 0.52890625 0.0140625 0.015625
0 0.41796875 0.53828125 0.0125 0.0140625
0 0.41484375 0.5609375 0.0171875 0.0171875
0 0.3953125 0.53125 0.0109375 0.0140625
0 0.30546875 0.6203125 0.0140625 0.021875
0 0.2859375 0.565625 0.0171875 0.0203125
0 0.29453125 0.5375 0.0140625 0.0140625
0 0.2265625 0.675 0.0140625 0.015625
0 0.23359375 0.70390625 0.0171875 0.0203125
0 0.209375 0.7375 0.0234375 0.0328125
0 0.153125 0.7375 0.0203125 0.0171875
0 0.14609375 0.76484375 0.0171875 0.0234375
0 0.1171875 0.790625 0.015625 0.015625
0 0.13671875 0.7953125 0.009375 0.0140625
0 0.12421875 0.80078125 0.0109375 0.01875
0 0.12109375 0.821875 0.01875 0.0109375
0 0.178125 0.815625 0.0109375 0.015625
0 0.13046875 0.84765625 0.0140625 0.0109375
0 0.15 0.85390625 0.0140625 0.015625
0 0.12578125 0.88515625 0.009375 0.01875
0 0.0984375 0.89609375 0.0203125 0.015625
0 0.0625 0.83515625 0.0140625 0.01875
0 0.0484375 0.853125 0.0109375 0.0203125
0 0.05078125 0.9421875 0.0125 0.0125
0 0.025 0.96875 0.0125 0.0140625
0 0.2171875 0.5109375 0.0109375 0.0140625
0 0.209375 0.54453125 0.0140625 0.015625
0 0.1984375 0.56640625 0.021875 0.015625
0 0.15625 0.571875 0.0171875 0.0140625
0 0.13046875 0.5625 0.015625 0.0125
0 0.04296875 0.5484375 0.0296875 0.040625
0 0.0515625 0.5890625 0.0171875 0.015625
0 0.08828125 0.5875 0.009375 0.015625
0 0.11015625 0.5953125 0.0171875 0.0171875
0 0.0046875 0.65078125 0.009375 0.0296875
0 0.04453125 0.6609375 0.0140625 0.0203125
0 0.165625 0.3859375 0.0125 0.025
0 0.10703125 0.29609375 0.0171875 0.025
0 0.08125 0.246875 0.0109375 0.0140625
0 0.07890625 0.3296875 0.015625 0.0125
0 0.0328125 0.36171875 0.0140625 0.0203125
0 0.03828125 0.3046875 0.0171875 0.0296875
0 0.02734375 0.26953125 0.0109375 0.0171875
0 0.04609375 0.25390625 0.0171875 0.03125
1 0.4140625 0.7734375 0.0171875 0.0546875
1 0.96328125 0.71484375 0.015625 0.0546875
1 0.87734375 0.05859375 0.015625 0.0328125
1 0.60625 0.04609375 0.0171875 0.0453125
1 0.57734375 0.128125 0.0109375 0.040625