0 0.22109375 0.33515625 0.034375 0.0609375
0 0.17890625 0.15 0.0375 0.059375
0 0.16015625 0.28203125 0.0484375 0.121875
0 0.2015625 0.10390625 0.0328125 0.040625
0 0.46328125 0.34921875 0.0625 0.146875
0 0.521875 0.328125 0.03125 0.1453125
0 0.53828125 0.0890625 0.034375 0.0609375
0 0.59140625 0.0609375 0.021875 0.0734375
0 0.25625 0.55390625 0.00625 0.028125
0 0.21484375 0.57265625 0.025 0.0359375
0 0.490625 0.60703125 0.0296875 0.053125
0 0.2359375 0.6234375 0.040625 0.0296875
0 0.4515625 0.621875 0.021875 0.0640625
0 0.5328125 0.49453125 0.0171875 0.0421875
0 0.58671875 0.4703125 0.028125 0.03125
0 0.13515625 0.840625 0.0453125 0.03125
0 0.03046875 0.30703125 0.04375 0.046875
0 0.95546875 0.2234375 0.025 0.028125
0 0.96171875 0.31015625 0.0203125 0.040625
0 0.6421875 0.12265625 0.028125 0.01875
0 0.7828125 0.209375 0.0140625 0.015625
0 0.8875 0.35546875 0.01875 0.0234375
0 0.6546875 0.66171875 0.1 0.0203125
0 0.75234375 0.61484375 0.084375 0.028125
0 0.91875 0.57109375 0.0765625 0.025
0 0.56875 0.33515625 0.015625 0.0453125
0 0.69296875 0.79140625 0.190625 0.034375
0 0.92265625 0.77578125 0.1296875 0.0609375
1 0.61796875 0.25546875 0.028125 0.078125
1 0.240625 0.228125 0.0546875 0.0921875
1 0.7421875 0.31875 0.0359375 0.0953125
1 0.98359375 0.14453125 0.0328125 0.0734375
1 0.146875 0.63984375 0.0546875 0.0546875
1 0.68828125 0.4875 0.025 0.0640625