1 0.37734375 0.77265625 0.05 0.046875
1 0.384375 0.96796875 0.05 0.0515625
1 0.6625 0.634375 0.0171875 0.0796875
1 0.65859375 0.7375 0.0265625 0.05625
1 0.6671875 0.4671875 0.028125 0.071875
1 0.88359375 0.9 0.05625 0.1015625
0 0.3578125 0.884375 0.0578125 0.0890625
0 0.43984375 0.9703125 0.0453125 0.059375
0 0.2578125 0.75859375 0.05 0.1890625
0 0.30546875 0.72734375 0.0359375 0.14375
0 0.28515625 0.590625 0.0484375 0.0921875
0 0.26171875 0.42421875 0.0421875 0.059375
0 0.31796875 0.50859375 0.05625 0.05625