0 0.1609375 0.03125 0.0609375 0.03125
0 0.1546875 0.14765625 0.04375 0.0671875
0 0.13828125 0.0765625 0.0328125 0.040625
0 0.07578125 0.38828125 0.053125 0.0671875
0 0.19296875 0.43515625 0.0609375 0.06875
0 0.171875 0.2703125 0.046875 0.0640625
0 0.1953125 0.915625 0.078125 0.0890625
0 0.65625 0.73046875 0.0296875 0.0453125
0 0.671875 0.0390625 0.0234375 0.025
0 0.68046875 0.07890625 0.0375 0.05625
0 0.7390625 0.28515625 0.03125 0.0265625
0 0.75859375 0.3375 0.03125 0.0484375
0 0.8015625 0.3390625 0.034375 0.0453125
0 0.76953125 0.38515625 0.025 0.0296875
0 0.78828125 0.4171875 0.025 0.0296875
0 0.8125 0.4859375 0.0328125 0.071875
0 0.88515625 0.54921875 0.028125 0.0515625
0 0.8703125 0.6375 0.028125 0.05
0 0.8515625 0.45546875 0.0375 0.059375
0 0.89375 0.703125 0.0265625 0.0359375
0 0.909375 0.7296875 0.0328125 0.0296875
0 0.93984375 0.8078125 0.0328125 0.059375
0 0.98046875 0.8046875 0.0375 0.059375
0 0.9546875 0.73125 0.034375 0.046875
0 0.75859375 0.021875 0.025 0.03125
0 0.7828125 0.06484375 0.0546875 0.0328125
0 0.7828125 0.1125 0.034375 0.040625
0 0.8328125 0.228125 0.0484375 0.040625
0 0.89921875 0.23828125 0.0359375 0.0453125
0 0.834375 0.29296875 0.0328125 0.0390625
0 0.87109375 0.36875 0.034375 0.0546875
0 0.95234375 0.353125 0.0328125 0.034375
0 0.9859375 0.4515625 0.0265625 0.046875
0 0.94140625 0.48671875 0.0359375 0.046875
0 0.93046875 0.56875 0.0390625 0.0546875
0 0.98515625 0.603125 0.0296875 0.075
0 0.9609375 0.04453125 0.0203125 0.0296875
1 0.58046875 0.1625 0.0375 0.096875
1 0.58359375 0.35 0.03125 0.06875
1 0.6953125 0.4265625 0.0359375 0.084375
1 0.96171875 0.14609375 0.0234375 0.0546875