1 0.5046875 0.81953125 0.0140625 0.0171875
1 0.57421875 0.91328125 0.0265625 0.0515625
1 0.64921875 0.91015625 0.0234375 0.0625
1 0.73828125 0.840625 0.0375 0.0765625
1 0.80234375 0.90390625 0.040625 0.0640625
1 0.85078125 0.825 0.040625 0.06875
1 0.92421875 0.87109375 0.034375 0.08125
0 0.92109375 0.76015625 0.01875 0.0234375
0 0.92734375 0.68671875 0.0078125 0.015625
0 0.83046875 0.7421875 0.0109375 0.0125
0 0.76953125 0.70234375 0.009375 0.0140625
0 0.74765625 0.71796875 0.00625 0.0109375
0 0.64375 0.8453125 0.0078125 0.0140625
0 0.6390625 0.796875 0.0078125 0.0125
0 0.45 0.778125 0.00625 0.0078125
0 0.42265625 0.83515625 0.009375 0.0140625
0 0.38984375 0.86796875 0.015625 0.028125
0 0.35078125 0.9734375 0.0125 0.01875
0 0.353125 0.9515625 0.0078125 0.0109375
0 0.3546875 0.91796875 0.00625 0.0109375
0 0.39921875 0.65078125 0.0171875 0.0171875
0 0.39375 0.62109375 0.015625 0.01875
0 0.45546875 0.41640625 0.009375 0.0078125
0 0.4390625 0.31484375 0.009375 0.0171875
0 0.4796875 0.421875 0.0125 0.028125
0 0.509375 0.46953125 0.009375 0.0140625
0 0.4640625 0.50859375 0.0234375 0.040625
0 0.47578125 0.59375 0.01875 0.0265625