1 0.51953125 0.09375 0.05 0.1234375
1 0.51015625 0.3390625 0.0546875 0.1
1 0.08359375 0.47734375 0.0375 0.0875
1 0.0203125 0.14921875 0.040625 0.0890625
1 0.5734375 0.79140625 0.0796875 0.0953125
1 0.9734375 0.43125 0.053125 0.10625
1 0.94765625 0.70078125 0.059375 0.115625
0 0.04765625 0.284375 0.04375 0.0359375
0 0.3828125 0.31328125 0.034375 0.0375
0 0.44765625 0.4203125 0.0609375 0.178125
0 0.45625 0.61484375 0.0515625 0.11875
0 0.509375 0.5234375 0.0375 0.0734375
0 0.4828125 0.80703125 0.05625 0.13125
0 0.4078125 0.82578125 0.040625 0.2125
0 0.93203125 0.878125 0.046875 0.1109375
0 0.4 0.22421875 0.0296875 0.053125
0 0.16796875 0.87734375 0.0640625 0.0625
0 0.14140625 0.7578125 0.05 0.0421875