1 0.17890625 0.06171875 0.0796875 0.05
1 0.29296875 0.20625 0.065625 0.0453125
1 0.3640625 0.475 0.096875 0.0328125
1 0.71640625 0.278125 0.078125 0.028125
1 0.475 0.2703125 0.0765625 0.0484375
0 0.08671875 0.12890625 0.04375 0.053125
0 0.1859375 0.3171875 0.05625 0.0703125
0 0.1140625 0.3859375 0.16875 0.0578125
0 0.415625 0.2125 0.0875 0.046875
0 0.121875 0.29296875 0.0390625 0.0421875
0 0.3015625 0.2625 0.0375 0.0515625
0 0.4921875 0.3765625 0.0859375 0.05625
0 0.23359375 0.57109375 0.0953125 0.0515625
0 0.14296875 0.6328125 0.0421875 0.0890625
0 0.37578125 0.5765625 0.0546875 0.059375
0 0.4625 0.5171875 0.03125 0.078125
0 0.5328125 0.4671875 0.0359375 0.0390625
0 0.60625 0.378125 0.0484375 0.0515625
0 0.6171875 0.421875 0.1 0.0484375
0 0.6953125 0.359375 0.0453125 0.040625
0 0.39140625 0.64375 0.0765625 0.1078125
0 0.3140625 0.71328125 0.0609375 0.0890625
0 0.47109375 0.71640625 0.071875 0.06875
0 0.41484375 0.76953125 0.0375 0.0546875
0 0.58515625 0.64609375 0.053125 0.0859375
0 0.4703125 0.66328125 0.059375 0.059375
0 0.5734375 0.5265625 0.046875 0.040625
0 0.63125 0.47734375 0.0765625 0.0453125
0 0.73515625 0.47578125 0.0546875 0.0546875
0 0.78125 0.40078125 0.040625 0.0453125
0 0.7890625 0.2734375 0.1390625 0.059375