0 0.00625 0.19453125 0.0125 0.0578125
0 0.0171875 0.428125 0.034375 0.05625
0 0.02265625 0.584375 0.040625 0.0578125
0 0.13671875 0.35234375 0.053125 0.0609375
0 0.1828125 0.12890625 0.05625 0.046875
0 0.2296875 0.21171875 0.0578125 0.05625
0 0.1515625 0.2359375 0.0140625 0.0171875
0 0.334375 0.18671875 0.0390625 0.053125
0 0.41328125 0.1421875 0.021875 0.025
0 0.453125 0.21875 0.0234375 0.028125
0 0.3640625 0.32890625 0.028125 0.03125
0 0.3890625 0.425 0.0390625 0.0390625
0 0.4453125 0.37890625 0.0359375 0.040625
0 0.4671875 0.44296875 0.040625 0.0390625
0 0.496875 0.6609375 0.0453125 0.05
0 0.43671875 0.72734375 0.0359375 0.0421875
0 0.45546875 0.8328125 0.0546875 0.0671875
0 0.475 0.9390625 0.0359375 0.040625
0 0.53125 0.91953125 0.028125 0.0203125
0 0.54453125 0.94765625 0.01875 0.015625
0 0.14609375 0.65234375 0.0484375 0.0578125
0 0.515625 0.19375 0.0234375 0.03125
0 0.725 0.30546875 0.046875 0.0546875
0 0.61484375 0.4859375 0.046875 0.0546875
0 0.6515625 0.47265625 0.015625 0.021875
0 0.69296875 0.46875 0.0296875 0.0421875
0 0.59453125 0.37265625 0.0234375 0.0203125
0 0.64296875 0.54765625 0.05 0.05
0 0.7296875 0.5609375 0.0390625 0.05
0 0.825 0.53125 0.03125 0.0421875
0 0.875 0.6328125 0.0234375 0.0234375
0 0.6953125 0.7234375 0.0453125 0.05625
0 0.91953125 0.57421875 0.0265625 0.03125
0 0.83515625 0.334375 0.0203125 0.021875
1 0.840625 0.18359375 0.04375 0.0890625
1 0.71484375 0.175 0.0421875 0.0921875
1 0.83984375 0.43046875 0.0328125 0.08125
1 0.43046875 0.55625 0.0421875 0.115625
1 0.7484375 0.69609375 0.0453125 0.09375
1 0.203125 0.58984375 0.0375 0.090625