0 0.11796875 0.17578125 0.0484375 0.03125
0 0.01328125 0.19921875 0.0265625 0.0234375
0 0.2578125 0.17734375 0.0421875 0.0328125
0 0.10859375 0.35703125 0.040625 0.0265625
0 0.16796875 0.44140625 0.034375 0.0296875
0 0.365625 0.23203125 0.0234375 0.015625
0 0.4796875 0.20078125 0.0203125 0.021875
0 0.4015625 0.3578125 0.028125 0.0296875
0 0.3359375 0.421875 0.025 0.025
0 0.471875 0.3234375 0.021875 0.01875
0 0.47109375 0.3640625 0.03125 0.0234375
0 0.084375 0.5625 0.0296875 0.021875
0 0.06953125 0.6 0.0234375 0.021875
0 0.059375 0.671875 0.0390625 0.0296875
0 0.28359375 0.58671875 0.021875 0.01875
0 0.32109375 0.60390625 0.025 0.0140625
0 0.31015625 0.6921875 0.0328125 0.01875
0 0.1140625 0.73984375 0.0203125 0.01875
0 0.1609375 0.6984375 0.021875 0.01875
0 0.3515625 0.79296875 0.0265625 0.0265625
0 0.06953125 0.884375 0.0296875 0.025
0 0.1671875 0.9796875 0.0359375 0.03125
0 0.346875 0.8390625 0.0265625 0.025
0 0.096875 0.98828125 0.0140625 0.0109375
0 0.10546875 0.96015625 0.0203125 0.01875
0 0.61171875 0.75546875 0.021875 0.021875
0 0.6875 0.8796875 0.0171875 0.021875
0 0.5 0.7171875 0.021875 0.0296875
0 0.52578125 0.75 0.015625 0.0125
0 0.56953125 0.7 0.015625 0.015625
0 0.70546875 0.78125 0.0203125 0.0234375
0 0.71875 0.765625 0.021875 0.021875
0 0.8375 0.884375 0.021875 0.0265625
0 0.846875 0.9125 0.0234375 0.01875
0 0.8921875 0.9421875 0.0390625 0.0296875
0 0.83828125 0.7875 0.021875 0.01875
0 0.91796875 0.8328125 0.0140625 0.015625
0 0.95234375 0.83671875 0.0140625 0.0109375
0 0.83046875 0.7453125 0.0203125 0.028125
0 0.74609375 0.70703125 0.025 0.0234375
0 0.8109375 0.7171875 0.015625 0.0140625
0 0.940625 0.746875 0.0265625 0.0265625
0 0.81015625 0.671875 0.025 0.028125
0 0.73515625 0.6453125 0.025 0.0234375
0 0.64453125 0.5734375 0.0171875 0.01875
0 0.765625 0.584375 0.0203125 0.025
0 0.9296875 0.6125 0.0203125 0.028125
0 0.98671875 0.65390625 0.0265625 0.025
0 0.90546875 0.67109375 0.0140625 0.015625
0 0.671875 0.45 0.025 0.0265625
0 0.70546875 0.44453125 0.0234375 0.0234375
0 0.728125 0.4796875 0.01875 0.0203125
0 0.6078125 0.38671875 0.0125 0.0109375
0 0.60546875 0.3515625 0.015625 0.015625
0 0.66484375 0.2921875 0.0203125 0.0171875
0 0.6484375 0.265625 0.0171875 0.01875
0 0.69765625 0.19921875 0.021875 0.0140625
0 0.865625 0.32578125 0.01875 0.0125
0 0.68203125 0.15703125 0.025 0.0171875
0 0.584375 0.14921875 0.015625 0.015625
0 0.66015625 0.14140625 0.0234375 0.0125
0 0.73515625 0.1484375 0.021875 0.015625
0 0.775 0.10625 0.0234375 0.0203125
0 0.85703125 0.17421875 0.0359375 0.021875
0 0.653125 0.08125 0.01875 0.015625
0 0.578125 0.04453125 0.05 0.0265625