0 0.21171875 0.00703125 0.0609375 0.0140625
0 0.19296875 0.11328125 0.04375 0.0671875
0 0.184375 0.04140625 0.0328125 0.040625
0 0.08984375 0.34453125 0.053125 0.0671875
0 0.2015625 0.40390625 0.0609375 0.06875
0 0.19765625 0.23671875 0.046875 0.0640625
0 0.15390625 0.88125 0.078125 0.0890625
0 0.63125 0.7453125 0.0296875 0.0453125
0 0.71953125 0.059375 0.0234375 0.025
0 0.7234375 0.1 0.0375 0.05625
0 0.76015625 0.3109375 0.03125 0.0265625
0 0.7734375 0.365625 0.03125 0.0484375
0 0.81640625 0.37109375 0.034375 0.0453125
0 0.7796875 0.4140625 0.025 0.0296875
0 0.7953125 0.44765625 0.025 0.0296875
0 0.81171875 0.51875 0.0328125 0.071875
0 0.878125 0.5890625 0.028125 0.0515625
0 0.85390625 0.67578125 0.028125 0.05
0 0.85390625 0.49296875 0.0375 0.059375
0 0.8703125 0.74296875 0.0265625 0.0359375
0 0.88359375 0.77109375 0.0328125 0.0296875
0 0.90546875 0.85234375 0.0328125 0.059375
0 0.94609375 0.85390625 0.0375 0.059375
0 0.928125 0.77734375 0.034375 0.046875
0 0.8078125 0.0515625 0.025 0.03125
0 0.82734375 0.096875 0.0546875 0.0328125
0 0.82109375 0.14453125 0.034375 0.040625
0 0.859375 0.26484375 0.0484375 0.040625
0 0.92421875 0.28125 0.0359375 0.0453125
0 0.85390625 0.32890625 0.0328125 0.0390625
0 0.8828125 0.4078125 0.034375 0.0546875
0 0.96484375 0.4015625 0.0328125 0.034375
0 0.9875 0.503125 0.025 0.046875
0 0.940625 0.53359375 0.0359375 0.046875
0 0.92109375 0.61328125 0.0390625 0.0546875
0 0.97578125 0.65390625 0.0375 0.075
0 0.99765625 0.09453125 0.0046875 0.0296875
1 0.61484375 0.17265625 0.0375 0.096875
1 0.59921875 0.359375 0.03125 0.06875
1 0.70234375 0.446875 0.0359375 0.084375
1 0.9921875 0.19609375 0.015625 0.0546875