1 0.08125 0.25859375 0.01875 0.04921875
1 0.24765625 0.37265625 0.0203125 0.0671875
1 0.12734375 0.396875 0.01875 0.04453125
1 0.421875 0.21640625 0.02265625 0.0640625
0 0.24921875 0.28046875 0.065625 0.05703125
0 0.20546875 0.24140625 0.02578125 0.04921875
0 0.10546875 0.31796875 0.05703125 0.02734375
0 0.178125 0.3265625 0.06015625 0.03203125
0 0.2796875 0.4859375 0.04609375 0.03828125
0 0.35390625 0.3296875 0.02265625 0.02890625
0 0.4015625 0.3640625 0.03828125 0.06875
0 0.37734375 0.12578125 0.03515625 0.06015625
0 0.2421875 0.13671875 0.05390625 0.05703125
0 0.12578125 0.12109375 0.03203125 0.06015625
0 0.0375 0.1078125 0.02734375 0.04921875
0 0.59765625 0.26640625 0.0625 0.04609375
0 0.43671875 0.615625 0.02890625 0.04609375
0 0.4375 0.67109375 0.04296875 0.03359375
0 0.52734375 0.73359375 0.03515625 0.04296875
0 0.60703125 0.7609375 0.0671875 0.05390625
0 0.5484375 0.59453125 0.05859375 0.04609375
0 0.6953125 0.66796875 0.05859375 0.05859375
0 0.21484375 0.7890625 0.0984375 0.03984375
0 0.04765625 0.51484375 0.03515625 0.03671875
0 0.1546875 0.9625 0.05546875 0.02578125
0 0.02734375 0.5453125 0.04921875 0.02890625
0 0.05234375 0.59453125 0.0703125 0.040625