1 0.290625 0.28984375 0.078125 0.0703125
1 0.4265625 0.49140625 0.0734375 0.090625
1 0.85234375 0.38203125 0.0640625 0.084375
1 0.8359375 0.61796875 0.0953125 0.1125
1 0.6890625 0.3859375 0.06875 0.0671875
0 0.1125 0.190625 0.03125 0.034375
0 0.03984375 0.31875 0.021875 0.0375
0 0.41953125 0.0140625 0.025 0.028125
0 0.34296875 0.09296875 0.0203125 0.01875
0 0.265625 0.1828125 0.021875 0.0265625
0 0.421875 0.12578125 0.0328125 0.0296875
0 0.525 0.1421875 0.03125 0.034375
0 0.60859375 0.1453125 0.0234375 0.03125
0 0.4734375 0.27734375 0.03125 0.0265625
0 0.4421875 0.37578125 0.028125 0.028125
0 0.51328125 0.365625 0.0296875 0.0296875
0 0.50234375 0.4359375 0.0421875 0.046875
0 0.41875 0.6328125 0.0359375 0.05
0 0.33046875 0.66015625 0.0296875 0.0296875
0 0.290625 0.75234375 0.0390625 0.053125
0 0.25078125 0.86015625 0.0296875 0.0328125
0 0.5546875 0.7859375 0.028125 0.040625
0 0.59453125 0.6140625 0.0390625 0.0375
0 0.66015625 0.6671875 0.0375 0.0421875
0 0.60234375 0.540625 0.0390625 0.0390625
0 0.68046875 0.5640625 0.025 0.03125
0 0.75546875 0.69140625 0.0375 0.0375
0 0.79375 0.45078125 0.0359375 0.0375
0 0.66796875 0.2390625 0.0265625 0.025
0 0.75234375 0.79921875 0.0203125 0.0296875