0 0.1515625 0.42109375 0.015625 0.009375
0 0.215625 0.37890625 0.0203125 0.0203125
0 0.065625 0.43984375 0.0171875 0.015625
0 0.0625 0.4875 0.0109375 0.015625
0 0.16953125 0.50859375 0.0140625 0.021875
0 0.0875 0.459375 0.009375 0.0109375
0 0.10546875 0.45625 0.0109375 0.0109375
0 0.03359375 0.47578125 0.0125 0.021875
0 0.02265625 0.5234375 0.0109375 0.0140625
0 0.03984375 0.54375 0.0078125 0.009375
0 0.059375 0.55546875 0.0140625 0.015625
0 0.025 0.57265625 0.0125 0.015625
0 0.003125 0.51875 0.00625 0.0125
0 0.00390625 0.45859375 0.00625 0.0109375
0 0.03125 0.50078125 0.0078125 0.0125
0 0.07421875 0.41640625 0.021875 0.0125
0 0.0984375 0.38828125 0.0125 0.0203125
0 0.1078125 0.4109375 0.0125 0.0125
0 0.1421875 0.39453125 0.0125 0.0140625
0 0.221875 0.42109375 0.01875 0.021875
0 0.20859375 0.45546875 0.0140625 0.015625
0 0.2171875 0.51484375 0.0140625 0.0140625
0 0.1453125 0.48046875 0.009375 0.0125
0 0.15390625 0.49453125 0.0125 0.015625
0 0.075 0.5203125 0.025 0.0203125
0 0.128125 0.53046875 0.0125 0.0125
0 0.00390625 0.6265625 0.0078125 0.0375
0 0.02421875 0.6203125 0.0265625 0.0140625
0 0.00390625 0.5828125 0.0078125 0.028125
0 0.02109375 0.59609375 0.0125 0.0171875
0 0.078125 0.58671875 0.0109375 0.0140625
0 0.02734375 0.64921875 0.0109375 0.021875
0 0.040625 0.603125 0.0109375 0.015625
0 0.00703125 0.675 0.0109375 0.015625
0 0.065625 0.60390625 0.0109375 0.015625
0 0.05234375 0.62734375 0.0109375 0.0140625
0 0.0015625 0.68984375 0.003125 0.0140625
0 0.1390625 0.59765625 0.015625 0.01875
0 0.171875 0.6125 0.0125 0.015625
0 0.09921875 0.68359375 0.0109375 0.015625
0 0.1125 0.6859375 0.0078125 0.015625
0 0.12734375 0.6671875 0.009375 0.0171875
0 0.08125 0.71015625 0.009375 0.0125
0 0.084375 0.73828125 0.009375 0.01875
0 0.07421875 0.75390625 0.009375 0.0109375
0 0.29453125 0.5046875 0.0203125 0.015625
0 0.21953125 0.5625 0.0125 0.015625
0 0.2484375 0.5484375 0.0171875 0.015625
0 0.2015625 0.62890625 0.0203125 0.0140625
0 0.17421875 0.6625 0.0140625 0.01875
0 0.1609375 0.68984375 0.0140625 0.0171875
0 0.13125 0.7546875 0.015625 0.0296875
0 0.21015625 0.65234375 0.021875 0.015625
0 0.20703125 0.6734375 0.0125 0.0140625
0 0.23671875 0.6390625 0.0125 0.015625
0 0.23203125 0.65703125 0.0140625 0.0171875
0 0.1859375 0.69140625 0.0125 0.015625
0 0.2 0.69375 0.0125 0.0171875
0 0.17421875 0.7140625 0.0109375 0.01875
0 0.165625 0.72734375 0.0109375 0.0171875
0 0.16171875 0.7484375 0.01875 0.03125
0 0.15234375 0.775 0.0109375 0.021875
0 0.12109375 0.7953125 0.015625 0.025
0 0.25625 0.596875 0.0109375 0.0140625
0 0.2765625 0.60703125 0.0109375 0.015625
0 0.29765625 0.5484375 0.0078125 0.015625
0 0.3078125 0.57578125 0.0140625 0.015625
0 0.28125 0.83828125 0.0125 0.0171875
0 0.28359375 0.865625 0.009375 0.0171875
0 0.290625 0.79921875 0.0125 0.01875
0 0.29765625 0.85 0.0125 0.0125
0 0.2875 0.828125 0.009375 0.015625
0 0.33046875 0.7671875 0.0125 0.0171875
0 0.3109375 0.78984375 0.0140625 0.021875
0 0.3046875 0.71953125 0.0078125 0.0140625
0 0.34140625 0.71484375 0.0078125 0.0125
0 0.3265625 0.63984375 0.009375 0.01875
0 0.32265625 0.6875 0.009375 0.021875
0 0.34140625 0.65390625 0.009375 0.0125
0 0.4140625 0.7515625 0.0140625 0.015625
0 0.44296875 0.75859375 0.0265625 0.0140625
0 0.4453125 0.69375 0.0296875 0.0234375
0 0.48125 0.725 0.0078125 0.0125
0 0.45859375 0.78515625 0.0234375 0.0234375
0 0.49765625 0.8140625 0.0203125 0.0171875
0 0.46953125 0.76484375 0.021875 0.0234375
0 0.5109375 0.85390625 0.0140625 0.0140625
0 0.56015625 0.88359375 0.0140625 0.015625
0 0.5359375 0.9125 0.015625 0.0265625
0 0.5515625 0.84296875 0.0109375 0.0140625
0 0.5796875 0.890625 0.0125 0.0171875
0 0.52421875 0.79453125 0.0140625 0.015625
0 0.4640625 0.7234375 0.0171875 0.0203125
0 0.52734375 0.7421875 0.0125 0.01875
0 0.48984375 0.68125 0.0140625 0.0125
0 0.4703125 0.67890625 0.0125 0.0171875
0 0.48125 0.70546875 0.0109375 0.0140625
0 0.4625 0.60390625 0.0140625 0.015625
0 0.48515625 0.58359375 0.0140625 0.015625
0 0.5046875 0.5890625 0.0125 0.0140625
0 0.50859375 0.60859375 0.0140625 0.0125
0 0.5328125 0.628125 0.0109375 0.03125
0 0.5125 0.659375 0.0140625 0.0171875
0 0.528125 0.68125 0.0171875 0.015625
0 0.5453125 0.6625 0.0125 0.0125
0 0.57734375 0.66953125 0.009375 0.015625
0 0.58515625 0.65703125 0.009375 0.0125
0 0.60078125 0.6828125 0.0171875 0.01875
0 0.5765625 0.68984375 0.0109375 0.0125
0 0.53828125 0.69453125 0.0140625 0.0234375
0 0.559375 0.7109375 0.0140625 0.0234375
0 0.57734375 0.72109375 0.0140625 0.01875
0 0.60625 0.75859375 0.0484375 0.034375
0 0.6203125 0.79375 0.01875 0.0171875
0 0.64609375 0.81953125 0.03125 0.0359375
0 0.64140625 0.8515625 0.01875 0.025
0 0.66171875 0.85625 0.0140625 0.0140625
0 0.63359375 0.74765625 0.0125 0.01875
0 0.5375 0.58359375 0.0140625 0.01875
0 0.50859375 0.53359375 0.009375 0.01875
0 0.4859375 0.53671875 0.0125 0.015625
0 0.4546875 0.5375 0.009375 0.0109375
0 0.46015625 0.46328125 0.0140625 0.015625
0 0.4734375 0.40234375 0.0171875 0.01875
0 0.57265625 0.484375 0.0140625 0.0140625
0 0.59765625 0.5609375 0.0328125 0.0375
0 0.70390625 0.646875 0.01875 0.015625
0 0.6953125 0.665625 0.0140625 0.01875
0 0.7 0.69375 0.0125 0.015625
0 0.703125 0.71171875 0.0125 0.0171875
0 0.7328125 0.70234375 0.025 0.0234375
0 0.7671875 0.775 0.028125 0.025
0 0.475 0.31328125 0.0125 0.0125
0 0.53671875 0.309375 0.009375 0.0140625
0 0.55234375 0.3328125 0.0125 0.0125
0 0.56875 0.34765625 0.0125 0.0140625
0 0.59453125 0.3828125 0.0125 0.0125
0 0.6109375 0.4015625 0.0296875 0.0171875
0 0.64921875 0.3921875 0.015625 0.0140625
0 0.6578125 0.4625 0.021875 0.025
0 0.7046875 0.47421875 0.0265625 0.0234375
0 0.73671875 0.5015625 0.0234375 0.0328125
0 0.7734375 0.56171875 0.0296875 0.0234375
0 0.7625 0.61796875 0.03125 0.01875
0 0.815625 0.63984375 0.01875 0.0203125
0 0.77890625 0.42109375 0.03125 0.0328125
0 0.7953125 0.48125 0.01875 0.021875
0 0.81640625 0.52265625 0.01875 0.01875
0 0.86484375 0.5671875 0.034375 0.0234375
0 0.67265625 0.375 0.0125 0.0140625
0 0.6453125 0.340625 0.0234375 0.0109375
0 0.615625 0.25703125 0.0140625 0.0171875
0 0.66484375 0.21953125 0.0171875 0.0125
0 0.72265625 0.28125 0.0109375 0.009375
0 0.76171875 0.2875 0.021875 0.0140625
0 0.73984375 0.29609375 0.015625 0.0171875
0 0.7640625 0.3140625 0.0125 0.015625
0 0.8109375 0.35234375 0.009375 0.0140625
0 0.8453125 0.3921875 0.0078125 0.0390625
0 0.85546875 0.43203125 0.0109375 0.0171875
0 0.79921875 0.28671875 0.0234375 0.021875
0 0.76484375 0.26328125 0.0125 0.0140625
0 0.74375 0.234375 0.0328125 0.01875
0 0.79921875 0.15078125 0.01875 0.0140625
0 0.81875 0.16640625 0.0125 0.0125
0 0.82265625 0.13125 0.03125 0.025
0 0.78671875 0.13671875 0.0140625 0.0125
0 0.8375 0.1625 0.0125 0.015625
0 0.85625 0.16796875 0.0125 0.009375
0 0.87578125 0.184375 0.0109375 0.015625
0 0.6484375 0.0609375 0.01875 0.0125
0 0.5609375 0.07734375 0.0203125 0.0140625
0 0.60546875 0.2109375 0.0171875 0.0140625
0 0.55390625 0.1375 0.0171875 0.009375
0 0.2609375 0.2328125 0.015625 0.015625
0 0.18671875 0.26484375 0.0171875 0.0125
0 0.17890625 0.2265625 0.0140625 0.009375