0 0.0796875 0.7234375 0.0328125 0.0265625
0 0.2171875 0.990625 0.021875 0.01875
0 0.19921875 0.8703125 0.01875 0.025
0 0.21171875 0.83671875 0.0203125 0.034375
0 0.15546875 0.7796875 0.0171875 0.01875
0 0.1234375 0.73203125 0.0203125 0.034375
0 0.22890625 0.72109375 0.0203125 0.0203125
0 0.17578125 0.69453125 0.028125 0.021875
0 0.08203125 0.678125 0.0234375 0.028125
0 0.059375 0.64375 0.0203125 0.0203125
0 0.034375 0.61015625 0.01875 0.0203125
0 0.10234375 0.5671875 0.015625 0.015625
0 0.14296875 0.5640625 0.0328125 0.0234375
0 0.1859375 0.62109375 0.0140625 0.015625
0 0.18203125 0.64296875 0.021875 0.0234375
0 0.11171875 0.53125 0.021875 0.0265625
0 0.15078125 0.52265625 0.0265625 0.0234375
0 0.06484375 0.45234375 0.0203125 0.0203125
0 0.03359375 0.4390625 0.0375 0.0296875
0 0.034375 0.51484375 0.021875 0.034375
0 0.05390625 0.49453125 0.0203125 0.0140625
0 0.0078125 0.44375 0.015625 0.01875
0 0.0359375 0.2796875 0.028125 0.03125
0 0.02734375 0.20234375 0.01875 0.0203125
0 0.00859375 0.14921875 0.0171875 0.0234375
0 0.04609375 0.1953125 0.021875 0.021875
0 0.00703125 0.12421875 0.0140625 0.0171875
0 0.0109375 0.10703125 0.021875 0.0203125
0 0.05 0.14921875 0.0203125 0.01875
0 0.04453125 0.16484375 0.0109375 0.015625
0 0.03203125 0.240625 0.021875 0.0203125
0 0.0578125 0.33984375 0.0203125 0.01875
0 0.06796875 0.3546875 0.021875 0.01875
0 0.0625 0.4015625 0.021875 0.01875
0 0.1140625 0.396875 0.0296875 0.03125
0 0.11796875 0.36796875 0.0296875 0.0234375
0 0.0875 0.303125 0.03125 0.028125
0 0.12578125 0.49765625 0.0203125 0.0265625
0 0.19140625 0.4890625 0.0265625 0.0328125
0 0.215625 0.44609375 0.01875 0.015625
0 0.2515625 0.46328125 0.0265625 0.025
0 0.2640625 0.496875 0.0234375 0.0234375
0 0.22734375 0.50859375 0.0171875 0.0171875
0 0.18984375 0.5359375 0.01875 0.0203125
0 0.203125 0.6703125 0.021875 0.0171875
0 0.21640625 0.6859375 0.0234375 0.015625
0 0.31015625 0.625 0.0328125 0.0296875
0 0.33359375 0.825 0.025 0.0328125
0 0.33515625 0.85234375 0.0203125 0.01875
0 0.34375 0.734375 0.0203125 0.021875
0 0.30390625 0.7296875 0.01875 0.021875
0 0.28828125 0.58515625 0.0234375 0.01875
0 0.35703125 0.61875 0.0203125 0.0203125
0 0.13984375 0.425 0.0171875 0.015625
0 0.07734375 0.14296875 0.0125 0.0125
0 0.10703125 0.13984375 0.01875 0.01875
0 0.090625 0.15625 0.0140625 0.021875
0 0.07890625 0.178125 0.0203125 0.01875
0 0.08046875 0.22578125 0.015625 0.0265625
0 0.10390625 0.2421875 0.0296875 0.015625
0 0.1359375 0.25390625 0.0265625 0.0328125
0 0.15234375 0.2765625 0.0171875 0.015625
0 0.15859375 0.3015625 0.015625 0.015625
0 0.20390625 0.3421875 0.0140625 0.0140625
0 0.23046875 0.3609375 0.0203125 0.0171875
0 0.27265625 0.4296875 0.0265625 0.01875
0 0.30625 0.42421875 0.0296875 0.0359375
0 0.36484375 0.4796875 0.0296875 0.021875
0 0.31484375 0.48046875 0.015625 0.015625
0 0.36484375 0.496875 0.0171875 0.0171875
0 0.3375 0.45546875 0.0171875 0.0171875
0 0.2578125 0.38515625 0.0296875 0.0203125
0 0.359375 0.51328125 0.015625 0.0171875
0 0.40703125 0.54765625 0.0140625 0.015625
0 0.43046875 0.5578125 0.01875 0.015625
0 0.3953125 0.50625 0.025 0.028125
0 0.41796875 0.57734375 0.015625 0.01875
0 0.34296875 0.55703125 0.025 0.0171875
0 0.4375 0.5875 0.015625 0.015625
0 0.44609375 0.609375 0.0171875 0.015625
0 0.45859375 0.60234375 0.0171875 0.015625
0 0.48515625 0.64375 0.021875 0.015625
0 0.4265625 0.52734375 0.0203125 0.01875
0 0.4484375 0.54375 0.009375 0.0140625
0 0.46640625 0.5640625 0.0125 0.0140625
0 0.48359375 0.5875 0.028125 0.0109375
0 0.4921875 0.603125 0.0140625 0.015625
0 0.51484375 0.61171875 0.0171875 0.0171875
0 0.5453125 0.6921875 0.0109375 0.0125
0 0.5828125 0.67265625 0.01875 0.01875
0 0.56953125 0.721875 0.015625 0.01875
0 0.5921875 0.69921875 0.0140625 0.0140625
0 0.61953125 0.70859375 0.021875 0.015625
0 0.6125 0.7484375 0.01875 0.0125
0 0.67421875 0.76796875 0.0125 0.0109375
0 0.76640625 0.75234375 0.0203125 0.025
0 0.709375 0.68203125 0.0140625 0.0109375
0 0.6828125 0.6515625 0.0234375 0.021875
0 0.69453125 0.63515625 0.0125 0.0140625
0 0.6671875 0.63359375 0.0125 0.0109375
0 0.6578125 0.61640625 0.015625 0.0140625
0 0.67109375 0.60703125 0.015625 0.0140625
0 0.6453125 0.58359375 0.01875 0.01875
0 0.63046875 0.56484375 0.015625 0.0140625
0 0.61796875 0.553125 0.0140625 0.0109375
0 0.609375 0.54296875 0.0140625 0.0078125
0 0.5609375 0.61171875 0.0125 0.0125
0 0.6203125 0.61640625 0.0125 0.0140625
0 0.525 0.58984375 0.0125 0.0140625
0 0.5609375 0.5875 0.0125 0.0125
0 0.546875 0.59375 0.0125 0.0125
0 0.5484375 0.53828125 0.01875 0.0203125
0 0.52421875 0.56171875 0.0125 0.0109375
0 0.50703125 0.55390625 0.01875 0.0203125
0 0.546875 0.4953125 0.0171875 0.0171875
0 0.521875 0.496875 0.015625 0.015625
0 0.4390625 0.51640625 0.0125 0.015625
0 0.46171875 0.52109375 0.0234375 0.0265625
0 0.47578125 0.5515625 0.0171875 0.015625
0 0.49609375 0.46953125 0.0171875 0.0171875
0 0.50390625 0.44765625 0.015625 0.0140625
0 0.46953125 0.41171875 0.0203125 0.0140625
0 0.45234375 0.43046875 0.0125 0.015625
0 0.3765625 0.4515625 0.0234375 0.015625
0 0.43046875 0.47421875 0.0140625 0.015625
0 0.34765625 0.3984375 0.021875 0.0203125
0 0.36875 0.315625 0.03125 0.0171875
0 0.39140625 0.33046875 0.0390625 0.034375
0 0.421875 0.32734375 0.0171875 0.0171875
0 0.2859375 0.31015625 0.0296875 0.034375
0 0.28515625 0.3703125 0.015625 0.0140625
0 0.18359375 0.2390625 0.025 0.0171875
0 0.1859375 0.25859375 0.0171875 0.0140625
0 0.19296875 0.27734375 0.0171875 0.0125
0 0.2234375 0.27734375 0.0234375 0.0171875
0 0.20390625 0.28984375 0.0171875 0.0125
0 0.10625 0.203125 0.028125 0.0234375
0 0.12734375 0.225 0.021875 0.015625
0 0.1515625 0.22109375 0.0171875 0.0140625
0 0.1375 0.1671875 0.0171875 0.015625
0 0.04453125 0.12578125 0.021875 0.0109375
0 0.103125 0.109375 0.0171875 0.0171875
0 0.12890625 0.10703125 0.0203125 0.025
0 0.14609375 0.0875 0.01875 0.0203125
0 0.16328125 0.075 0.0140625 0.0125
0 0.175 0.12109375 0.0203125 0.01875
0 0.171875 0.165625 0.015625 0.0140625
0 0.1578125 0.1859375 0.01875 0.0171875
0 0.1921875 0.13515625 0.015625 0.0140625
0 0.2109375 0.1390625 0.0140625 0.0140625
0 0.21875 0.159375 0.015625 0.01875
0 0.21640625 0.1875 0.021875 0.03125
0 0.25703125 0.209375 0.01875 0.0171875
0 0.23125 0.22265625 0.021875 0.0203125
0 0.2421875 0.2515625 0.0171875 0.015625
0 0.2875 0.2390625 0.0140625 0.0171875
0 0.22734375 0.1421875 0.009375 0.0125
0 0.271875 0.0546875 0.0234375 0.0171875
0 0.303125 0.1203125 0.0234375 0.01875
0 0.27890625 0.1234375 0.015625 0.0203125
0 0.24609375 0.15546875 0.009375 0.015625
0 0.309375 0.18125 0.0140625 0.0171875
0 0.30546875 0.05859375 0.0125 0.0109375
0 0.396875 0.20703125 0.025 0.025
0 0.36953125 0.21484375 0.015625 0.0203125
0 0.33203125 0.2578125 0.01875 0.0203125
0 0.34921875 0.2828125 0.021875 0.0265625
0 0.4953125 0.29140625 0.0140625 0.0171875
0 0.43671875 0.23515625 0.025 0.0171875
0 0.43671875 0.28203125 0.0140625 0.0140625
0 0.52890625 0.32265625 0.028125 0.025
0 0.54609375 0.36640625 0.028125 0.0203125
0 0.49921875 0.403125 0.0171875 0.0171875
0 0.53671875 0.43515625 0.01875 0.0171875
0 0.51484375 0.43515625 0.015625 0.0140625
0 0.55234375 0.478125 0.0140625 0.0140625
0 0.62421875 0.4296875 0.025 0.021875
0 0.68671875 0.48046875 0.0203125 0.0171875
0 0.696875 0.509375 0.0140625 0.0140625
0 0.67109375 0.440625 0.03125 0.03125
0 0.56640625 0.340625 0.0171875 0.0171875
0 0.540625 0.296875 0.0140625 0.009375
0 0.4828125 0.26015625 0.0171875 0.0140625
0 0.73125 0.41171875 0.0203125 0.015625
0 0.7171875 0.46875 0.0140625 0.0109375
0 0.75390625 0.515625 0.0203125 0.01875
0 0.78359375 0.52421875 0.0171875 0.0171875
0 0.825 0.50703125 0.0140625 0.0140625
0 0.8046875 0.55859375 0.0140625 0.0140625
0 0.85625 0.59609375 0.0296875 0.03125
0 0.8875 0.628125 0.015625 0.0109375
0 0.9203125 0.65078125 0.01875 0.0140625
0 0.98125 0.69453125 0.0171875 0.015625
0 0.92265625 0.47578125 0.0234375 0.0203125
0 0.990625 0.5203125 0.01875 0.015625
0 0.89765625 0.440625 0.0171875 0.0125
0 0.88125 0.41796875 0.0203125 0.01875
0 0.8359375 0.40078125 0.0140625 0.0125
0 0.878125 0.371875 0.0171875 0.0171875
0 0.8234375 0.3390625 0.025 0.0234375
0 0.84375 0.35859375 0.0171875 0.01875
0 0.7875 0.30703125 0.025 0.025
0 0.8234375 0.31171875 0.0125 0.0109375
0 0.7125 0.35625 0.01875 0.0203125
0 0.71875 0.275 0.03125 0.03125
0 0.671875 0.26171875 0.021875 0.0203125
0 0.6328125 0.271875 0.01875 0.0234375
0 0.63359375 0.16953125 0.021875 0.01875
0 0.61953125 0.19453125 0.01875 0.0171875
0 0.571875 0.18046875 0.0203125 0.01875
0 0.58359375 0.15703125 0.0140625 0.0140625
0 0.57890625 0.125 0.0140625 0.01875
0 0.584375 0.109375 0.0125 0.0125
0 0.5984375 0.12890625 0.01875 0.0140625
0 0.5515625 0.1375 0.025 0.0359375
0 0.48203125 0.10390625 0.0125 0.0140625
0 0.48671875 0.08671875 0.0109375 0.0109375
0 0.428125 0.04140625 0.0171875 0.01875
0 0.45859375 0.03125 0.0203125 0.015625
0 0.5265625 0.05 0.0125 0.0125
0 0.5640625 0.08203125 0.0171875 0.0140625
0 0.43984375 0.16171875 0.0125 0.0109375
0 0.5890625 0.03203125 0.025 0.0234375
0 0.7296875 0.00390625 0.0125 0.0078125
0 0.79296875 0.00703125 0.0140625 0.0140625
0 0.825 0.0296875 0.0125 0.0109375
0 0.8359375 0.05078125 0.0171875 0.0171875