0 0.3921875 0.59375 0.0296875 0.0390625
0 0.36796875 0.65 0.02578125 0.02109375
0 0.35546875 0.690625 0.04296875 0.03125
0 0.31484375 0.58984375 0.02421875 0.021875
0 0.3921875 0.4078125 0.02578125 0.0265625
0 0.78515625 0.52421875 0.15859375 0.29296875
0 0.6109375 0.25078125 0.0765625 0.0453125
0 0.14375 0.43046875 0.02578125 0.04375
0 0.1203125 0.56953125 0.028125 0.046875
1 0.35078125 0.3296875 0.02578125 0.0859375
1 0.07734375 0.32734375 0.0203125 0.05859375
1 0.2359375 0.47265625 0.03203125 0.08828125
1 0.8953125 0.26640625 0.02421875 0.07109375
0 0.48671875 0.31171875 0.01015625 0.0078125
0 0.50390625 0.303125 0.01015625 0.00546875
0 0.5125 0.28828125 0.0078125 0.00625
0 0.50546875 0.27421875 0.01015625 0.00546875
0 0.4890625 0.28203125 0.0078125 0.00625
0 0.4890625 0.28984375 0.00859375 0.00546875
0 0.55078125 0.33671875 0.0078125 0.00546875
0 0.503125 0.31640625 0.01171875 0.0046875
0 0.5328125 0.3578125 0.0109375 0.00703125
0 0.57734375 0.37421875 0.01171875 0.00625
0 0.61171875 0.39609375 0.0078125 0.00546875