0 0.33984375 0.22734375 0.0375 0.0375
0 0.3578125 0.26953125 0.0390625 0.021875
0 0.3421875 0.28671875 0.021875 0.021875
0 0.315625 0.26328125 0.021875 0.0203125
0 0.3046875 0.29296875 0.0328125 0.0296875
0 0.31328125 0.32265625 0.0265625 0.025
0 0.275 0.22265625 0.0421875 0.034375
0 0.32265625 0.1578125 0.025 0.0265625
0 0.35703125 0.17421875 0.01875 0.0234375
0 0.3625 0.14375 0.01875 0.0203125
0 0.52421875 0.221875 0.0171875 0.021875
0 0.58125 0.171875 0.015625 0.01875
0 0.56875 0.23515625 0.01875 0.0296875
0 0.50546875 0.290625 0.028125 0.03125
0 0.3015625 0.359375 0.025 0.0203125
0 0.63984375 0.2375 0.0125 0.009375
0 0.6421875 0.2125 0.0125 0.0125
0 0.68203125 0.22421875 0.0125 0.0125
0 0.70546875 0.19453125 0.0109375 0.0125
0 0.65 0.25546875 0.015625 0.009375
0 0.60546875 0.2578125 0.0125 0.0125
0 0.5921875 0.28515625 0.0125 0.0140625
0 0.55859375 0.2953125 0.0234375 0.0109375
0 0.63046875 0.42578125 0.025 0.0203125
0 0.71484375 0.36015625 0.0125 0.0125
0 0.67421875 0.284375 0.0125 0.0140625
0 0.7140625 0.2390625 0.0140625 0.0109375
0 0.57734375 0.4453125 0.025 0.0109375
0 0.6984375 0.4078125 0.034375 0.0265625
0 0.6609375 0.546875 0.0125 0.0171875
0 0.77421875 0.2453125 0.0140625 0.01875
0 0.79375 0.33515625 0.0125 0.0109375
0 0.94609375 0.2953125 0.0109375 0.0125
0 0.78984375 0.496875 0.021875 0.015625
0 0.78046875 0.5671875 0.01875 0.0109375
0 0.884375 0.546875 0.0140625 0.0140625
0 0.5890625 0.5453125 0.0109375 0.0140625
0 0.6671875 0.67578125 0.0234375 0.01875
0 0.58203125 0.76875 0.015625 0.0109375
0 0.2203125 0.28125 0.0171875 0.01875
0 0.3078125 0.4796875 0.01875 0.0203125
0 0.3625 0.51640625 0.01875 0.0203125
0 0.4109375 0.53125 0.01875 0.0234375
0 0.31640625 0.6375 0.01875 0.015625
0 0.290625 0.6609375 0.01875 0.015625
0 0.4140625 0.70703125 0.0171875 0.025
0 0.3171875 0.77265625 0.0203125 0.01875
0 0.36171875 0.79609375 0.015625 0.0171875
0 0.29375 0.853125 0.0171875 0.021875
0 0.3984375 0.88125 0.0234375 0.021875
0 0.40859375 0.8296875 0.0171875 0.0140625
0 0.4125 0.93828125 0.0203125 0.0203125
1 0.725 0.47421875 0.0515625 0.0140625
1 0.609375 0.48203125 0.05 0.021875
1 0.35625 0.40625 0.0578125 0.025