0 0.2125 0.47890625 0.03046875 0.03046875
0 0.0796875 0.21953125 0.02421875 0.03203125
0 0.0640625 0.2359375 0.02421875 0.01640625
0 0.03984375 0.2625 0.02421875 0.02109375
0 0.015625 0.2875 0.02109375 0.02578125
0 0.178125 0.1328125 0.02421875 0.02734375
0 0.1984375 0.11953125 0.02578125 0.02265625
0 0.13203125 0.05703125 0.0203125 0.02265625
0 0.1421875 0.02578125 0.0203125 0.00859375
0 0.16640625 0.0046875 0.0171875 0.009375
0 0.04921875 0.17578125 0.01640625 0.0140625
0 0.053125 0.20390625 0.01640625 0.01640625
0 0.08125 0.1921875 0.01171875 0.01328125
0 0.1390625 0.17109375 0.01875 0.0140625
0 0.21796875 0.1015625 0.01640625 0.0203125
0 0.2265625 0.0890625 0.01484375 0.0171875
0 0.23984375 0.08203125 0.01640625 0.01171875
0 0.25859375 0.05 0.01875 0.01484375
0 0.32109375 0.00859375 0.0203125 0.0171875
0 0.1375 0.30546875 0.02265625 0.01484375
0 0.15625 0.27578125 0.02265625 0.01875
0 0.1625 0.23984375 0.01640625 0.01015625
0 0.2203125 0.20625 0.0203125 0.01484375
0 0.25 0.1703125 0.02421875 0.01640625
0 0.265625 0.146875 0.02265625 0.0171875
0 0.27109375 0.13515625 0.01640625 0.01640625
0 0.28984375 0.12734375 0.01640625 0.0109375
0 0.3140625 0.0890625 0.021875 0.01328125
0 0.34375 0.0671875 0.01484375 0.01015625
0 0.365625 0.04453125 0.01953125 0.01484375
0 0.3765625 0.03515625 0.01484375 0.0140625
0 0.009375 0.5984375 0.0140625 0.0109375
0 0.00625 0.578125 0.01171875 0.0140625
0 0.0375 0.571875 0.0140625 0.01484375
0 0.02265625 0.5546875 0.01015625 0.00625
0 0.04296875 0.54375 0.01015625 0.01328125
0 0.0421875 0.5265625 0.01640625 0.01328125
0 0.06796875 0.5015625 0.0140625 0.0171875
0 0.0890625 0.50234375 0.01328125 0.0109375
0 0.1015625 0.48671875 0.01875 0.0140625
0 0.10859375 0.46640625 0.0140625 0.01328125
0 0.1390625 0.44375 0.02734375 0.0171875
0 0.1375 0.4265625 0.0203125 0.01953125
0 0.15390625 0.43046875 0.01875 0.01328125
0 0.16875 0.4125 0.02421875 0.0140625
0 0.18671875 0.3609375 0.01484375 0.01953125
0 0.21015625 0.3359375 0.01484375 0.0109375
0 0.246875 0.328125 0.01484375 0.01484375
0 0.26875 0.30234375 0.02421875 0.0171875
0 0.2578125 0.28515625 0.0171875 0.01875
0 0.290625 0.2796875 0.01875 0.01484375
0 0.38203125 0.1640625 0.01875 0.0203125
0 0.028125 0.965625 0.01875 0.01484375
0 0.05078125 0.94921875 0.0171875 0.01484375
0 0.0703125 0.87734375 0.0203125 0.0140625
0 0.06875 0.84140625 0.02265625 0.0171875
0 0.10078125 0.83046875 0.021875 0.03125
0 0.103125 0.79140625 0.01875 0.0140625
0 0.1234375 0.77109375 0.0140625 0.01484375
0 0.15546875 0.79296875 0.0171875 0.0171875
0 0.17265625 0.7265625 0.02421875 0.0171875
0 0.13125 0.66796875 0.01640625 0.01171875
0 0.15703125 0.4953125 0.02734375 0.01875
0 0.23203125 0.41015625 0.01953125 0.03046875
0 0.2765625 0.365625 0.01484375 0.01640625
0 0.32265625 0.33125 0.0171875 0.01171875
0 0.29296875 0.3640625 0.02265625 0.0328125
0 0.4125 0.228125 0.021875 0.0203125
0 0.36171875 0.33515625 0.01640625 0.01171875
0 0.3390625 0.371875 0.01953125 0.021875
0 0.36796875 0.3921875 0.02265625 0.01640625
0 0.3953125 0.29453125 0.0140625 0.025
0 0.3765625 0.275 0.01875 0.025
0 0.42578125 0.25625 0.0359375 0.01640625
0 0.50546875 0.12578125 0.01484375 0.0109375
0 0.45703125 0.075 0.02734375 0.0171875
0 0.5421875 0.1015625 0.02265625 0.02265625
0 0.44453125 0.20234375 0.0140625 0.0171875
0 0.3390625 0.4328125 0.02578125 0.01328125
0 0.31328125 0.60390625 0.04140625 0.01640625
0 0.325 0.60625 0.01171875 0.0421875
0 0.38203125 0.53046875 0.01640625 0.01875
0 0.24921875 0.81875 0.01640625 0.01171875
0 0.375 0.65625 0.01484375 0.01328125
0 0.35078125 0.70625 0.0125 0.0125
0 0.428125 0.56171875 0.01328125 0.0140625
0 0.43984375 0.53828125 0.01796875 0.01484375
0 0.246875 0.565625 0.025 0.021875
0 0.25390625 0.8671875 0.0359375 0.01953125
0 0.38515625 0.73984375 0.028125 0.0265625
0 0.55546875 0.2359375 0.021875 0.02109375
0 0.5890625 0.24921875 0.01796875 0.01484375
0 0.434375 0.72890625 0.02109375 0.025
0 0.44453125 0.80546875 0.01953125 0.02109375
0 0.53203125 0.60625 0.021875 0.0234375
0 0.50703125 0.49296875 0.02109375 0.021875
0 0.51484375 0.71875 0.01796875 0.01640625
0 0.521875 0.69921875 0.01171875 0.01328125
0 0.478125 0.82734375 0.025 0.01796875
0 0.54140625 0.43125 0.02109375 0.025
0 0.5703125 0.365625 0.028125 0.025
0 0.63984375 0.509375 0.021875 0.025
0 0.7125 0.5125 0.03671875 0.025
0 0.6546875 0.46171875 0.021875 0.01953125
0 0.6515625 0.54765625 0.01953125 0.0296875
0 0.7296875 0.4515625 0.01796875 0.021875
0 0.8859375 0.44609375 0.01953125 0.0265625
0 0.87421875 0.471875 0.01953125 0.01796875
0 0.75625 0.3359375 0.0265625 0.021875
0 0.71484375 0.321875 0.01484375 0.02109375
0 0.8765625 0.2703125 0.0265625 0.034375
0 0.971875 0.3546875 0.01953125 0.0234375
0 0.94921875 0.246875 0.03828125 0.034375
0 0.70234375 0.41015625 0.01953125 0.01640625
0 0.884375 0.36171875 0.0265625 0.0234375
0 0.73984375 0.24140625 0.01484375 0.021875
0 0.76953125 0.52734375 0.02109375 0.01953125
0 0.82421875 0.484375 0.01953125 0.01953125
0 0.925 0.12421875 0.025 0.025