1 0.0328125 0.375 0.03125 0.053125
1 0.2234375 0.4421875 0.0375 0.0703125
1 0.11328125 0.496875 0.0296875 0.0484375
1 0.35078125 0.24609375 0.0390625 0.0671875
0 0.20078125 0.353125 0.078125 0.071875
0 0.1484375 0.3265625 0.0375 0.0546875
0 0.071875 0.4265625 0.0625 0.040625
0 0.14453125 0.415625 0.065625 0.046875
0 0.28359375 0.54375 0.0546875 0.0484375
0 0.31484375 0.3734375 0.0296875 0.034375
0 0.36953125 0.39453125 0.0546875 0.0765625
0 0.284375 0.1703125 0.05 0.0671875
0 0.15703125 0.215625 0.0671875 0.06875
0 0.040625 0.23125 0.046875 0.065625
0 0.53359375 0.24921875 0.071875 0.0609375
0 0.46875 0.628125 0.040625 0.0515625
0 0.48359375 0.68125 0.05 0.04375
0 0.58671875 0.71875 0.0453125 0.05
0 0.67109375 0.72421875 0.078125 0.06875
0 0.57109375 0.57890625 0.06875 0.059375
0 0.73203125 0.61171875 0.071875 0.071875
0 0.29921875 0.853125 0.1046875 0.0640625
0 0.0671875 0.63125 0.04375 0.0453125
0 0.05546875 0.66640625 0.0546875 0.040625
0 0.0921875 0.70703125 0.078125 0.0578125