0 0.23515625 0.32109375 0.0296875 0.034375
0 0.16484375 0.31328125 0.0328125 0.0265625
0 0.15234375 0.353125 0.0234375 0.0265625
0 0.18515625 0.34140625 0.0234375 0.021875
0 0.26953125 0.29140625 0.01875 0.01875
0 0.28671875 0.33359375 0.01875 0.0296875
0 0.296875 0.27734375 0.025 0.021875
0 0.33203125 0.2828125 0.021875 0.021875
0 0.36640625 0.265625 0.021875 0.01875
0 0.48984375 0.2609375 0.021875 0.01875
0 0.52890625 0.31015625 0.021875 0.021875
0 0.55703125 0.359375 0.0171875 0.021875
0 0.6703125 0.221875 0.028125 0.0265625
0 0.65234375 0.25078125 0.0203125 0.0234375
0 0.73046875 0.33671875 0.0234375 0.0296875
0 0.7859375 0.2359375 0.0171875 0.01875
0 0.8578125 0.3234375 0.01875 0.0296875
0 0.71640625 0.1515625 0.0203125 0.0203125
0 0.90703125 0.30625 0.01875 0.0234375
0 0.86796875 0.203125 0.0265625 0.0234375
0 0.32421875 0.4765625 0.03125 0.028125
0 0.2109375 0.57109375 0.0171875 0.0171875
0 0.26015625 0.63125 0.0234375 0.0234375
0 0.284375 0.6265625 0.0203125 0.0171875
0 0.3078125 0.63359375 0.01875 0.0234375
0 0.325 0.57109375 0.021875 0.0171875
0 0.303125 0.58828125 0.0171875 0.0203125
0 0.47109375 0.59453125 0.028125 0.0296875
0 0.334375 0.65390625 0.01875 0.01875
0 0.2953125 0.7 0.0171875 0.0171875
0 0.31015625 0.75859375 0.0234375 0.0234375
0 0.384375 0.7015625 0.0296875 0.028125
0 0.60078125 0.609375 0.03125 0.0265625
0 0.5640625 0.7484375 0.040625 0.0296875
0 0.575 0.7859375 0.0296875 0.028125
0 0.6359375 0.72890625 0.0265625 0.0265625
0 0.75234375 0.5765625 0.021875 0.0265625
0 0.6375 0.471875 0.01875 0.01875
0 0.63046875 0.8390625 0.0234375 0.0265625
0 0.3765625 0.928125 0.0234375 0.021875
0 0.31328125 0.81875 0.025 0.0234375
1 0.403125 0.3390625 0.0375 0.04375
1 0.3625 0.39921875 0.040625 0.034375
1 0.6375 0.5375 0.0328125 0.03125