0 0.16015625 0.12890625 0.046875 0.0375
0 0.32734375 0.23203125 0.0859375 0.059375
0 0.30390625 0.328125 0.08125 0.0703125
0 0.36953125 0.5203125 0.0875 0.05625
0 0.59453125 0.26015625 0.05625 0.071875
0 0.6765625 0.2640625 0.065625 0.05625
0 0.6359375 0.41015625 0.0515625 0.0734375
0 0.61875 0.00859375 0.071875 0.0171875
0 0.8 0.18203125 0.05625 0.0515625
0 0.86640625 0.27421875 0.0859375 0.0625
0 0.94765625 0.18125 0.0375 0.0359375
0 0.80234375 0.51640625 0.04375 0.05625
0 0.6765625 0.7125 0.0375 0.0203125
0 0.6078125 0.7 0.0171875 0.01875
0 0.7265625 0.71953125 0.0203125 0.01875
1 0.4953125 0.58515625 0.0421875 0.0453125
1 0.38125 0.40625 0.0296875 0.0453125
1 0.7296875 0.403125 0.0328125 0.0734375
1 0.740625 0.53515625 0.0328125 0.046875
1 0.57890625 0.09375 0.028125 0.05
1 0.26875 0.0703125 0.0359375 0.0375
0 0.66640625 0.1609375 0.0265625 0.021875