1 0.06796875 0.8 0.034375 0.0296875
1 0.23671875 0.3703125 0.015625 0.08828125
1 0.4453125 0.1140625 0.021875 0.05859375
1 0.41953125 0.35078125 0.0140625 0.06875
1 0.4296875 0.59609375 0.01171875 0.07265625
1 0.509375 0.5125 0.01171875 0.1140625
1 0.78046875 0.18515625 0.0171875 0.0609375
1 0.65859375 0.17265625 0.0171875 0.08671875
1 0.68671875 0.40859375 0.01328125 0.0828125
1 0.825 0.0984375 0.021875 0.08671875
1 0.93671875 0.2328125 0.01328125 0.0609375
1 0.97265625 0.28984375 0.015625 0.0453125
1 0.7875 0.46328125 0.01953125 0.05078125
0 0.19765625 0.28359375 0.0109375 0.0375
0 0.21171875 0.42265625 0.0125 0.046875
0 0.18984375 0.40390625 0.0140625 0.0390625
0 0.23125 0.534375 0.015625 0.0453125
0 0.2109375 0.24453125 0.0078125 0.02578125
0 0.16484375 0.02578125 0.00703125 0.0234375
0 0.1640625 0.07734375 0.009375 0.01796875
0 0.2265625 0.80078125 0.0109375 0.0296875
0 0.24921875 0.784375 0.01171875 0.03828125
0 0.3609375 0.51640625 0.01015625 0.0625
0 0.3859375 0.53046875 0.009375 0.05078125
0 0.378125 0.653125 0.009375 0.05546875
0 0.3984375 0.709375 0.00546875 0.0421875
0 0.43046875 0.67578125 0.00390625 0.034375
0 0.39765625 0.21875 0.01484375 0.04921875
0 0.4234375 0.1984375 0.0078125 0.06953125
0 0.45703125 0.03046875 0.01015625 0.05859375
0 0.36015625 0.075 0.009375 0.01953125
0 0.378125 0.83828125 0.0109375 0.04921875
0 0.503125 0.87421875 0.03828125 0.00859375
0 0.415625 0.51171875 0.00703125 0.0421875
0 0.53515625 0.2953125 0.00234375 0.04453125
0 0.53515625 0.3625 0.0109375 0.01796875
0 0.6203125 0.38984375 0.01015625 0.01875
0 0.62890625 0.48515625 0.0078125 0.0359375
0 0.5890625 0.54453125 0.0078125 0.021875
0 0.66484375 0.50625 0.00390625 0.02265625
0 0.721875 0.390625 0.00859375 0.01796875
0 0.81171875 0.3953125 0.01015625 0.01171875
0 0.653125 0.6296875 0.01328125 0.02734375
0 0.6984375 0.61484375 0.0078125 0.0140625
0 0.68359375 0.7609375 0.05859375 0.015625
0 0.81875 0.49453125 0.01171875 0.015625
0 0.84765625 0.47734375 0.0140625 0.01328125