0 0.2984375 0.04296875 0.0875 0.0640625
0 0.3984375 0.19765625 0.1109375 0.078125
0 0.34765625 0.278125 0.084375 0.084375
0 0.328125 0.48203125 0.13125 0.084375
0 0.79140625 0.090625 0.046875 0.0578125
0 0.64140625 0.33125 0.071875 0.078125
0 0.71796875 0.3640625 0.0765625 0.0703125
0 0.62109375 0.4859375 0.08125 0.0953125
0 0.734375 0.64921875 0.0453125 0.053125
0 0.7578125 0.26953125 0.0265625 0.025
0 0.78046875 0.13984375 0.0390625 0.03125
0 0.86796875 0.34296875 0.053125 0.0546875
0 0.88984375 0.44375 0.0921875 0.0703125
0 0.99375 0.3953125 0.0125 0.03125
0 0.99609375 0.128125 0.0078125 0.025
1 0.68828125 0.1703125 0.0453125 0.0875
1 0.4078125 0.06484375 0.0375 0.0578125
1 0.528125 0.10078125 0.040625 0.053125
1 0.40625 0.41796875 0.0515625 0.0859375
1 0.703125 0.52578125 0.040625 0.0703125
1 0.421875 0.5953125 0.053125 0.0828125
1 0.3453125 0.77421875 0.040625 0.0859375
0 0.54140625 0.79296875 0.0390625 0.0265625
0 0.47421875 0.753125 0.0296875 0.01875
0 0.584375 0.81875 0.028125 0.021875