0 0.234375 0.37734375 0.03125 0.025
0 0.27734375 0.35625 0.03125 0.028125
0 0.3625 0.05390625 0.025 0.0234375
0 0.2296875 0.07890625 0.0171875 0.0171875
0 0.25234375 0.0765625 0.01875 0.015625
0 0.2890625 0.071875 0.0453125 0.0203125
0 0.1828125 0.06640625 0.0296875 0.0171875
0 0.1578125 0.10625 0.0265625 0.021875
0 0.14609375 0.121875 0.025 0.01875
0 0.2828125 0.15 0.0296875 0.021875
0 0.24296875 0.16640625 0.015625 0.0203125
0 0.3140625 0.0453125 0.0203125 0.0203125
0 0.39765625 0.0234375 0.0265625 0.01875
0 0.43046875 0.040625 0.0234375 0.021875
0 0.4 0.04765625 0.0125 0.015625
0 0.4421875 0.01484375 0.015625 0.0140625
0 0.5296875 0.03515625 0.0140625 0.0140625
0 0.53828125 0.0171875 0.0140625 0.015625
0 0.5640625 0.034375 0.0203125 0.0203125
0 0.60625 0.0234375 0.01875 0.01875
0 0.57734375 0.0015625 0.0109375 0.003125
0 0.59765625 0.00390625 0.0109375 0.0078125
0 0.67265625 0.021875 0.0265625 0.025
0 0.71640625 0.02109375 0.021875 0.021875
0 0.74921875 0.03515625 0.0265625 0.0203125
0 0.7546875 0.00703125 0.025 0.0140625
0 0.7875 0.00859375 0.015625 0.0171875
0 0.8109375 0.01484375 0.0140625 0.015625
0 0.84375 0.059375 0.0234375 0.0203125
0 0.8734375 0.078125 0.015625 0.0171875
0 0.86484375 0.03515625 0.028125 0.025
0 0.2109375 0.3171875 0.0140625 0.0125
0 0.28125 0.30234375 0.0125 0.0140625
0 0.175 0.33203125 0.0328125 0.0171875
0 0.3828125 0.228125 0.0234375 0.021875
0 0.34609375 0.24453125 0.0140625 0.0109375
0 0.33203125 0.2703125 0.0125 0.009375
0 0.22890625 0.196875 0.0140625 0.0171875
0 0.4140625 0.1890625 0.015625 0.015625
0 0.4140625 0.09609375 0.0125 0.0140625
0 0.11640625 0.3984375 0.025 0.021875
0 0.08359375 0.425 0.0171875 0.0203125
0 0.0640625 0.43515625 0.021875 0.0234375
0 0.0453125 0.44296875 0.0203125 0.0203125
0 0.0234375 0.453125 0.015625 0.01875
0 0.1390625 0.4234375 0.0171875 0.01875
0 0.12265625 0.44609375 0.021875 0.028125
0 0.10390625 0.459375 0.01875 0.0234375
0 0.078125 0.4671875 0.015625 0.028125
0 0.07109375 0.50703125 0.0140625 0.0140625
0 0.0484375 0.521875 0.025 0.0171875
0 0.1046875 0.48828125 0.015625 0.015625
0 0.14921875 0.503125 0.0203125 0.021875
0 0.1765625 0.4859375 0.0203125 0.0203125
0 0.18515625 0.46796875 0.0171875 0.0265625
0 0.196875 0.45546875 0.0171875 0.0203125
0 0.2609375 0.42265625 0.0265625 0.01875
0 0.303125 0.446875 0.025 0.0265625
0 0.21328125 0.48203125 0.0203125 0.0171875
0 0.32890625 0.42734375 0.0203125 0.0234375
0 0.3515625 0.40546875 0.025 0.025
0 0.36953125 0.38984375 0.0203125 0.0171875
0 0.215625 0.54453125 0.015625 0.0171875
0 0.2015625 0.5609375 0.0140625 0.0171875
0 0.24140625 0.5578125 0.01875 0.015625
0 0.19765625 0.5875 0.0375 0.0171875
0 0.1734375 0.65390625 0.025 0.021875
0 0.275 0.59140625 0.015625 0.015625
0 0.27109375 0.55859375 0.021875 0.0203125
0 0.34140625 0.55859375 0.021875 0.021875
0 0.40859375 0.50859375 0.015625 0.0203125
0 0.38984375 0.5078125 0.0203125 0.0234375
0 0.2984375 0.590625 0.01875 0.0140625
0 0.26640625 0.6453125 0.025 0.028125
0 0.275 0.628125 0.021875 0.021875
0 0.34296875 0.5890625 0.025 0.01875
0 0.3578125 0.6203125 0.015625 0.015625
0 0.3890625 0.64921875 0.0171875 0.0171875
0 0.384375 0.6703125 0.01875 0.0171875
0 0.3078125 0.71640625 0.0265625 0.0234375
0 0.225 0.68515625 0.0328125 0.01875
0 0.20234375 0.63359375 0.021875 0.0234375
0 0.23671875 0.6046875 0.021875 0.0171875
0 0.41875 0.60390625 0.01875 0.0203125
0 0.4296875 0.68359375 0.021875 0.028125
0 0.39453125 0.734375 0.0234375 0.021875
0 0.35078125 0.72890625 0.0203125 0.021875
0 0.50859375 0.59375 0.0171875 0.01875
0 0.53203125 0.565625 0.0203125 0.0265625
0 0.63046875 0.5875 0.021875 0.028125
0 0.70859375 0.52890625 0.0296875 0.0296875
0 0.77265625 0.4828125 0.01875 0.0171875
0 0.7546875 0.4453125 0.0203125 0.0203125
0 0.70546875 0.39375 0.0234375 0.0203125
0 0.81171875 0.42734375 0.0203125 0.01875
0 0.840625 0.4875 0.0265625 0.034375
0 0.79296875 0.471875 0.0296875 0.0296875
0 0.73359375 0.3703125 0.015625 0.0140625
0 0.82421875 0.35625 0.021875 0.028125
0 0.878125 0.346875 0.0234375 0.021875
0 0.9375 0.39375 0.03125 0.034375
0 0.98046875 0.4203125 0.0234375 0.0265625
0 0.8890625 0.48671875 0.028125 0.03125
0 0.92734375 0.521875 0.03125 0.034375
0 0.815625 0.52890625 0.025 0.0296875
0 0.78671875 0.54375 0.01875 0.021875
0 0.77265625 0.5203125 0.0234375 0.021875
0 0.7453125 0.5 0.025 0.0203125
0 0.753125 0.41015625 0.009375 0.0125
0 0.7671875 0.371875 0.028125 0.0296875
0 0.64921875 0.52734375 0.0171875 0.0140625
0 0.66640625 0.5125 0.015625 0.0203125
0 0.71796875 0.47734375 0.015625 0.01875
0 0.740625 0.46640625 0.0140625 0.0140625
0 0.71875 0.415625 0.028125 0.0265625
0 0.7640625 0.43359375 0.0125 0.0109375
0 0.665625 0.36328125 0.0140625 0.0171875
0 0.63046875 0.2203125 0.0125 0.015625
0 0.6609375 0.24140625 0.028125 0.0171875
0 0.70625 0.25 0.0125 0.025
0 0.74375 0.26171875 0.0125 0.01875
0 0.77734375 0.28046875 0.01875 0.0296875
0 0.79765625 0.3 0.0109375 0.015625
0 0.8359375 0.31953125 0.0140625 0.021875
0 0.57265625 0.2078125 0.0140625 0.0125