0 0.353125 0.1703125 0.0796875 0.05625
0 0.22109375 0.3625 0.053125 0.034375
0 0.05234375 0.39140625 0.053125 0.0453125
0 0.18984375 0.171875 0.05 0.05
0 0.390625 0.5640625 0.0671875 0.0734375
0 0.3015625 0.67734375 0.0640625 0.078125
0 0.41015625 0.740625 0.065625 0.040625
0 0.89921875 0.58671875 0.0578125 0.0453125
0 0.853125 0.24296875 0.040625 0.046875
0 0.37109375 0.8140625 0.0453125 0.0328125
0 0.4140625 0.928125 0.0453125 0.0453125
0 0.43046875 0.08984375 0.0390625 0.0203125
0 0.63046875 0.0296875 0.0546875 0.059375
0 0.540625 0.31953125 0.0625 0.053125