0 0.48984375 0.32890625 0.06015625 0.0671875
0 0.525 0.45859375 0.0765625 0.0578125
0 0.6703125 0.4484375 0.03984375 0.07265625
0 0.66484375 0.5859375 0.05 0.07265625
0 0.521875 0.5671875 0.06328125 0.0796875
0 0.56171875 0.66640625 0.03671875 0.0578125
0 0.56796875 0.77890625 0.04296875 0.07265625
0 0.58828125 0.8546875 0.04296875 0.0453125
0 0.46640625 0.74140625 0.03359375 0.0625
0 0.56328125 0.2203125 0.046875 0.03515625
0 0.48984375 0.1375 0.03984375 0.03984375
0 0.63984375 0.1234375 0.03359375 0.0421875
0 0.55 0.0984375 0.053125 0.0328125
0 0.39140625 0.0640625 0.04296875 0.04765625
1 0.38515625 0.1953125 0.04296875 0.11484375
1 0.646875 0.35234375 0.03359375 0.075
1 0.3984375 0.4078125 0.0296875 0.0796875
1 0.66328125 0.73515625 0.046875 0.1