0 0.03515625 0.52578125 0.02578125 0.0359375
0 0.05859375 0.684375 0.0390625 0.04609375
0 0.10546875 0.93125 0.04609375 0.04140625
0 0.3234375 0.95625 0.0578125 0.0359375
0 0.353125 0.85390625 0.02578125 0.0328125
0 0.2109375 0.73984375 0.0359375 0.034375
0 0.14453125 0.43828125 0.0390625 0.053125
0 0.39921875 0.20625 0.04921875 0.06328125
0 0.3953125 0.0859375 0.02890625 0.02890625
0 0.41171875 0.309375 0.03046875 0.04140625
0 0.4859375 0.3671875 0.04609375 0.0546875
0 0.4421875 0.62421875 0.0328125 0.034375
0 0.509375 0.65703125 0.02734375 0.02890625
0 0.44453125 0.721875 0.02421875 0.021875
0 0.51796875 0.59375 0.03046875 0.021875
0 0.45390625 0.8765625 0.02578125 0.03046875
0 0.540625 0.90234375 0.01875 0.02421875
0 0.6453125 0.52578125 0.02890625 0.04609375
0 0.6671875 0.271875 0.02890625 0.04453125
0 0.66171875 0.45390625 0.034375 0.04609375
0 0.72578125 0.52734375 0.02578125 0.0390625
0 0.74453125 0.4171875 0.021875 0.0375
0 0.6921875 0.525 0.0203125 0.02421875
0 0.84375 0.43515625 0.01875 0.0359375
0 0.80625 0.68125 0.0390625 0.04921875
0 0.9328125 0.378125 0.02578125 0.02734375
0 0.86484375 0.32890625 0.0171875 0.02890625
0 0.62734375 0.83359375 0.0171875 0.0359375
1 0.93984375 0.7421875 0.0203125 0.109375
1 0.85390625 0.55078125 0.015625 0.09921875
1 0.43359375 0.4734375 0.01875 0.09609375
1 0.2625 0.6859375 0.02578125 0.09765625