0 0.40234375 0.88671875 0.021875 0.059375
0 0.421875 0.69453125 0.0171875 0.034375
0 0.4390625 0.6453125 0.01875 0.0421875
0 0.4640625 0.5875 0.015625 0.0328125
0 0.43359375 0.4875 0.015625 0.034375
0 0.39921875 0.48828125 0.009375 0.0234375
0 0.4046875 0.5109375 0.0125 0.021875
0 0.4734375 0.46171875 0.015625 0.0390625
0 0.465625 0.3421875 0.015625 0.0234375
0 0.44765625 0.325 0.0140625 0.0203125
0 0.40546875 0.33984375 0.01875 0.01875
0 0.16484375 0.4015625 0.0140625 0.021875
0 0.16171875 0.4390625 0.0140625 0.0328125
0 0.02890625 0.30703125 0.0203125 0.01875
0 0.04921875 0.32421875 0.0171875 0.01875
0 0.153125 0.37734375 0.015625 0.025
0 0.2453125 0.54453125 0.0140625 0.01875
0 0.484375 0.9609375 0.01875 0.078125
0 0.528125 0.4640625 0.01875 0.065625
0 0.50546875 0.37734375 0.015625 0.028125
0 0.471875 0.38828125 0.0140625 0.021875
0 0.53125 0.23359375 0.0140625 0.021875
0 0.55078125 0.2828125 0.0140625 0.0234375
0 0.54609375 0.25859375 0.0109375 0.01875
0 0.565625 0.284375 0.0125 0.034375
0 0.5671875 0.3609375 0.0140625 0.028125
0 0.4625 0.21015625 0.0140625 0.0203125
0 0.51640625 0.53203125 0.015625 0.0390625
0 0.67578125 0.38359375 0.0171875 0.0265625
0 0.67578125 0.0796875 0.0140625 0.040625
0 0.69140625 0.01953125 0.021875 0.0265625
0 0.72109375 0.0296875 0.015625 0.021875
0 0.71328125 0.06953125 0.0140625 0.021875
0 0.72578125 0.12890625 0.015625 0.0203125
0 0.7703125 0.04765625 0.01875 0.025
0 0.7703125 0.134375 0.015625 0.0234375
0 0.81875 0.10390625 0.0171875 0.0265625
0 0.78125 0.3625 0.0140625 0.025
0 0.80078125 0.3296875 0.0125 0.025
0 0.521875 0.5875 0.0109375 0.0171875
1 0.59296875 0.47578125 0.009375 0.0546875
1 0.52578125 0.67578125 0.0109375 0.0828125
1 0.6203125 0.328125 0.0109375 0.05