1 0.19296875 0.28046875 0.04765625 0.0875
1 0.13671875 0.04765625 0.134375 0.0609375
1 0.87890625 0.26953125 0.1515625 0.065625
1 0.09296875 0.446875 0.1171875 0.10234375
0 0.434375 0.31875 0.0953125 0.04140625
0 0.4015625 0.43125 0.1 0.05625
0 0.37578125 0.61640625 0.06484375 0.04609375
0 0.553125 0.66875 0.05625 0.05390625
0 0.646875 0.67890625 0.04375 0.0390625
0 0.67734375 0.5953125 0.05234375 0.034375
0 0.05625 0.63828125 0.05234375 0.04609375
0 0.32734375 0.790625 0.05625 0.02421875
0 0.440625 0.225 0.04765625 0.02421875