0 0.25625 0.446875 0.03359375 0.02109375
0 0.2640625 0.353125 0.034375 0.01875
0 0.25546875 0.3734375 0.02421875 0.02578125
0 0.25390625 0.409375 0.0203125 0.04609375
0 0.2578125 0.475 0.02578125 0.01953125
0 0.55859375 0.47578125 0.03046875 0.025
0 0.640625 0.51640625 0.02734375 0.0390625
0 0.75078125 0.5875 0.02890625 0.01015625
0 0.6515625 0.60703125 0.02578125 0.01171875
0 0.27421875 0.69921875 0.040625 0.06328125
0 0.1828125 0.7484375 0.04921875 0.0453125
0 0.5765625 0.62265625 0.053125 0.04375