0 0.47734375 0.4125 0.0171875 0.0203125
0 0.59140625 0.578125 0.0421875 0.0484375
0 0.56171875 0.50390625 0.0203125 0.0203125
0 0.78984375 0.5921875 0.0140625 0.0140625
0 0.5796875 0.3234375 0.028125 0.03125
0 0.55234375 0.2875 0.0109375 0.0140625
0 0.1578125 0.4328125 0.0234375 0.0171875
0 0.33671875 0.36875 0.021875 0.03125
0 0.36875 0.47578125 0.0171875 0.0203125
0 0.17734375 0.046875 0.0234375 0.04375
0 0.2375 0.18046875 0.0515625 0.0578125
0 0.25234375 0.26796875 0.021875 0.01875
0 0.14921875 0.2984375 0.0234375 0.0265625
0 0.1078125 0.23671875 0.025 0.0328125
0 0.43125 0.59375 0.021875 0.01875
0 0.41171875 0.553125 0.0234375 0.0171875
0 0.53515625 0.39921875 0.0171875 0.01875
0 0.61328125 0.35546875 0.021875 0.0203125
0 0.7078125 0.48359375 0.0359375 0.028125
0 0.52890625 0.446875 0.01875 0.0171875
0 0.4875 0.3515625 0.0453125 0.03125
0 0.4265625 0.290625 0.0453125 0.034375
0 0.2890625 0.05390625 0.0453125 0.0359375
0 0.29140625 0.11875 0.0359375 0.040625
0 0.27421875 0.29453125 0.0171875 0.0171875