0 0.08359375 0.44765625 0.0203125 0.0109375
0 0.07890625 0.4984375 0.0078125 0.009375
0 0.06015625 0.515625 0.0125 0.009375
0 0.121875 0.47109375 0.0109375 0.0078125
0 0.1125 0.41875 0.0140625 0.0140625
0 0.11875 0.4078125 0.0078125 0.0078125
0 0.12578125 0.396875 0.00625 0.00625
0 0.13125 0.39296875 0.0078125 0.0078125
0 0.1375 0.384375 0.00625 0.0046875
0 0.1421875 0.38046875 0.0046875 0.00625
0 0.15078125 0.37421875 0.0125 0.0078125
0 0.153125 0.3671875 0.0046875 0.0046875
0 0.16015625 0.3625 0.009375 0.00625
0 0.17421875 0.3515625 0.0078125 0.0078125
0 0.2375 0.3953125 0.00625 0.0078125
0 0.26796875 0.4328125 0.0078125 0.0078125
0 0.26171875 0.38828125 0.0046875 0.00625
0 0.23984375 0.36953125 0.0046875 0.0046875
0 0.2625 0.36171875 0.0046875 0.0046875
0 0.2765625 0.52890625 0.0078125 0.0109375
0 0.259375 0.58046875 0.00625 0.00625
0 0.2328125 0.5203125 0.00625 0.009375
0 0.23359375 0.53671875 0.00625 0.0125
0 0.25546875 0.6265625 0.003125 0.00625
0 0.31171875 0.66484375 0.0078125 0.0109375
0 0.33125 0.75546875 0.0125 0.0140625
0 0.30234375 0.7703125 0.00625 0.009375
0 0.37421875 0.94140625 0.00625 0.0078125
0 0.365625 0.9734375 0.00625 0.0109375
0 0.48671875 0.953125 0.0046875 0.009375
0 0.31953125 0.48046875 0.0109375 0.015625
0 0.3515625 0.60703125 0.0125 0.01875
0 0.3421875 0.59296875 0.0046875 0.0046875
0 0.3671875 0.5265625 0.0046875 0.0078125
0 0.384375 0.50390625 0.009375 0.0109375
0 0.409375 0.47578125 0.00625 0.00625
0 0.3796875 0.403125 0.00625 0.00625
0 0.3953125 0.43359375 0.0046875 0.00625
0 0.409375 0.4625 0.003125 0.0046875
0 0.43515625 0.51640625 0.0046875 0.0078125
0 0.42109375 0.58203125 0.0046875 0.00625
0 0.459375 0.603125 0.00625 0.0109375
0 0.44609375 0.63359375 0.0078125 0.009375
0 0.48046875 0.63515625 0.0078125 0.0078125
0 0.52265625 0.74453125 0.0140625 0.0171875
0 0.51171875 0.78984375 0.0109375 0.0125
0 0.53203125 0.84296875 0.0125 0.0171875
0 0.55859375 0.89609375 0.00625 0.0078125
0 0.609375 0.92578125 0.00625 0.015625
0 0.5984375 0.77421875 0.009375 0.015625
0 0.5546875 0.684375 0.0140625 0.0171875
0 0.58515625 0.68359375 0.0109375 0.015625
0 0.5328125 0.65390625 0.0109375 0.0125
0 0.55625 0.6328125 0.0078125 0.009375
0 0.509375 0.59296875 0.0046875 0.00625
0 0.54296875 0.546875 0.009375 0.009375
0 0.45 0.4984375 0.0046875 0.00625
0 0.41328125 0.40234375 0.009375 0.009375
0 0.43203125 0.340625 0.003125 0.00625
0 0.48359375 0.44140625 0.0046875 0.0046875
0 0.61015625 0.4578125 0.00625 0.0078125
0 0.671875 0.48671875 0.003125 0.003125
0 0.696875 0.52265625 0.0046875 0.00625
0 0.7171875 0.63125 0.0125 0.0171875
0 0.6921875 0.67890625 0.00625 0.0078125
0 0.703125 0.70546875 0.0078125 0.00625
0 0.7453125 0.7140625 0.0109375 0.0125
0 0.78828125 0.734375 0.0078125 0.0109375
0 0.78125 0.8640625 0.0109375 0.0171875
0 0.76328125 0.8953125 0.0125 0.0171875
0 0.64765625 0.7171875 0.009375 0.009375
0 0.61484375 0.665625 0.0109375 0.01875
0 0.653125 0.68046875 0.00625 0.0109375
0 0.85 0.7390625 0.0125 0.015625
0 0.95703125 0.76015625 0.00625 0.009375
0 0.9921875 0.8015625 0.0046875 0.00625
0 0.93359375 0.634375 0.00625 0.0078125
0 0.92890625 0.628125 0.0046875 0.0046875
0 0.86875 0.60078125 0.0140625 0.0140625
0 0.85078125 0.6109375 0.00625 0.009375
0 0.8125 0.52734375 0.0140625 0.0125
0 0.76015625 0.43984375 0.0078125 0.0109375
0 0.76484375 0.478125 0.0078125 0.009375
0 0.734375 0.41328125 0.0078125 0.009375
0 0.9671875 0.5109375 0.0109375 0.0109375
0 0.98203125 0.48984375 0.009375 0.00625
0 0.959375 0.60859375 0.0078125 0.0078125
0 0.98671875 0.63359375 0.009375 0.009375
0 0.9984375 0.6515625 0.003125 0.009375
0 0.96015625 0.6953125 0.0046875 0.0078125
1 0.63125 0.5515625 0.025 0.0328125
1 0.55 0.45078125 0.0265625 0.0171875
1 0.390625 0.63828125 0.025 0.0265625
1 0.4828125 0.6890625 0.0296875 0.040625