0 0.321875 0.3421875 0.015625 0.021875
0 0.31171875 0.48984375 0.01875 0.0375
0 0.3109375 0.6609375 0.0234375 0.0375
0 0.3421875 0.61171875 0.01875 0.034375
0 0.35546875 0.52265625 0.0140625 0.0296875
0 0.4203125 0.690625 0.0296875 0.05625
0 0.31875 0.77109375 0.021875 0.0578125
0 0.12109375 0.7921875 0.04375 0.0296875
0 0.21171875 0.83125 0.0875 0.0296875
0 0.45234375 0.77890625 0.0265625 0.071875
0 0.4296875 0.59375 0.0234375 0.0265625
0 0.5953125 0.3546875 0.0421875 0.0328125
0 0.39765625 0.1734375 0.025 0.0265625
0 0.8171875 0.2328125 0.025 0.0484375