1 0.0765625 0.190625 0.025 0.0375
1 0.43984375 0.14453125 0.021875 0.0375
1 0.415625 0.07109375 0.028125 0.0421875
1 0.43203125 0.23203125 0.021875 0.0359375
1 0.6078125 0.06875 0.0234375 0.034375
1 0.5625 0.22890625 0.021875 0.0375
1 0.78046875 0.17265625 0.0203125 0.0375
1 0.72890625 0.32734375 0.021875 0.0359375
1 0.91015625 0.190625 0.0234375 0.034375
0 0.0078125 0.1234375 0.015625 0.015625
0 0.009375 0.26484375 0.01875 0.0265625
0 0.0171875 0.2984375 0.034375 0.025
0 0.0234375 0.3765625 0.0265625 0.0328125
0 0.17265625 0.1484375 0.0390625 0.059375
0 0.10390625 0.3453125 0.0234375 0.021875
0 0.14453125 0.32421875 0.01875 0.0171875
0 0.125 0.46640625 0.0359375 0.0484375
0 0.0765625 0.49921875 0.015625 0.0125
0 0.21640625 0.4359375 0.0171875 0.015625
0 0.24140625 0.37109375 0.0359375 0.0734375
0 0.27421875 0.390625 0.034375 0.053125
0 0.29921875 0.49453125 0.0328125 0.03125
0 0.33125 0.48671875 0.040625 0.03125
0 0.32421875 0.38984375 0.0234375 0.01875
0 0.39140625 0.459375 0.040625 0.028125
0 0.31953125 0.1484375 0.0171875 0.0140625
0 0.36015625 0.1546875 0.03125 0.025
0 0.384375 0.1171875 0.0171875 0.0171875
0 0.33671875 0.24765625 0.0140625 0.015625
0 0.35859375 0.2484375 0.0234375 0.0265625
0 0.38046875 0.30078125 0.0296875 0.0265625
0 0.43359375 0.365625 0.025 0.028125
0 0.46484375 0.3984375 0.0140625 0.015625
0 0.4265625 0.025 0.03125 0.03125
0 0.48671875 0.04140625 0.01875 0.0171875
0 0.51015625 0.0125 0.0234375 0.01875
0 0.53984375 0.0859375 0.0375 0.0421875
0 0.5875 0.11484375 0.0375 0.034375
0 0.653125 0.146875 0.021875 0.01875
0 0.128125 0.61015625 0.04375 0.084375
0 0.375 0.61953125 0.034375 0.0296875
0 0.31484375 0.56875 0.034375 0.046875
0 0.4625 0.7015625 0.0375 0.0328125
0 0.18046875 0.80625 0.0453125 0.0625
0 0.715625 0.89765625 0.034375 0.028125
0 0.834375 0.89453125 0.0453125 0.0296875
0 0.78046875 0.4875 0.0359375 0.0515625