0 0.44921875 0.24140625 0.00625 0.00625
0 0.44296875 0.228125 0.00625 0.0046875
0 0.45546875 0.28203125 0.00625 0.0046875
0 0.4765625 0.28515625 0.0046875 0.0046875
0 0.47734375 0.2953125 0.0078125 0.00625
0 0.478125 0.31015625 0.009375 0.0140625
0 0.4859375 0.309375 0.0078125 0.015625
0 0.49765625 0.3328125 0.0125 0.021875
0 0.47421875 0.31953125 0.0046875 0.0046875
0 0.46875 0.32265625 0.0046875 0.0046875
0 0.4734375 0.34140625 0.0046875 0.0046875
0 0.4875 0.35546875 0.0046875 0.0078125
0 0.51484375 0.31171875 0.0046875 0.0046875
0 0.5203125 0.31171875 0.0078125 0.009375
0 0.503125 0.3578125 0.00625 0.00625
0 0.52421875 0.3765625 0.0046875 0.0046875
0 0.5296875 0.353125 0.0046875 0.00625
0 0.44296875 0.3625 0.0046875 0.003125
0 0.47421875 0.38359375 0.003125 0.003125
0 0.49140625 0.40078125 0.009375 0.0078125
0 0.503125 0.41328125 0.003125 0.003125
0 0.5109375 0.378125 0.0046875 0.0046875
0 0.5125 0.41953125 0.009375 0.0078125
0 0.5203125 0.4296875 0.0078125 0.0078125
0 0.5390625 0.396875 0.00625 0.00625
0 0.5515625 0.41640625 0.00625 0.0046875
0 0.5359375 0.42734375 0.0046875 0.003125
0 0.54609375 0.43125 0.0046875 0.0046875
0 0.55625 0.42734375 0.003125 0.003125
0 0.49375 0.49140625 0.0109375 0.0109375
0 0.40078125 0.47421875 0.00625 0.0046875
0 0.38125 0.46484375 0.0046875 0.0046875
0 0.4234375 0.48671875 0.0078125 0.0046875
0 0.384375 0.46015625 0.0046875 0.003125
0 0.3984375 0.44921875 0.00625 0.0046875
0 0.36875 0.434375 0.00625 0.0046875
0 0.38359375 0.4203125 0.009375 0.0046875
0 0.34921875 0.4 0.0078125 0.003125
0 0.359375 0.40546875 0.00625 0.0046875
0 0.365625 0.409375 0.0046875 0.003125
0 0.3609375 0.396875 0.00625 0.0046875
0 0.31015625 0.36796875 0.0078125 0.003125
0 0.3125 0.41015625 0.009375 0.0046875
0 0.303125 0.40859375 0.00625 0.003125
0 0.30078125 0.4140625 0.00625 0.0046875
0 0.2921875 0.4078125 0.0046875 0.0046875
0 0.315625 0.46953125 0.009375 0.0046875
0 0.1 0.45546875 0.0046875 0.0046875
0 0.07265625 0.4734375 0.003125 0.003125
0 0.0921875 0.48359375 0.0046875 0.0046875
0 0.09453125 0.51328125 0.0046875 0.003125
0 0.10625 0.53515625 0.0046875 0.003125
0 0.05 0.58203125 0.00625 0.0046875
0 0.0375 0.56328125 0.00625 0.00625
0 0.0828125 0.57421875 0.0046875 0.003125
0 0.028125 0.54765625 0.0046875 0.00625
0 0.0046875 0.53828125 0.0046875 0.0046875
0 0.01015625 0.52734375 0.00625 0.00625
0 0.02578125 0.49296875 0.0046875 0.0078125
0 0.03203125 0.47578125 0.00625 0.00625
0 0.0515625 0.50703125 0.0046875 0.0046875
0 0.05390625 0.5109375 0.0046875 0.0046875
0 0.0578125 0.51953125 0.003125 0.0046875
0 0.01015625 0.72734375 0.0078125 0.0046875
0 0.02265625 0.72734375 0.009375 0.003125
0 0.02578125 0.7265625 0.00625 0.0046875
0 0.00625 0.76953125 0.00625 0.003125
0 0.0078125 0.7734375 0.0046875 0.003125
0 0.0375 0.76171875 0.0046875 0.0046875
0 0.00234375 0.78828125 0.0046875 0.003125
0 0.0140625 0.7859375 0.0046875 0.003125
0 0.01015625 0.80859375 0.00625 0.003125
0 0.053125 0.78671875 0.0046875 0.003125
0 0.0265625 0.80078125 0.009375 0.0046875
0 0.03671875 0.79609375 0.009375 0.003125
0 0.05703125 0.78515625 0.0046875 0.003125
0 0.06640625 0.7796875 0.0046875 0.003125
0 0.07109375 0.7765625 0.0046875 0.003125
0 0.08359375 0.77109375 0.003125 0.003125
0 0.09140625 0.8375 0.00625 0.003125
0 0.09765625 0.834375 0.0046875 0.003125
0 0.09765625 0.8984375 0.0078125 0.0046875
0 0.10390625 0.8953125 0.0046875 0.00625
0 0.0578125 0.93046875 0.00625 0.0046875
0 0.08046875 0.92421875 0.00625 0.003125
0 0.06640625 0.94296875 0.00625 0.003125
0 0.11484375 0.94921875 0.0046875 0.0046875
0 0.21953125 0.84375 0.00625 0.0046875
0 0.3171875 0.76875 0.00625 0.0078125
0 0.2 0.63984375 0.003125 0.00625
0 0.20390625 0.6515625 0.00625 0.0109375
0 0.23359375 0.60703125 0.00625 0.00625
0 0.246875 0.63203125 0.0046875 0.00625
0 0.2640625 0.64296875 0.0046875 0.0046875
0 0.2609375 0.63359375 0.0046875 0.0046875
0 0.28046875 0.5984375 0.0078125 0.003125
0 0.3390625 0.58203125 0.00625 0.003125
0 0.35 0.5796875 0.0078125 0.003125
0 0.3765625 0.58984375 0.015625 0.0046875
0 0.35390625 0.6109375 0.0109375 0.0046875
0 0.4109375 0.76484375 0.0046875 0.0125
0 0.39375 0.6890625 0.00625 0.0046875
0 0.46015625 0.696875 0.0046875 0.00625
0 0.37109375 0.646875 0.0109375 0.0046875
0 0.4078125 0.6546875 0.00625 0.003125
0 0.6296875 0.71640625 0.0046875 0.0046875
0 0.70078125 0.81953125 0.00625 0.0046875
0 0.74375 0.75078125 0.0078125 0.00625
0 0.60859375 0.578125 0.00625 0.0046875
0 0.5890625 0.56796875 0.0046875 0.0046875
0 0.62421875 0.5859375 0.00625 0.003125
0 0.66328125 0.5703125 0.009375 0.003125
0 0.67578125 0.5859375 0.0078125 0.0046875
0 0.684375 0.5859375 0.0046875 0.0046875
0 0.6921875 0.5625 0.00625 0.003125
0 0.71953125 0.56796875 0.0046875 0.003125
0 0.7609375 0.578125 0.00625 0.0046875
0 0.7703125 0.57734375 0.00625 0.0046875
0 0.78125 0.578125 0.0078125 0.0046875
0 0.7984375 0.57890625 0.00625 0.003125
0 0.7609375 0.609375 0.00625 0.0046875
0 0.75859375 0.615625 0.0046875 0.0046875
0 0.8 0.61015625 0.00625 0.0046875
0 0.79296875 0.58515625 0.0078125 0.003125
0 0.81796875 0.57890625 0.0140625 0.003125
0 0.809375 0.63515625 0.0046875 0.009375
0 0.79453125 0.65 0.0046875 0.00625
0 0.8171875 0.6359375 0.0046875 0.0046875
0 0.884375 0.58203125 0.009375 0.00625
0 0.9109375 0.59921875 0.0046875 0.0046875
0 0.89453125 0.61796875 0.0046875 0.0078125
0 0.88359375 0.62890625 0.0046875 0.00625
0 0.88359375 0.659375 0.0046875 0.0046875
0 0.878125 0.64609375 0.003125 0.0046875
0 0.8671875 0.684375 0.0046875 0.0046875
0 0.88125 0.66640625 0.003125 0.0078125
0 0.875 0.6734375 0.00625 0.00625
0 0.9046875 0.621875 0.003125 0.00625
0 0.93046875 0.59453125 0.0046875 0.0046875
0 0.93046875 0.6234375 0.0046875 0.00625
0 0.94921875 0.5953125 0.0046875 0.0078125
0 0.965625 0.58125 0.00625 0.0109375
0 0.8546875 0.67890625 0.0046875 0.0046875
1 0.92421875 0.675 0.0046875 0.0125
1 0.82734375 0.68046875 0.00625 0.0171875
1 0.7828125 0.709375 0.0046875 0.0140625
1 0.778125 0.76484375 0.00625 0.0125
1 0.73359375 0.78828125 0.0078125 0.0125
0 0.85859375 0.7765625 0.0078125 0.00625
0 0.86171875 0.7875 0.00625 0.00625
0 0.8640625 0.79453125 0.0046875 0.00625
0 0.8734375 0.809375 0.0046875 0.0046875
0 0.884375 0.81640625 0.009375 0.0046875
0 0.8984375 0.82265625 0.0046875 0.003125
0 0.8640625 0.8125 0.0078125 0.0109375
0 0.91328125 0.8296875 0.009375 0.00625
0 0.79921875 0.87734375 0.0109375 0.0078125