0 0.00703125 0.84296875 0.01328125 0.0125
0 0.01953125 0.9140625 0.01328125 0.01875
0 0.03359375 0.95703125 0.01015625 0.0140625
0 0.0203125 0.88671875 0.0125 0.0125
0 0.009375 0.63359375 0.0140625 0.0125
0 0.0578125 0.7828125 0.01484375 0.01484375
0 0.01640625 0.66171875 0.021875 0.00859375
0 0.0828125 0.78359375 0.02265625 0.009375
0 0.08671875 0.80625 0.01640625 0.00859375
0 0.10078125 0.828125 0.0171875 0.0125
0 0.09765625 0.84375 0.0140625 0.009375
0 0.10546875 0.8625 0.01171875 0.0109375
0 0.121875 0.8703125 0.01328125 0.0109375
0 0.11640625 0.9125 0.0140625 0.01640625
0 0.0078125 0.54375 0.01328125 0.0125
0 0.01953125 0.503125 0.0140625 0.01015625
0 0.03828125 0.54140625 0.015625 0.01640625
0 0.03984375 0.6234375 0.0265625 0.015625
0 0.08125 0.646875 0.01640625 0.0125
0 0.07421875 0.7 0.0125 0.015625
0 0.10234375 0.6953125 0.01328125 0.0125
0 0.0546875 0.57109375 0.0109375 0.0078125
0 0.05 0.5859375 0.009375 0.00625
0 0.059375 0.61015625 0.01640625 0.01328125
0 0.05234375 0.6578125 0.01171875 0.00546875
0 0.084375 0.63125 0.0125 0.009375
0 0.10078125 0.73203125 0.01640625 0.00859375
0 0.11796875 0.70390625 0.009375 0.01015625
0 0.1296875 0.684375 0.00625 0.0125
0 0.10546875 0.6328125 0.01015625 0.0140625
0 0.08671875 0.59453125 0.01171875 0.009375
0 0.05 0.49921875 0.0125 0.0140625
0 0.015625 0.453125 0.01015625 0.0125
0 0.02265625 0.34453125 0.009375 0.00625
0 0.04765625 0.41875 0.01171875 0.01015625
0 0.06484375 0.3953125 0.0140625 0.0109375
0 0.09765625 0.4734375 0.0203125 0.0125
0 0.1171875 0.59453125 0.01171875 0.01015625
0 0.140625 0.61875 0.02109375 0.0171875
0 0.1609375 0.6421875 0.0171875 0.0125
0 0.18515625 0.65546875 0.01796875 0.0140625
0 0.12890625 0.74296875 0.01015625 0.009375
0 0.14921875 0.73515625 0.01015625 0.009375
0 0.14453125 0.7546875 0.0109375 0.00703125
0 0.14140625 0.7703125 0.009375 0.01015625
0 0.12421875 0.79296875 0.01015625 0.0125
0 0.09921875 0.7703125 0.00859375 0.0078125
0 0.134375 0.81484375 0.0125 0.0078125
0 0.15 0.790625 0.00546875 0.009375
0 0.15390625 0.80546875 0.0078125 0.00859375
0 0.07109375 0.46015625 0.00859375 0.01015625
0 0.1546875 0.56796875 0.01875 0.02109375
0 0.17265625 0.59921875 0.01484375 0.01328125
0 0.1796875 0.61796875 0.015625 0.0109375
0 0.190625 0.69453125 0.0125 0.0125
0 0.21171875 0.6796875 0.0125 0.015625
0 0.2609375 0.8046875 0.01640625 0.009375
0 0.18828125 0.853125 0.0078125 0.00859375
0 0.1953125 0.8625 0.01015625 0.009375
0 0.18984375 0.8765625 0.00859375 0.009375
0 0.18125 0.89375 0.01015625 0.01328125
0 0.1984375 0.89375 0.009375 0.01171875
0 0.2109375 0.89921875 0.0078125 0.0078125
0 0.21640625 0.91875 0.00859375 0.0125
0 0.21953125 0.88515625 0.00625 0.0078125
0 0.1828125 0.79375 0.01484375 0.01015625
0 0.171875 0.7796875 0.0140625 0.009375
0 0.196875 0.75546875 0.0109375 0.0109375
0 0.1921875 0.77265625 0.015625 0.0125
0 0.21484375 0.79140625 0.01640625 0.0109375
0 0.23046875 0.78984375 0.0109375 0.01171875
0 0.2671875 0.7875 0.01953125 0.01484375
0 0.26171875 0.77109375 0.01484375 0.01171875
0 0.2796875 0.80625 0.01171875 0.0109375
0 0.2953125 0.7984375 0.01640625 0.0125
0 0.315625 0.88203125 0.01171875 0.01015625
0 0.325 0.92109375 0.01015625 0.015625
0 0.34765625 0.959375 0.009375 0.0109375
0 0.36015625 0.94375 0.0125 0.01875
0 0.3515625 0.9203125 0.0109375 0.0140625
0 0.3265625 0.846875 0.0109375 0.0109375
0 0.05546875 0.2828125 0.0140625 0.01171875
0 0.10234375 0.24140625 0.01484375 0.01171875
0 0.11015625 0.259375 0.01015625 0.01015625
0 0.0953125 0.30703125 0.01875 0.01328125
0 0.05546875 0.3375 0.028125 0.015625
0 0.0328125 0.29453125 0.02421875 0.01171875
0 0.08671875 0.3578125 0.01796875 0.01875
0 0.1140625 0.36171875 0.01171875 0.021875
0 0.1140625 0.43984375 0.0171875 0.02265625
0 0.140625 0.48203125 0.0296875 0.01328125
0 0.134375 0.41875 0.01796875 0.01015625
0 0.13359375 0.4078125 0.01328125 0.01171875
0 0.1515625 0.44375 0.02109375 0.01953125
0 0.1640625 0.434375 0.01015625 0.0171875
0 0.1890625 0.4625 0.0140625 0.015625
0 0.165625 0.546875 0.0171875 0.01328125
0 0.19140625 0.56328125 0.0171875 0.01015625
0 0.18515625 0.5859375 0.01484375 0.0140625
0 0.21015625 0.61953125 0.015625 0.0109375
0 0.259375 0.67421875 0.0109375 0.0109375
0 0.296875 0.69453125 0.02109375 0.01953125
0 0.4046875 0.77109375 0.0109375 0.01484375
0 0.28671875 0.57890625 0.028125 0.02578125
0 0.33671875 0.58359375 0.01328125 0.01484375
0 0.325 0.60625 0.01015625 0.01484375
0 0.3109375 0.5703125 0.00859375 0.0109375
0 0.31953125 0.54765625 0.015625 0.01328125
0 0.33203125 0.51796875 0.01953125 0.0171875
0 0.29765625 0.5328125 0.01328125 0.01328125
0 0.2703125 0.53359375 0.015625 0.0109375
0 0.19140625 0.5265625 0.01328125 0.01328125
0 0.1390625 0.50078125 0.00859375 0.01328125
0 0.2609375 0.4671875 0.02265625 0.02109375
0 0.26796875 0.44140625 0.0171875 0.01875
0 0.26328125 0.40625 0.01796875 0.01796875
0 0.234375 0.384375 0.01171875 0.01328125
0 0.19921875 0.40703125 0.01953125 0.01171875
0 0.2015625 0.42734375 0.02265625 0.0171875
0 0.2328125 0.4453125 0.0140625 0.01328125
0 0.24453125 0.4890625 0.01796875 0.0109375
0 0.2015625 0.35390625 0.01171875 0.00859375
0 0.2203125 0.3921875 0.01484375 0.02109375
0 0.446875 0.89140625 0.0140625 0.0140625
0 0.3390625 0.77890625 0.01015625 0.01171875
0 0.16484375 0.34609375 0.01171875 0.01171875
0 0.15 0.31953125 0.01171875 0.01328125
0 0.15703125 0.28671875 0.02265625 0.01328125
0 0.14296875 0.30859375 0.02109375 0.015625
0 0.15 0.3359375 0.01171875 0.01015625
0 0.1390625 0.21015625 0.021875 0.0109375
0 0.13828125 0.25546875 0.01796875 0.01484375
0 0.1625 0.240625 0.015625 0.02265625
0 0.190625 0.2765625 0.0140625 0.01796875
0 0.084375 0.12265625 0.021875 0.01484375
0 0.05 0.12265625 0.0171875 0.015625
0 0.10078125 0.1421875 0.0140625 0.0140625
0 0.0265625 0.1171875 0.0171875 0.0171875
0 0.0140625 0.0625 0.01875 0.01484375
0 0.04140625 0.05390625 0.01875 0.01796875
0 0.09921875 0.04765625 0.01484375 0.015625
0 0.09609375 0.02265625 0.02109375 0.01484375
0 0.10625 0.0046875 0.028125 0.009375
0 0.140625 0.0546875 0.015625 0.01796875
0 0.1265625 0.1015625 0.02421875 0.021875
0 0.10625 0.1046875 0.0140625 0.01328125
0 0.13203125 0.071875 0.01328125 0.0171875
0 0.1546875 0.13125 0.01484375 0.01015625
0 0.1484375 0.14453125 0.01484375 0.01328125
0 0.16328125 0.11953125 0.01171875 0.01328125
0 0.1640625 0.1578125 0.015625 0.01796875
0 0.17578125 0.15703125 0.0140625 0.0140625
0 0.2015625 0.17734375 0.021875 0.025
0 0.21171875 0.2046875 0.01796875 0.02109375
0 0.178125 0.21796875 0.02578125 0.01953125
0 0.2109375 0.22890625 0.015625 0.01328125
0 0.240625 0.2515625 0.02578125 0.015625
0 0.25703125 0.2921875 0.04453125 0.03671875
0 0.22109375 0.27578125 0.01171875 0.01328125
0 0.2703125 0.31484375 0.01328125 0.01484375
0 0.246875 0.33046875 0.01328125 0.0140625
0 0.29140625 0.3296875 0.02578125 0.01328125
0 0.26640625 0.34453125 0.0140625 0.0140625
0 0.3140625 0.35546875 0.01875 0.0296875
0 0.29296875 0.3796875 0.0265625 0.01875
0 0.3265625 0.38125 0.01875 0.021875
0 0.33046875 0.3984375 0.0140625 0.01484375
0 0.35 0.421875 0.01953125 0.0140625
0 0.32265625 0.4375 0.015625 0.01796875
0 0.37265625 0.45078125 0.02890625 0.01953125
0 0.36796875 0.46484375 0.0140625 0.0171875
0 0.3921875 0.48828125 0.0109375 0.01171875
0 0.396875 0.47578125 0.0140625 0.0109375
0 0.42109375 0.509375 0.01796875 0.021875
0 0.39921875 0.521875 0.0140625 0.01953125
0 0.40078125 0.5546875 0.0140625 0.0140625
0 0.4328125 0.54296875 0.0375 0.01484375
0 0.4296875 0.59375 0.0375 0.01328125
0 0.4671875 0.5859375 0.02265625 0.0140625
0 0.471875 0.5984375 0.01328125 0.00859375
0 0.490625 0.60546875 0.01328125 0.02578125
0 0.453125 0.6375 0.02109375 0.01484375
0 0.4640625 0.621875 0.0109375 0.0140625
0 0.4828125 0.63515625 0.0140625 0.01484375
0 0.49921875 0.6984375 0.01015625 0.01484375
0 0.51796875 0.728125 0.01328125 0.015625
0 0.53984375 0.71796875 0.02578125 0.01015625
0 0.56875 0.72890625 0.01328125 0.01484375
0 0.57734375 0.73828125 0.0109375 0.0171875
0 0.55546875 0.76640625 0.01328125 0.0109375
0 0.61171875 0.8 0.0140625 0.01484375
0 0.5578125 0.66875 0.028125 0.03046875
0 0.59921875 0.7328125 0.0265625 0.03671875
0 0.69921875 0.79609375 0.0296875 0.04609375
0 0.49375 0.55625 0.02421875 0.01953125
0 0.46171875 0.5125 0.01953125 0.021875
0 0.4375 0.48984375 0.01953125 0.02265625
0 0.4671875 0.41875 0.02109375 0.0140625
0 0.5015625 0.46875 0.0171875 0.00859375
0 0.48828125 0.46328125 0.01015625 0.015625
0 0.39296875 0.425 0.02578125 0.015625
0 0.375 0.365625 0.021875 0.02265625
0 0.3796875 0.3421875 0.02109375 0.02421875
0 0.3203125 0.32578125 0.0140625 0.01484375
0 0.2921875 0.27890625 0.028125 0.0390625
0 0.25078125 0.21328125 0.01796875 0.0109375
0 0.2796875 0.221875 0.01953125 0.01015625
0 0.25 0.1734375 0.02421875 0.01953125
0 0.22265625 0.15078125 0.0171875 0.01328125
0 0.19140625 0.1328125 0.03671875 0.04453125
0 0.16171875 0.08984375 0.01328125 0.01484375
0 0.17890625 0.071875 0.0140625 0.01796875
0 0.19609375 0.059375 0.0171875 0.0140625
0 0.22109375 0.09375 0.01875 0.01953125
0 0.140625 0.03125 0.02109375 0.0109375
0 0.1984375 0.028125 0.01328125 0.0109375
0 0.228125 0.03203125 0.01796875 0.01796875
0 0.24609375 0.02109375 0.01484375 0.01328125
0 0.26875 0.05703125 0.015625 0.0109375
0 0.28203125 0.071875 0.01328125 0.01015625
0 0.2546875 0.09921875 0.01171875 0.01171875
0 0.3015625 0.10078125 0.0140625 0.01328125
0 0.2890625 0.128125 0.01484375 0.0296875
0 0.32734375 0.16171875 0.01953125 0.01875
0 0.29765625 0.16796875 0.02265625 0.01875
0 0.3015625 0.1984375 0.0140625 0.01328125
0 0.334375 0.26328125 0.02578125 0.0359375
0 0.39609375 0.25078125 0.015625 0.015625
0 0.41328125 0.26796875 0.01328125 0.01484375
0 0.41171875 0.29921875 0.028125 0.03203125
0 0.4375 0.315625 0.01796875 0.028125
0 0.48984375 0.40703125 0.01328125 0.01328125
0 0.52109375 0.40546875 0.01484375 0.01484375
0 0.51328125 0.44765625 0.0140625 0.015625
0 0.47890625 0.34140625 0.0171875 0.0140625
0 0.46015625 0.3125 0.01328125 0.0171875
0 0.55078125 0.44375 0.01171875 0.0140625
0 0.54375 0.50546875 0.01875 0.01796875
0 0.57421875 0.56640625 0.025 0.02890625
0 0.6 0.60703125 0.02578125 0.0328125
0 0.625 0.6140625 0.01015625 0.01328125
0 0.62734375 0.64765625 0.01484375 0.015625
0 0.51953125 0.49921875 0.0140625 0.01171875
0 0.57421875 0.3796875 0.02265625 0.015625
0 0.56640625 0.33046875 0.0328125 0.025
0 0.35078125 0.1953125 0.0171875 0.01875
0 0.4359375 0.1921875 0.0171875 0.015625
0 0.3703125 0.0828125 0.01953125 0.01953125
0 0.37578125 0.01484375 0.01953125 0.015625
0 0.39609375 0.08671875 0.01953125 0.02109375
0 0.46640625 0.1890625 0.01875 0.01953125
0 0.49609375 0.22734375 0.02109375 0.01875
0 0.5375 0.2953125 0.01484375 0.01328125
0 0.5359375 0.26328125 0.01875 0.01796875
0 0.6 0.359375 0.02578125 0.01484375
0 0.6328125 0.46015625 0.021875 0.025
0 0.66796875 0.45390625 0.0171875 0.01328125
0 0.684375 0.48046875 0.0296875 0.02421875
0 0.71875 0.51875 0.02109375 0.01484375
0 0.45 0.13828125 0.02109375 0.0140625
0 0.43984375 0.0734375 0.02109375 0.015625
0 0.40859375 0.02578125 0.015625 0.0140625
0 0.68125 0.521875 0.015625 0.015625
0 0.6890625 0.55390625 0.01484375 0.01484375
0 0.7125 0.56328125 0.0265625 0.01015625
0 0.7703125 0.58671875 0.01796875 0.01484375
0 0.8234375 0.67421875 0.0328125 0.025
0 0.853125 0.715625 0.0265625 0.01875
0 0.87421875 0.73984375 0.0140625 0.01171875
0 0.89296875 0.7671875 0.01484375 0.01484375
0 0.99140625 0.8859375 0.0171875 0.015625
0 0.97421875 0.62734375 0.028125 0.015625
0 0.91015625 0.56796875 0.02421875 0.02421875
0 0.93203125 0.56015625 0.02421875 0.028125
0 0.90546875 0.5296875 0.025 0.01328125
0 0.890625 0.503125 0.0265625 0.01796875
0 0.8484375 0.47734375 0.01796875 0.01875
0 0.9 0.4609375 0.02890625 0.02578125
0 0.85234375 0.415625 0.021875 0.0265625
0 0.825 0.3765625 0.02578125 0.025
0 0.765625 0.3296875 0.02890625 0.03046875
0 0.7203125 0.30703125 0.025 0.01484375
0 0.63203125 0.159375 0.025 0.04296875
0 0.51875 0.15703125 0.01875 0.0140625
0 0.6390625 0.20625 0.0171875 0.01484375
0 0.6828125 0.2265625 0.01875 0.01875
0 0.70234375 0.21015625 0.021875 0.01953125
0 0.659375 0.15 0.01875 0.01953125
0 0.56484375 0.034375 0.02109375 0.02109375
0 0.6921875 0.0609375 0.02109375 0.02109375
0 0.65859375 0.015625 0.015625 0.0171875
0 0.67890625 0.3046875 0.01875 0.01953125
0 0.78359375 0.36015625 0.02578125 0.01953125
0 0.8390625 0.35078125 0.0171875 0.01796875
0 0.76484375 0.27734375 0.0140625 0.015625
0 0.73046875 0.2421875 0.01875 0.0171875
0 0.89453125 0.4234375 0.01171875 0.0140625
0 0.93828125 0.43046875 0.01796875 0.015625
0 0.575 0.075 0.0140625 0.00703125
0 0.57890625 0.0921875 0.0140625 0.01171875
0 0.57421875 0.11328125 0.01875 0.0171875
0 0.534375 0.03515625 0.0171875 0.01875
0 0.8359375 0.0578125 0.01484375 0.0265625
0 0.85859375 0.01796875 0.01328125 0.015625
0 0.89609375 0.08203125 0.01171875 0.01484375
0 0.928125 0.134375 0.0140625 0.0140625
0 0.9828125 0.13046875 0.01171875 0.01484375