0 0.7046875 0.2234375 0.0625 0.05
0 0.74140625 0.3015625 0.0625 0.05625
0 0.69609375 0.3359375 0.046875 0.0375
0 0.5734375 0.3734375 0.0203125 0.0203125
0 0.5734375 0.4328125 0.0390625 0.0265625
0 0.31484375 0.4484375 0.0546875 0.0421875
0 0.22265625 0.5625 0.04375 0.0421875
0 0.34609375 0.5796875 0.05625 0.04375
0 0.5578125 0.5328125 0.0453125 0.03125
0 0.24296875 0.290625 0.025 0.0203125
0 0.83828125 0.4625 0.0234375 0.025
0 0.89140625 0.5046875 0.0328125 0.021875
0 0.99375 0.4953125 0.0125 0.021875
0 0.928125 0.3984375 0.025 0.0140625
0 0.96640625 0.34296875 0.0328125 0.03125
0 0.79921875 0.6765625 0.0296875 0.0421875
0 0.84140625 0.68359375 0.0453125 0.05
0 0.04921875 0.71015625 0.046875 0.03125
0 0.23984375 0.71484375 0.03125 0.0125
0 0.27578125 0.71953125 0.04375 0.015625
0 0.39453125 0.671875 0.0734375 0.034375
0 0.4328125 0.7078125 0.0421875 0.015625
0 0.50625 0.72421875 0.0453125 0.021875
0 0.421875 0.73125 0.0375 0.0234375
0 0.7203125 0.88359375 0.0296875 0.0171875
0 0.86484375 0.86015625 0.0375 0.025
0 0.78671875 0.8359375 0.04375 0.01875
1 0.18046875 0.33984375 0.028125 0.0484375
1 0.509375 0.33515625 0.0265625 0.0765625
1 0.69921875 0.43671875 0.0328125 0.0515625
1 0.05078125 0.4625 0.025 0.0546875
1 0.0921875 0.2953125 0.0328125 0.065625