1 0.19765625 0.27421875 0.0234375 0.0390625
1 0.53125 0.2375 0.0234375 0.034375
1 0.740625 0.23046875 0.021875 0.0359375
1 0.60234375 0.1890625 0.025 0.02265625
1 0.2578125 0.17734375 0.0171875 0.0390625
1 0.103125 0.2015625 0.021875 0.01953125
1 0.21953125 0.434375 0.015625 0.028125
1 0.31484375 0.45703125 0.028125 0.03515625
0 0.37265625 0.23671875 0.03125 0.01171875
0 0.31171875 0.35234375 0.0125 0.0109375
0 0.5234375 0.36875 0.0578125 0.0265625
0 0.8890625 0.30625 0.015625 0.01171875
0 0.91015625 0.39609375 0.0140625 0.01328125
0 0.96796875 0.1671875 0.0203125 0.01171875
0 0.9484375 0.44296875 0.046875 0.0359375
0 0.03359375 0.41328125 0.0578125 0.0296875
0 0.5421875 0.44609375 0.0359375 0.01796875
0 0.4265625 0.47734375 0.0453125 0.01328125
0 0.5984375 0.4890625 0.0453125 0.01796875
0 0.40390625 0.54765625 0.0375 0.01953125
0 0.44765625 0.53125 0.015625 0.00859375
0 0.490625 0.515625 0.0140625 0.00703125
0 0.37421875 0.56328125 0.01875 0.0140625
0 0.471875 0.55234375 0.0171875 0.01171875
0 0.49453125 0.54375 0.01875 0.01171875
0 0.64453125 0.52265625 0.0390625 0.01796875
0 0.759375 0.48203125 0.0125 0.0109375
0 0.83984375 0.48984375 0.0984375 0.0125
0 0.7421875 0.58359375 0.03125 0.01484375
0 0.7703125 0.571875 0.028125 0.009375
0 0.98203125 0.6140625 0.0359375 0.01171875
0 0.9828125 0.53203125 0.03125 0.01171875
0 0.259375 0.534375 0.0171875 0.0109375
0 0.30625 0.928125 0.0109375 0.0125