0 0.7453125 0.25859375 0.05625 0.0421875
0 0.76953125 0.34140625 0.05625 0.0484375
0 0.71953125 0.36875 0.04296875 0.03125
0 0.5921875 0.38671875 0.0171875 0.0171875
0 0.5828125 0.4453125 0.03671875 0.0203125
0 0.325 0.4203125 0.05 0.03515625
0 0.21640625 0.51875 0.0390625 0.03671875
0 0.33515625 0.5546875 0.0515625 0.03671875
0 0.55234375 0.54140625 0.04140625 0.02578125
0 0.27890625 0.253125 0.021875 0.0171875
0 0.83984375 0.515625 0.01953125 0.021875
0 0.8859375 0.565625 0.03046875 0.01796875
0 0.98984375 0.5734375 0.01328125 0.0203125
0 0.9390625 0.46640625 0.0234375 0.0109375
0 0.98515625 0.41796875 0.0296875 0.0265625
0 0.76796875 0.72109375 0.0234375 0.0390625
0 0.80859375 0.734375 0.0390625 0.04375
0 0.021875 0.63671875 0.04296875 0.02421875
0 0.209375 0.671875 0.03046875 0.00859375
0 0.24453125 0.68203125 0.04296875 0.009375
0 0.36875 0.653125 0.07109375 0.0234375
0 0.40078125 0.69453125 0.04140625 0.009375
0 0.47109375 0.72265625 0.04296875 0.015625
0 0.38671875 0.71640625 0.034375 0.01796875
0 0.6578125 0.91328125 0.028125 0.01328125
0 0.80390625 0.9125 0.034375 0.0203125
0 0.73046875 0.8765625 0.04296875 0.0125
1 0.209375 0.2921875 0.021875 0.0453125
1 0.53515625 0.33828125 0.01484375 0.075
1 0.70703125 0.46875 0.02578125 0.04765625
1 0.0625 0.39296875 0.0171875 0.053125
1 0.12890625 0.23359375 0.0234375 0.06328125