0 0.51640625 0.3296875 0.0703125 0.075
0 0.53125 0.46328125 0.084375 0.06875
0 0.6765625 0.47578125 0.05 0.078125
0 0.64921875 0.6109375 0.0609375 0.0796875
0 0.5109375 0.56953125 0.075 0.0890625
0 0.53515625 0.67421875 0.0453125 0.0625
0 0.5234375 0.7859375 0.053125 0.078125
0 0.53203125 0.8640625 0.05 0.0515625
0 0.42890625 0.7328125 0.0421875 0.0671875
0 0.60625 0.23359375 0.0515625 0.0421875
0 0.546875 0.140625 0.0453125 0.0453125
0 0.696875 0.15 0.0390625 0.046875
0 0.6125 0.1109375 0.0578125 0.040625
0 0.4609375 0.05234375 0.05 0.053125
1 0.434375 0.18125 0.0609375 0.1203125
1 0.66796875 0.37734375 0.0453125 0.0796875
1 0.4140625 0.39296875 0.0421875 0.0828125
1 0.62421875 0.7578125 0.0625 0.10625