0 0.1796875 0.1140625 0.046875 0.028125
0 0.07265625 0.11953125 0.0265625 0.021875
0 0.31796875 0.13984375 0.040625 0.0296875
0 0.1390625 0.290625 0.0390625 0.025
0 0.0328125 0.2171875 0.028125 0.025
0 0.1828125 0.38515625 0.0328125 0.028125
0 0.4140625 0.21328125 0.021875 0.0140625
0 0.53203125 0.20234375 0.0203125 0.021875
0 0.42734375 0.34296875 0.0265625 0.028125
0 0.35234375 0.39453125 0.0234375 0.0234375
0 0.503125 0.32109375 0.021875 0.0171875
0 0.49453125 0.3609375 0.0296875 0.021875
0 0.0796875 0.48984375 0.028125 0.01875
0 0.05859375 0.5234375 0.0234375 0.0203125
0 0.0359375 0.59296875 0.0375 0.028125
0 0.271875 0.54765625 0.021875 0.0171875
0 0.30625 0.57109375 0.0234375 0.0125
0 0.2796875 0.65703125 0.03125 0.0171875
0 0.078125 0.66875 0.0203125 0.0171875
0 0.13125 0.63671875 0.021875 0.0171875
0 0.303125 0.7625 0.025 0.025
0 0.01171875 0.80390625 0.0234375 0.0234375
0 0.0890625 0.9140625 0.0328125 0.0296875
0 0.0546875 0.96171875 0.0203125 0.015625
0 0.290625 0.8078125 0.025 0.0234375
0 0.0046875 0.93984375 0.009375 0.0109375
0 0.01875 0.9109375 0.0140625 0.009375
0 0.00390625 0.9625 0.0078125 0.0125
0 0.03125 0.884375 0.0203125 0.01875
0 0.565625 0.77109375 0.0203125 0.021875
0 0.61875 0.90703125 0.015625 0.0203125
0 0.4625 0.7140625 0.01875 0.0296875
0 0.48203125 0.75078125 0.015625 0.0109375
0 0.53359375 0.709375 0.0140625 0.0140625
0 0.653125 0.8125 0.01875 0.021875
0 0.66875 0.8 0.0203125 0.021875
0 0.765625 0.9375 0.0203125 0.025
0 0.76953125 0.96640625 0.021875 0.0171875
0 0.809375 0.99453125 0.0375 0.0109375
0 0.78359375 0.8421875 0.0203125 0.01875
0 0.85390625 0.9 0.0125 0.015625
0 0.88671875 0.91015625 0.0140625 0.0109375
0 0.7828125 0.7984375 0.01875 0.0265625
0 0.70625 0.74609375 0.0234375 0.021875
0 0.76875 0.7671875 0.0140625 0.0125
0 0.890625 0.81953125 0.025 0.025
0 0.77578125 0.7234375 0.0234375 0.0265625
0 0.70625 0.68359375 0.0234375 0.021875
0 0.6296875 0.59765625 0.015625 0.0171875
0 0.746875 0.6296875 0.01875 0.0234375
0 0.903125 0.68515625 0.01875 0.0265625
0 0.95234375 0.7359375 0.025 0.0234375
0 0.86953125 0.7390625 0.0125 0.015625
0 0.678125 0.48046875 0.0234375 0.025
0 0.7125 0.48125 0.0234375 0.021875
0 0.728125 0.51953125 0.01875 0.01875
0 0.62578125 0.40703125 0.0125 0.0109375
0 0.6296875 0.371875 0.015625 0.0140625
0 0.6984375 0.32421875 0.01875 0.0171875
0 0.68671875 0.29453125 0.0171875 0.01875
0 0.746875 0.23828125 0.021875 0.0125
0 0.890625 0.3921875 0.0171875 0.0125
0 0.7390625 0.19375 0.025 0.015625
0 0.64375 0.16953125 0.0140625 0.0140625
0 0.71953125 0.17421875 0.021875 0.0109375
0 0.79296875 0.19453125 0.021875 0.0140625
0 0.8390625 0.16015625 0.0234375 0.01875
0 0.9078125 0.24140625 0.034375 0.01875
0 0.7234375 0.1140625 0.0171875 0.015625
0 0.65546875 0.06484375 0.05 0.0234375
0 0.98515625 0.03359375 0.025 0.0140625