0 0.1859375 0.0140625 0.059375 0.028125
0 0.1734375 0.1296875 0.040625 0.065625
0 0.1609375 0.05859375 0.03125 0.03828125
0 0.08203125 0.36640625 0.05 0.0640625
0 0.196875 0.41953125 0.05703125 0.065625
0 0.184375 0.253125 0.04296875 0.0625
0 0.17421875 0.89921875 0.07421875 0.08515625
0 0.64375 0.73828125 0.028125 0.04375
0 0.69609375 0.0484375 0.02265625 0.02421875
0 0.70234375 0.0890625 0.034375 0.05390625
0 0.75 0.29765625 0.0296875 0.02578125
0 0.76640625 0.3515625 0.028125 0.046875
0 0.809375 0.3546875 0.0328125 0.04375
0 0.775 0.39921875 0.02421875 0.028125
0 0.7921875 0.43203125 0.02421875 0.028125
0 0.8125 0.50234375 0.0296875 0.07109375
0 0.88203125 0.56953125 0.02578125 0.05
0 0.8625 0.65703125 0.02578125 0.0484375
0 0.853125 0.47421875 0.034375 0.05703125
0 0.8828125 0.7234375 0.02421875 0.034375
0 0.896875 0.75078125 0.03125 0.028125
0 0.9234375 0.83046875 0.0296875 0.05859375
0 0.9640625 0.8296875 0.034375 0.05703125
0 0.9421875 0.7546875 0.0328125 0.0453125
0 0.78359375 0.0359375 0.02421875 0.0296875
0 0.80546875 0.08046875 0.05390625 0.0296875
0 0.80234375 0.128125 0.0328125 0.03828125
0 0.846875 0.24609375 0.046875 0.03828125
0 0.9125 0.259375 0.034375 0.04375
0 0.84453125 0.3109375 0.03125 0.03671875
0 0.87734375 0.38828125 0.03125 0.05234375
0 0.959375 0.37734375 0.03125 0.0328125
0 0.9875 0.47734375 0.025 0.0453125
0 0.94140625 0.51015625 0.034375 0.0453125
0 0.9265625 0.59140625 0.03671875 0.05234375
0 0.9828125 0.62890625 0.034375 0.0734375
0 0.984375 0.06953125 0.01875 0.028125
1 0.59765625 0.1671875 0.0328125 0.0953125
1 0.59140625 0.3546875 0.028125 0.06796875
1 0.69921875 0.43671875 0.03125 0.08359375
1 0.9796875 0.17109375 0.02109375 0.05390625