0 0.653125 0.71640625 0.040625 0.03125
0 0.5609375 0.54453125 0.05 0.0421875
0 0.73203125 0.56796875 0.040625 0.0421875
0 0.65625 0.6390625 0.034375 0.034375
0 0.60234375 0.7453125 0.0625 0.059375
0 0.671875 0.79921875 0.034375 0.0359375
0 0.28828125 0.31171875 0.109375 0.0546875
0 0.725 0.28984375 0.084375 0.0453125
0 0.90078125 0.45078125 0.0234375 0.0203125
0 0.89921875 0.509375 0.0390625 0.0515625
0 0.8734375 0.57265625 0.0328125 0.0546875
0 0.8375 0.56484375 0.028125 0.0359375
0 0.68671875 0.72109375 0.0640625 0.0484375
0 0.6859375 0.7859375 0.0390625 0.034375
0 0.7171875 0.815625 0.025 0.025
0 0.62734375 0.83828125 0.0265625 0.0203125
0 0.746875 0.7140625 0.040625 0.0296875
0 0.1921875 0.58671875 0.0421875 0.053125
0 0.29921875 0.58359375 0.0453125 0.0390625
0 0.34765625 0.5359375 0.0296875 0.0578125
0 0.2921875 0.73046875 0.0546875 0.090625
0 0.03125 0.696875 0.053125 0.059375
0 0.171875 0.76796875 0.04375 0.03125
0 0.2234375 0.8265625 0.040625 0.0375
0 0.296875 0.83515625 0.0515625 0.0734375
0 0.20546875 0.70625 0.0359375 0.03125
0 0.1671875 0.69296875 0.01875 0.0109375
0 0.16015625 0.66953125 0.0140625 0.009375
0 0.2 0.66875 0.0140625 0.0109375
0 0.16875 0.70625 0.01875 0.0125
0 0.19140625 0.7296875 0.0203125 0.0109375
0 0.15859375 0.6359375 0.009375 0.0078125
0 0.184375 0.81015625 0.0375 0.0296875
0 0.1515625 0.865625 0.0234375 0.01875
0 0.3328125 0.92265625 0.04375 0.028125
0 0.36796875 0.8953125 0.025 0.021875
0 0.41328125 0.88828125 0.021875 0.015625
0 0.3640625 0.865625 0.009375 0.0078125
0 0.603125 0.9109375 0.0234375 0.0125
0 0.33046875 0.65 0.021875 0.0359375
0 0.32109375 0.68125 0.0453125 0.021875
0 0.29140625 0.63046875 0.0359375 0.034375
0 0.1203125 0.61640625 0.0328125 0.0375
0 0.0703125 0.5984375 0.03125 0.0265625
0 0.55546875 0.94140625 0.021875 0.0203125
0 0.42109375 0.56796875 0.0234375 0.021875
0 0.38203125 0.6 0.01875 0.01875
0 0.70234375 0.615625 0.0234375 0.01875
0 0.63125 0.69140625 0.015625 0.0109375
0 0.1671875 0.39453125 0.0359375 0.01875
0 0.22578125 0.39140625 0.0296875 0.0140625
0 0.25703125 0.35078125 0.0609375 0.0296875
0 0.14765625 0.46171875 0.0453125 0.0203125
0 0.0140625 0.52578125 0.028125 0.0234375
0 0.00625 0.73515625 0.0125 0.0359375
0 0.3359375 0.89140625 0.021875 0.0140625
0 0.37734375 0.77421875 0.021875 0.015625
0 0.67421875 0.6765625 0.0171875 0.009375
0 0.78828125 0.6609375 0.0359375 0.0171875