0 0.05546875 0.19375 0.04921875 0.06796875
0 0.26953125 0.09609375 0.05546875 0.040625
0 0.12890625 0.01484375 0.0625 0.0296875
0 0.2203125 0.18359375 0.0328125 0.03515625
0 0.21171875 0.5890625 0.09140625 0.1203125
0 0.1421875 0.2765625 0.04140625 0.03984375
0 0.4203125 0.28203125 0.053125 0.07109375
0 0.46328125 0.27734375 0.06796875 0.0609375
0 0.45703125 0.2328125 0.05 0.059375
0 0.42890625 0.03046875 0.04140625 0.053125
0 0.7296875 0.0609375 0.0328125 0.03125
0 0.784375 0.08203125 0.07109375 0.0375
0 0.865625 0.02890625 0.0859375 0.05703125
0 0.95 0.12265625 0.07109375 0.07890625
0 0.91640625 0.26328125 0.0328125 0.06875
0 0.8984375 0.38515625 0.0328125 0.03125
0 0.95625 0.359375 0.04765625 0.03125
0 0.6765625 0.25078125 0.0625 0.05546875
0 0.6140625 0.28515625 0.0328125 0.01796875
0 0.4828125 0.33359375 0.0296875 0.02734375
0 0.54765625 0.44765625 0.09453125 0.10234375
0 0.2859375 0.78828125 0.0859375 0.10859375
0 0.3640625 0.9703125 0.059375 0.05859375
0 0.43515625 0.79609375 0.0296875 0.0375
0 0.51484375 0.97578125 0.03515625 0.0453125
0 0.37109375 0.7078125 0.0328125 0.04921875
0 0.45 0.603125 0.04765625 0.04921875
0 0.68671875 0.70625 0.10078125 0.134375
0 0.8078125 0.68359375 0.04140625 0.03359375
0 0.91875 0.75 0.0265625 0.03125
0 0.79921875 0.48671875 0.03515625 0.02578125
0 0.8421875 0.4609375 0.05 0.04921875
0 0.68671875 0.36640625 0.03515625 0.0296875
1 0.34296875 0.321875 0.04140625 0.09921875
1 0.14453125 0.41171875 0.046875 0.0953125
1 0.74375 0.18984375 0.05546875 0.10078125
1 0.95234375 0.54375 0.046875 0.14296875
1 0.68203125 0.45625 0.04140625 0.053125
1 0.49296875 0.73671875 0.0328125 0.09921875
1 0.81875 0.965625 0.04375 0.06875