0 0.03125 0.175 0.0328125 0.021875
0 0.078125 0.13984375 0.0140625 0.0140625
0 0.075 0.1703125 0.021875 0.0171875
0 0.00234375 0.21640625 0.0046875 0.0171875
0 0.01640625 0.19921875 0.0125 0.015625
0 0.12109375 0.17578125 0.034375 0.0265625
0 0.18203125 0.15625 0.015625 0.0171875
0 0.13359375 0.2109375 0.0171875 0.021875
0 0.1328125 0.19140625 0.0125 0.015625
0 0.19453125 0.23125 0.025 0.01875
0 0.01640625 0.2609375 0.009375 0.0109375
0 0.07578125 0.2640625 0.01875 0.025
0 0.20859375 0.35625 0.028125 0.03125
0 0.1859375 0.4046875 0.01875 0.028125
0 0.1734375 0.49375 0.0171875 0.034375
0 0.16171875 0.43125 0.0171875 0.0203125
0 0.14140625 0.5984375 0.0203125 0.021875
0 0.1328125 0.57578125 0.0125 0.01875
0 0.1109375 0.60546875 0.0109375 0.0203125
0 0.22265625 0.47578125 0.0125 0.021875
0 0.24609375 0.44921875 0.015625 0.021875
0 0.25234375 0.35859375 0.0140625 0.01875
0 0.31640625 0.25625 0.0171875 0.021875
0 0.46015625 0.19921875 0.0140625 0.025
0 0.42890625 0.321875 0.0375 0.0171875
0 0.51875 0.33203125 0.015625 0.025
0 0.3203125 0.54296875 0.015625 0.03125
0 0.2984375 0.6109375 0.0140625 0.03125
0 0.35 0.59140625 0.0140625 0.0171875
0 0.4359375 0.48671875 0.0171875 0.0171875
0 0.396875 0.5421875 0.0234375 0.0421875
0 0.41171875 0.78515625 0.0140625 0.040625
0 0.4890625 0.62109375 0.021875 0.0265625
0 0.49375 0.47265625 0.0125 0.0171875
0 0.53828125 0.49296875 0.0125 0.015625
0 0.5609375 0.49921875 0.009375 0.0203125
0 0.57421875 0.53984375 0.0171875 0.0234375
0 0.53359375 0.61171875 0.0265625 0.0359375
0 0.42109375 0.6875 0.0171875 0.0265625
0 0.40625 0.8421875 0.015625 0.025
0 0.4078125 0.8734375 0.0125 0.0171875
0 0.371875 0.859375 0.015625 0.01875
0 0.42109375 0.63671875 0.0140625 0.015625
0 0.55703125 0.66953125 0.028125 0.0390625
0 0.51015625 0.7453125 0.01875 0.046875
0 0.5203125 0.79921875 0.021875 0.040625
0 0.46328125 0.87578125 0.0140625 0.021875
0 0.5734375 0.71640625 0.028125 0.0234375
0 0.56640625 0.75546875 0.015625 0.025
0 0.64140625 0.4796875 0.0203125 0.028125
0 0.6546875 0.58125 0.034375 0.06875
0 0.78203125 0.3625 0.021875 0.021875
0 0.91796875 0.31953125 0.0265625 0.0421875
0 0.7984375 0.5734375 0.0140625 0.0359375
0 0.75546875 0.75859375 0.01875 0.025
0 0.703125 0.9203125 0.021875 0.040625
0 0.9625 0.58046875 0.0125 0.0203125
1 0.96796875 0.703125 0.0203125 0.0640625
1 0.83984375 0.55078125 0.0140625 0.0625
1 0.9484375 0.83828125 0.0125 0.0515625
1 0.63359375 0.34921875 0.01875 0.065625
1 0.52421875 0.25859375 0.0171875 0.05625
1 0.3546875 0.24375 0.0125 0.0625