0 0.06796875 0.128125 0.03046875 0.01953125
0 0.015625 0.10390625 0.0171875 0.01328125
0 0.00625 0.1375 0.0078125 0.02578125
0 0.11796875 0.09765625 0.0125 0.01328125
0 0.11171875 0.12734375 0.0203125 0.01484375
0 0.02890625 0.165625 0.01484375 0.01640625
0 0.05078125 0.15 0.01171875 0.01484375
0 0.15703125 0.13828125 0.03203125 0.02265625
0 0.21953125 0.125 0.01328125 0.01640625
0 0.165625 0.17421875 0.015625 0.02109375
0 0.1671875 0.1546875 0.01171875 0.01484375
0 0.22421875 0.20078125 0.02265625 0.01640625
0 0.01953125 0.20703125 0.0125 0.01328125
0 0.04375 0.21171875 0.0078125 0.0109375
0 0.103125 0.22109375 0.015625 0.02421875
0 0.225 0.3265625 0.025 0.02890625
0 0.19765625 0.37265625 0.015625 0.02734375
0 0.17578125 0.459375 0.01328125 0.03359375
0 0.17109375 0.39609375 0.01484375 0.01953125
0 0.1328125 0.56015625 0.01796875 0.01953125
0 0.1265625 0.53671875 0.01015625 0.01796875
0 0.10234375 0.5640625 0.009375 0.01953125
0 0.2265625 0.446875 0.01015625 0.02109375
0 0.253125 0.42265625 0.01328125 0.02109375
0 0.26875 0.33359375 0.0125 0.01796875
0 0.34296875 0.23828125 0.01484375 0.02109375
0 0.4921875 0.196875 0.01171875 0.02421875
0 0.44765625 0.315625 0.03671875 0.01328125
0 0.5359375 0.33515625 0.0125 0.02421875
0 0.31640625 0.52421875 0.0125 0.03046875
0 0.28828125 0.5890625 0.01171875 0.03046875
0 0.34140625 0.575 0.0125 0.01640625
0 0.4375 0.4796875 0.015625 0.01640625
0 0.39296875 0.53125 0.01953125 0.040625
0 0.38203125 0.77421875 0.01015625 0.0390625
0 0.4765625 0.61953125 0.01953125 0.02421875
0 0.496875 0.471875 0.01015625 0.01640625
0 0.5390625 0.496875 0.01171875 0.01484375
0 0.5609375 0.50546875 0.0078125 0.01953125
0 0.56953125 0.54765625 0.015625 0.02265625
0 0.521875 0.61484375 0.02265625 0.03359375
0 0.4015625 0.678125 0.01484375 0.02578125
0 0.37109375 0.83046875 0.0125 0.02421875
0 0.36953125 0.86171875 0.01015625 0.01640625
0 0.33515625 0.84375 0.01328125 0.01796875
0 0.40703125 0.62734375 0.01328125 0.01484375
0 0.5390625 0.67421875 0.02421875 0.03671875
0 0.484375 0.7453125 0.01484375 0.0453125
0 0.4890625 0.8 0.0171875 0.0390625
0 0.42421875 0.86953125 0.0125 0.02109375
0 0.55078125 0.72265625 0.02578125 0.02109375
0 0.5390625 0.7609375 0.01328125 0.02421875
0 0.64296875 0.49453125 0.0171875 0.02578125
0 0.6453125 0.596875 0.028125 0.06640625
0 0.79453125 0.39296875 0.0203125 0.01953125
0 0.934375 0.3640625 0.021875 0.040625
0 0.7890625 0.60390625 0.01015625 0.03515625
0 0.72734375 0.78359375 0.015625 0.02421875
0 0.6578125 0.9390625 0.0171875 0.0390625
0 0.9515625 0.628125 0.01015625 0.01953125
1 0.94453125 0.75078125 0.01328125 0.0625
1 0.8328125 0.5859375 0.0078125 0.0625
1 0.9109375 0.88359375 0.0078125 0.0515625
1 0.6484375 0.3640625 0.0125 0.06484375
1 0.54921875 0.2625 0.01171875 0.0546875
1 0.38203125 0.2296875 0.00546875 0.0625