0 0.1 0.05546875 0.03203125 0.02578125
0 0.0484375 0.290625 0.03046875 0.03515625
0 0.0125 0.43203125 0.025 0.0359375
0 0.11640625 0.53828125 0.02578125 0.03203125
0 0.19453125 0.25 0.02578125 0.025
0 0.30859375 0.05078125 0.03359375 0.02578125
0 0.3359375 0.15078125 0.01875 0.0203125
0 0.4328125 0.15078125 0.0203125 0.0375
0 0.5203125 0.1296875 0.01171875 0.01796875
0 0.5421875 0.1109375 0.00859375 0.00859375
0 0.54609375 0.06328125 0.0109375 0.01484375
0 0.53828125 0.21328125 0.01171875 0.01796875
0 0.60078125 0.20625 0.0125 0.02265625
0 0.63203125 0.040625 0.01796875 0.01328125
0 0.42109375 0.2953125 0.01796875 0.01875
0 0.4796875 0.3640625 0.02421875 0.03203125
0 0.415625 0.3921875 0.0234375 0.02578125
0 0.48671875 0.43359375 0.0203125 0.0234375
0 0.59609375 0.290625 0.0109375 0.015625
0 0.61796875 0.265625 0.0125 0.0109375
0 0.62734375 0.4046875 0.01484375 0.0171875
0 0.61015625 0.515625 0.02421875 0.0390625
0 0.61953125 0.58515625 0.03125 0.040625
0 0.653125 0.51484375 0.01328125 0.01953125
0 0.69140625 0.515625 0.0140625 0.03046875
0 0.70078125 0.6265625 0.028125 0.0375
0 0.4484375 0.64609375 0.028125 0.03984375
0 0.371875 0.696875 0.02109375 0.03046875
0 0.35703125 0.79453125 0.02421875 0.05
0 0.34609375 0.9046875 0.01796875 0.01484375
0 0.4078125 0.9078125 0.02265625 0.015625
0 0.61796875 0.76328125 0.025 0.03125
0 0.81484375 0.72890625 0.01328125 0.02109375
0 0.87890625 0.68828125 0.01015625 0.021875
0 0.79765625 0.6234375 0.01484375 0.021875
0 0.8453125 0.94765625 0.009375 0.015625
0 0.86796875 0.434375 0.00859375 0.015625
0 0.7796875 0.47890625 0.00703125 0.00859375
0 0.76875 0.37265625 0.0203125 0.03125
0 0.74609375 0.26484375 0.0078125 0.01484375
0 0.75546875 0.16328125 0.01015625 0.0171875
1 0.89921875 0.2171875 0.01640625 0.04453125
1 0.75078125 0.06640625 0.0140625 0.04921875
1 0.92890625 0.42109375 0.01796875 0.059375
1 0.86640625 0.55703125 0.01171875 0.059375
1 0.15390625 0.01875 0.01171875 0.034375
1 0.478125 0.04921875 0.01640625 0.06328125