0 0.03515625 0.22578125 0.053125 0.071875
0 0.2421875 0.11328125 0.0578125 0.04375
0 0.09609375 0.0421875 0.0640625 0.034375
0 0.19921875 0.20390625 0.0359375 0.0375
0 0.21875 0.60859375 0.1 0.1265625
0 0.12734375 0.30234375 0.04375 0.0421875
0 0.40546875 0.28828125 0.0578125 0.075
0 0.44765625 0.28046875 0.071875 0.065625
0 0.43828125 0.23671875 0.0546875 0.0625
0 0.39609375 0.03671875 0.0453125 0.05625
0 0.6984375 0.04609375 0.034375 0.0328125
0 0.7546875 0.06328125 0.0734375 0.0421875
0 0.83203125 0.01796875 0.0890625 0.0359375
0 0.92265625 0.0921875 0.0765625 0.084375
0 0.89921875 0.23515625 0.0375 0.0703125
0 0.88984375 0.3578125 0.034375 0.0328125
0 0.9453125 0.328125 0.05 0.034375
0 0.65859375 0.2390625 0.065625 0.059375
0 0.5984375 0.27734375 0.034375 0.0203125
0 0.47109375 0.33515625 0.03125 0.0296875
0 0.54375 0.44453125 0.1015625 0.109375
0 0.30625 0.80234375 0.09375 0.1140625
0 0.39609375 0.9734375 0.0640625 0.053125
0 0.45625 0.8 0.0328125 0.0390625
0 0.54765625 0.9734375 0.0375 0.046875
0 0.3859375 0.71640625 0.0359375 0.0515625
0 0.45703125 0.60625 0.0515625 0.053125
0 0.70078125 0.69296875 0.109375 0.140625
0 0.81953125 0.66171875 0.04375 0.0359375
0 0.93515625 0.7203125 0.028125 0.0328125
0 0.79765625 0.465625 0.0375 0.028125
0 0.83828125 0.4375 0.053125 0.053125
0 0.6765625 0.35390625 0.0375 0.0328125
1 0.33125 0.33359375 0.0484375 0.1015625
1 0.1390625 0.43671875 0.053125 0.0984375
1 0.721875 0.1734375 0.0625 0.1046875
1 0.95390625 0.51171875 0.05625 0.1453125
1 0.67890625 0.44375 0.0453125 0.05625
1 0.509375 0.73671875 0.0390625 0.1015625
1 0.85078125 0.9421875 0.0484375 0.071875