0 0.01328125 0.309375 0.0265625 0.078125
0 0.17890625 0.1640625 0.0640625 0.053125
0 0.028125 0.11875 0.05625 0.04375
0 0.15234375 0.2609375 0.040625 0.0421875
0 0.2421875 0.65625 0.1171875 0.1390625
0 0.0984375 0.36953125 0.05 0.0484375
0 0.3703125 0.3078125 0.06875 0.08125
0 0.41015625 0.29296875 0.08125 0.075
0 0.39375 0.25078125 0.0625 0.0703125
0 0.3171875 0.06171875 0.053125 0.0609375
0 0.61640625 0.01875 0.0390625 0.0375
0 0.675 0.02578125 0.078125 0.0515625
0 0.8453125 0.0359375 0.0875 0.071875
0 0.846875 0.16953125 0.0484375 0.075
0 0.85859375 0.2921875 0.0390625 0.0375
0 0.90859375 0.253125 0.053125 0.0421875
0 0.6109375 0.215625 0.0734375 0.06875
0 0.55859375 0.2640625 0.0359375 0.025
0 0.44296875 0.34296875 0.0359375 0.034375
0 0.53359375 0.4375 0.1171875 0.121875
0 0.36171875 0.83125 0.109375 0.1265625
0 0.48125 0.9765625 0.071875 0.046875
0 0.50859375 0.803125 0.0375 0.04375
0 0.6296875 0.9578125 0.0453125 0.053125
0 0.425 0.7328125 0.04375 0.05625
0 0.4765625 0.6125 0.0578125 0.059375
0 0.73125 0.6546875 0.1296875 0.1546875
0 0.84296875 0.60390625 0.0484375 0.0421875
0 0.96640625 0.64140625 0.0328125 0.0375
0 0.7875 0.41484375 0.040625 0.0328125
0 0.82265625 0.3796875 0.0609375 0.059375
0 0.64921875 0.325 0.040625 0.0375
1 0.3046875 0.36484375 0.0640625 0.10625
1 0.13359375 0.5 0.06875 0.103125
1 0.66171875 0.13984375 0.078125 0.1109375
1 0.94921875 0.4328125 0.0796875 0.15
1 0.66640625 0.41328125 0.053125 0.0609375
1 0.55078125 0.73125 0.05625 0.1046875
1 0.921875 0.875 0.059375 0.0765625