0 0.44140625 0.071875 0.06875 0.0390625
0 0.69609375 0.1421875 0.0515625 0.040625
0 0.534375 0.225 0.0609375 0.0375
0 0.41796875 0.39453125 0.034375 0.0296875
0 0.48828125 0.4375 0.040625 0.04375
0 0.83359375 0.5328125 0.0765625 0.0515625
0 0.4703125 0.38203125 0.034375 0.0296875
0 0.021875 0.51796875 0.04375 0.0390625
0 0.16484375 0.5296875 0.0453125 0.034375
0 0.184375 0.4578125 0.040625 0.0359375
0 0.38359375 0.5328125 0.0359375 0.0359375
0 0.44765625 0.73515625 0.05 0.0578125
0 0.51796875 0.73125 0.0453125 0.0484375
0 0.565625 0.82890625 0.0453125 0.053125
1 0.6765625 0.678125 0.025 0.0703125
1 0.6171875 0.528125 0.021875 0.0703125
1 0.81875 0.728125 0.0328125 0.128125
1 0.32578125 0.85234375 0.0203125 0.109375
1 0.840625 0.11015625 0.015625 0.0828125
1 0.56953125 0.1 0.0265625 0.08125
1 0.03671875 0.309375 0.0203125 0.0875