0 0.146875 0.05234375 0.034375 0.025
0 0.1 0.01875 0.01875 0.015625
0 0.084375 0.05 0.0125 0.0265625
0 0.2015625 0.03203125 0.0140625 0.015625
0 0.18984375 0.06015625 0.0234375 0.01875
0 0.1015625 0.08203125 0.0171875 0.01875
0 0.12578125 0.07109375 0.0140625 0.0171875
0 0.23203125 0.0796875 0.0359375 0.028125
0 0.29609375 0.078125 0.015625 0.01875
0 0.23359375 0.11640625 0.01875 0.0234375
0 0.2390625 0.09765625 0.0140625 0.0171875
0 0.28671875 0.15390625 0.025 0.0203125
0 0.084375 0.12109375 0.0140625 0.015625
0 0.10703125 0.1296875 0.009375 0.0125
0 0.16328125 0.15078125 0.0203125 0.0265625
0 0.26328125 0.27734375 0.0296875 0.0328125
0 0.22734375 0.3171875 0.0203125 0.0296875
0 0.18984375 0.3984375 0.01875 0.0359375
0 0.196875 0.33515625 0.01875 0.021875
0 0.128125 0.4890625 0.021875 0.021875
0 0.1265625 0.46484375 0.0140625 0.0203125
0 0.09765625 0.48671875 0.0125 0.0203125
0 0.24140625 0.3953125 0.0140625 0.021875
0 0.27265625 0.37734375 0.0171875 0.0234375
0 0.3046875 0.2921875 0.015625 0.0203125
0 0.39609375 0.21328125 0.01875 0.0234375
0 0.55 0.20078125 0.015625 0.0265625
0 0.48359375 0.309375 0.0390625 0.0203125
0 0.56640625 0.3453125 0.0171875 0.0265625
0 0.31484375 0.4890625 0.01875 0.0328125
0 0.275 0.546875 0.0171875 0.0328125
0 0.3296875 0.54375 0.015625 0.01875
0 0.4421875 0.46796875 0.01875 0.01875
0 0.3890625 0.51015625 0.0265625 0.04375
0 0.33203125 0.746875 0.0171875 0.040625
0 0.45390625 0.6125 0.0234375 0.028125
0 0.50234375 0.471875 0.0125 0.01875
0 0.5390625 0.5046875 0.0140625 0.0171875
0 0.55859375 0.5171875 0.0109375 0.0203125
0 0.559375 0.56015625 0.0203125 0.025
0 0.49921875 0.6171875 0.028125 0.0375
0 0.36953125 0.65625 0.01875 0.028125
0 0.31015625 0.8 0.0171875 0.0265625
0 0.303125 0.83046875 0.0125 0.01875
0 0.27265625 0.80625 0.0171875 0.0203125
0 0.384375 0.60703125 0.015625 0.0171875
0 0.50546875 0.678125 0.03125 0.040625
0 0.4375 0.7375 0.0234375 0.046875
0 0.43203125 0.7921875 0.025 0.0421875
0 0.35546875 0.8484375 0.015625 0.0234375
0 0.50703125 0.728125 0.0296875 0.025
0 0.48828125 0.76328125 0.0171875 0.0265625
0 0.64140625 0.521875 0.021875 0.028125
0 0.62421875 0.62265625 0.040625 0.0703125
0 0.809375 0.45078125 0.0234375 0.0234375
0 0.95234375 0.44921875 0.0296875 0.04375
0 0.7640625 0.65703125 0.0171875 0.0359375
0 0.66875 0.821875 0.0203125 0.0265625
0 0.57109375 0.9609375 0.025 0.0421875
0 0.91875 0.71171875 0.0140625 0.021875
1 0.88828125 0.83125 0.025 0.0640625
1 0.81015625 0.64765625 0.0203125 0.0625
1 0.83046875 0.9546875 0.0171875 0.0515625
1 0.671875 0.39453125 0.025 0.065625
1 0.59375 0.2765625 0.021875 0.05625
1 0.4359375 0.2125 0.0171875 0.0625