0 0.00859375 0.17421875 0.0171875 0.0328125
0 0.0140625 0.41484375 0.028125 0.0421875
0 0.0140625 0.559375 0.028125 0.040625
0 0.1390625 0.6359375 0.0328125 0.0375
0 0.140625 0.3375 0.03125 0.03125
0 0.19921875 0.115625 0.0390625 0.034375
0 0.25078125 0.20546875 0.0234375 0.025
0 0.34453125 0.1796875 0.0296875 0.0421875
0 0.4234375 0.13671875 0.015625 0.0203125
0 0.43984375 0.11328125 0.0109375 0.0109375
0 0.43125 0.06640625 0.0140625 0.0171875
0 0.4625 0.21328125 0.015625 0.0203125
0 0.52109375 0.18984375 0.0171875 0.025
0 0.50859375 0.021875 0.0203125 0.0171875
0 0.37109375 0.32265625 0.021875 0.0234375
0 0.4453125 0.37421875 0.03125 0.0375
0 0.390625 0.41796875 0.0296875 0.03125
0 0.4703125 0.4390625 0.025 0.028125
0 0.53828125 0.27265625 0.0140625 0.0171875
0 0.553125 0.24296875 0.015625 0.0140625
0 0.5984375 0.375 0.01875 0.0203125
0 0.61015625 0.48671875 0.0328125 0.04375
0 0.6375 0.5515625 0.040625 0.046875
0 0.6515625 0.475 0.0171875 0.021875
0 0.6890625 0.465625 0.021875 0.0328125
0 0.7265625 0.5703125 0.0375 0.04375
0 0.48828125 0.6546875 0.0375 0.0453125
0 0.42734375 0.7234375 0.028125 0.034375
0 0.43828125 0.821875 0.0359375 0.0546875
0 0.45625 0.93046875 0.021875 0.01875
0 0.51640625 0.91796875 0.0265625 0.0203125
0 0.68203125 0.7234375 0.0328125 0.0359375
0 0.86328125 0.63984375 0.01875 0.0234375
0 0.91484375 0.58359375 0.015625 0.0234375
0 0.81953125 0.5421875 0.0203125 0.025
0 0.94921875 0.84296875 0.0125 0.0171875
0 0.83828125 0.34140625 0.0125 0.0171875
0 0.76484375 0.40703125 0.009375 0.009375
0 0.7265625 0.3078125 0.028125 0.0359375
0 0.6765625 0.209375 0.0109375 0.015625
0 0.659375 0.10859375 0.0140625 0.01875
1 0.8125 0.1234375 0.028125 0.046875
1 0.62890625 0.02109375 0.0265625 0.0421875
1 0.89375 0.3125 0.0328125 0.0625
1 0.86875 0.46015625 0.0265625 0.0609375
1 0.04140625 0.125 0.0203125 0.0359375
1 0.3625 0.0703125 0.0328125 0.065625