0 0.45625 0.0703125 0.06796875 0.0359375
0 0.70859375 0.14921875 0.05 0.0390625
0 0.54375 0.2265625 0.059375 0.0359375
0 0.421875 0.39140625 0.0328125 0.028125
0 0.490625 0.4375 0.0390625 0.04296875
0 0.83203125 0.54453125 0.07421875 0.04921875
0 0.47421875 0.38125 0.0328125 0.028125
0 0.021875 0.50234375 0.04375 0.0375
0 0.1640625 0.51796875 0.04375 0.0328125
0 0.1859375 0.446875 0.0390625 0.034375
0 0.3828125 0.52890625 0.03515625 0.034375
0 0.43984375 0.7328125 0.0484375 0.05546875
0 0.51015625 0.73203125 0.04375 0.04765625
0 0.55390625 0.83125 0.04375 0.05234375
1 0.6703125 0.684375 0.021875 0.0703125
1 0.61640625 0.53203125 0.01953125 0.0703125
1 0.8109375 0.7390625 0.028125 0.1265625
1 0.31328125 0.84609375 0.0171875 0.10859375
1 0.85390625 0.12265625 0.01328125 0.08203125
1 0.58359375 0.10234375 0.02421875 0.08046875
1 0.04375 0.29296875 0.0171875 0.08671875