0 0.0140625 0.15703125 0.028125 0.0328125
0 0.015625 0.396875 0.03125 0.040625
0 0.0125 0.54375 0.025 0.040625
0 0.13515625 0.6234375 0.0328125 0.0375
0 0.14609375 0.325 0.03125 0.0296875
0 0.2125 0.10546875 0.0390625 0.0328125
0 0.26171875 0.196875 0.0234375 0.0234375
0 0.35625 0.175 0.028125 0.040625
0 0.43671875 0.134375 0.015625 0.0203125
0 0.45390625 0.11171875 0.0109375 0.0109375
0 0.446875 0.0640625 0.0140625 0.0171875
0 0.47265625 0.21171875 0.015625 0.0203125
0 0.53203125 0.19140625 0.0171875 0.025
0 0.525 0.02265625 0.0203125 0.0171875
0 0.37734375 0.31796875 0.021875 0.021875
0 0.45 0.371875 0.03125 0.0359375
0 0.39375 0.4140625 0.028125 0.0296875
0 0.471875 0.43828125 0.025 0.028125
0 0.546875 0.27421875 0.0140625 0.0171875
0 0.5625 0.2453125 0.0140625 0.0140625
0 0.60234375 0.378125 0.01875 0.0203125
0 0.6109375 0.490625 0.0328125 0.04375
0 0.6359375 0.55625 0.0390625 0.046875
0 0.65234375 0.4796875 0.0171875 0.021875
0 0.68984375 0.471875 0.0203125 0.0328125
0 0.72421875 0.578125 0.0359375 0.0421875
0 0.4828125 0.65390625 0.0359375 0.0453125
0 0.41953125 0.7203125 0.028125 0.034375
0 0.4265625 0.81953125 0.034375 0.0546875
0 0.44140625 0.92890625 0.0203125 0.01875
0 0.5015625 0.91796875 0.025 0.0203125
0 0.67421875 0.7296875 0.03125 0.0359375
0 0.85859375 0.65234375 0.0171875 0.0234375
0 0.91171875 0.5984375 0.0140625 0.0234375
0 0.81796875 0.553125 0.01875 0.025
0 0.9375 0.85859375 0.0125 0.0171875
0 0.84375 0.353125 0.0125 0.0171875
0 0.76796875 0.41640625 0.009375 0.009375
0 0.73359375 0.315625 0.0265625 0.034375
0 0.68671875 0.215625 0.0109375 0.015625
0 0.6734375 0.1140625 0.0140625 0.01875
1 0.825 0.134375 0.0265625 0.046875
1 0.646875 0.0234375 0.025 0.046875
1 0.9 0.3265625 0.03125 0.0625
1 0.86953125 0.4734375 0.025 0.0609375
1 0.0546875 0.10859375 0.01875 0.0359375
1 0.37734375 0.065625 0.0296875 0.065625