0 0.078125 0.090625 0.046875 0.04453125
0 0.128125 0.13515625 0.0375 0.04453125
0 0.053125 0.23671875 0.0421875 0.03671875
0 0.04140625 0.5234375 0.02265625 0.059375
0 0.02109375 0.86953125 0.03203125 0.04453125
0 0.2421875 0.8859375 0.0375 0.0515625
0 0.30703125 0.88203125 0.03203125 0.0609375
0 0.434375 0.8859375 0.02734375 0.04140625
0 0.4859375 0.953125 0.0375 0.06640625
0 0.5453125 0.9875 0.04296875 0.025
0 0.5296875 0.903125 0.0296875 0.04296875
0 0.4828125 0.82265625 0.03984375 0.0515625
0 0.3828125 0.71171875 0.025 0.04140625
0 0.21640625 0.5109375 0.03515625 0.0484375
0 0.2328125 0.28671875 0.0421875 0.04609375
0 0.303125 0.30078125 0.0546875 0.0515625
0 0.3359375 0.03515625 0.03984375 0.03984375
0 0.46484375 0.05546875 0.03984375 0.03828125
0 0.57578125 0.11328125 0.05234375 0.04453125
0 0.328125 0.40234375 0.05 0.05
0 0.35078125 0.44921875 0.04453125 0.03984375
0 0.365625 0.58515625 0.06484375 0.06640625
0 0.40703125 0.64765625 0.0625 0.115625
0 0.571875 0.425 0.04453125 0.0578125
0 0.62578125 0.5328125 0.0375 0.04140625
0 0.64140625 0.26796875 0.05 0.0609375
0 0.71171875 0.375 0.05 0.04453125
0 0.75390625 0.496875 0.03515625 0.053125
0 0.909375 0.79296875 0.0625 0.0609375
0 0.96640625 0.9328125 0.05234375 0.059375
0 0.82109375 0.33203125 0.03515625 0.03125
0 0.784375 0.25390625 0.0375 0.03671875
0 0.8609375 0.09921875 0.0296875 0.03984375
1 0.48984375 0.18046875 0.0296875 0.06640625
1 0.7 0.11953125 0.0375 0.06640625
1 0.22734375 0.1078125 0.0375 0.09296875
1 0.66796875 0.73125 0.05234375 0.1046875
1 0.93359375 0.525 0.0375 0.06640625
1 0.565625 0.81015625 0.0375 0.06953125