0 0.13125 0.0421875 0.0515625 0.05
0 0.175 0.0921875 0.0421875 0.0484375
0 0.08828125 0.184375 0.046875 0.0421875
0 0.0421875 0.4671875 0.0296875 0.0609375
0 0.196875 0.8515625 0.04375 0.05625
0 0.26171875 0.85546875 0.0390625 0.0640625
0 0.3875 0.875 0.0328125 0.04375
0 0.43046875 0.94765625 0.0453125 0.0703125
0 0.48515625 0.98671875 0.0453125 0.0265625
0 0.48046875 0.90390625 0.034375 0.046875
0 0.44375 0.81796875 0.0453125 0.05625
0 0.3578125 0.69609375 0.0296875 0.04375
0 0.2171875 0.4765625 0.040625 0.053125
0 0.2609375 0.25546875 0.046875 0.0515625
0 0.32890625 0.278125 0.0609375 0.0578125
0 0.39375 0.0203125 0.04375 0.040625
0 0.51953125 0.0546875 0.04375 0.0421875
0 0.62265625 0.12578125 0.0578125 0.05
0 0.34140625 0.38203125 0.05625 0.05625
0 0.3578125 0.43125 0.0484375 0.0453125
0 0.35625 0.56796875 0.071875 0.0734375
0 0.38984375 0.63515625 0.0765625 0.121875
0 0.58046875 0.434375 0.0515625 0.0625
0 0.62109375 0.54765625 0.0421875 0.0453125
0 0.66875 0.28671875 0.0578125 0.0671875
0 0.725 0.4015625 0.0546875 0.05
0 0.75234375 0.528125 0.040625 0.05625
0 0.8703125 0.840625 0.06875 0.06875
0 0.909375 0.9765625 0.059375 0.046875
0 0.8390625 0.37265625 0.0390625 0.0359375
0 0.8125 0.290625 0.0421875 0.040625
0 0.90703125 0.14609375 0.034375 0.04375
1 0.52890625 0.18125 0.0375 0.06875
1 0.74453125 0.146875 0.0453125 0.0703125
1 0.27734375 0.07734375 0.0484375 0.096875
1 0.63828125 0.75 0.0640625 0.1109375
1 0.92734375 0.57734375 0.0453125 0.0703125
1 0.52734375 0.815625 0.0453125 0.0734375