0 0.08515625 0.08359375 0.046875 0.0453125
0 0.134375 0.12890625 0.0375 0.0453125
0 0.0578125 0.22890625 0.0421875 0.0375
0 0.04140625 0.515625 0.0234375 0.059375
0 0.015625 0.86015625 0.03125 0.0453125
0 0.23515625 0.88125 0.0390625 0.0515625
0 0.30078125 0.87890625 0.0328125 0.0609375
0 0.42734375 0.884375 0.028125 0.0421875
0 0.478125 0.953125 0.0390625 0.0671875
0 0.5359375 0.9875 0.04375 0.025
0 0.52265625 0.90390625 0.0296875 0.04375
0 0.47734375 0.82265625 0.040625 0.0515625
0 0.37890625 0.709375 0.025 0.0421875
0 0.21640625 0.50625 0.0359375 0.0484375
0 0.23671875 0.28203125 0.04375 0.046875
0 0.30625 0.29765625 0.05625 0.053125
0 0.34375 0.03203125 0.040625 0.040625
0 0.47265625 0.0546875 0.040625 0.0390625
0 0.5828125 0.11484375 0.053125 0.0453125
0 0.3296875 0.39921875 0.0515625 0.0515625
0 0.3515625 0.446875 0.0453125 0.040625
0 0.3640625 0.5828125 0.065625 0.0671875
0 0.4046875 0.64609375 0.0640625 0.1171875
0 0.5734375 0.4265625 0.0453125 0.0578125
0 0.625 0.53515625 0.0375 0.0421875
0 0.6453125 0.2703125 0.0515625 0.0625
0 0.7140625 0.37890625 0.05 0.0453125
0 0.75390625 0.5015625 0.0359375 0.053125
0 0.90390625 0.8 0.0640625 0.0625
0 0.95859375 0.940625 0.053125 0.0609375
0 0.82421875 0.3375 0.0359375 0.03125
0 0.78828125 0.25859375 0.0375 0.0375
0 0.86796875 0.10546875 0.0296875 0.040625
1 0.4953125 0.18046875 0.03125 0.0671875
1 0.70625 0.1234375 0.0390625 0.0671875
1 0.234375 0.103125 0.0390625 0.09375
1 0.6640625 0.734375 0.0546875 0.10625
1 0.9328125 0.5328125 0.0390625 0.0671875
1 0.56015625 0.8109375 0.0390625 0.0703125