1 0.29296875 0.2671875 0.01640625 0.046875
1 0.35546875 0.33125 0.021875 0.08671875
1 0.56015625 0.13984375 0.01640625 0.05390625
1 0.53515625 0.16953125 0.01640625 0.0484375
1 0.5953125 0.253125 0.04140625 0.05703125
1 0.53359375 0.24140625 0.01015625 0.0609375
1 0.57890625 0.35625 0.01484375 0.0625
1 0.625 0.39609375 0.01796875 0.03125
1 0.7234375 0.471875 0.00859375 0.05546875
1 0.76640625 0.57265625 0.01484375 0.05703125
1 0.828125 0.4375 0.0265625 0.07421875
1 0.82890625 0.54609375 0.028125 0.07265625
1 0.290625 0.49609375 0.021875 0.02734375
1 0.25390625 0.71640625 0.025 0.02578125
1 0.6546875 0.76328125 0.0234375 0.05703125
1 0.5875 0.7984375 0.01171875 0.0671875
1 0.6609375 0.85625 0.01953125 0.05234375