1 0.27890625 0.39765625 0.02734375 0.025
1 0.1640625 0.38828125 0.015625 0.03671875
1 0.221875 0.3671875 0.01796875 0.05
1 0.34296875 0.2671875 0.025 0.04609375
1 0.39296875 0.30703125 0.015625 0.05
1 0.2828125 0.278125 0.01796875 0.02578125
1 0.21171875 0.303125 0.025 0.015625
1 0.13359375 0.33125 0.01796875 0.034375
1 0.07890625 0.36015625 0.02265625 0.040625
1 0.12890625 0.41171875 0.01796875 0.05390625
1 0.31953125 0.35703125 0.02734375 0.0375
1 0.221875 0.43515625 0.01796875 0.03984375
1 0.353125 0.44375 0.02734375 0.034375
1 0.2953125 0.52109375 0.0109375 0.04375
1 0.17890625 0.5234375 0.02265625 0.040625
1 0.10390625 0.584375 0.01328125 0.059375
1 0.19375 0.6203125 0.0203125 0.04296875
1 0.25625 0.65234375 0.01328125 0.02734375
1 0.28515625 0.6140625 0.01328125 0.02578125
1 0.3671875 0.65 0.01796875 0.03046875
1 0.3875 0.41171875 0.01796875 0.034375
1 0.44921875 0.34921875 0.0296875 0.053125
1 0.55 0.2890625 0.02265625 0.04375
1 0.62265625 0.4 0.02265625 0.03671875
1 0.56640625 0.365625 0.02265625 0.05546875
1 0.6375 0.2640625 0.04296875 0.04609375
1 0.71328125 0.234375 0.02734375 0.04765625
1 0.77578125 0.24140625 0.0296875 0.04140625
1 0.846875 0.2765625 0.02265625 0.040625
1 0.79375 0.31640625 0.03359375 0.05703125
1 0.6609375 0.32578125 0.01796875 0.04140625
1 0.665625 0.4546875 0.0453125 0.05625
1 0.56875 0.4328125 0.02265625 0.0375
1 0.60234375 0.5265625 0.05 0.06015625
1 0.8296875 0.38203125 0.025 0.03984375
1 0.70546875 0.584375 0.04296875 0.04453125
1 0.65078125 0.61640625 0.015625 0.04296875
1 0.59140625 0.6421875 0.03203125 0.028125