1 0.0625 0.328125 0.021875 0.059375
1 0.10078125 0.3484375 0.028125 0.075
1 0.14765625 0.36640625 0.0234375 0.05625
1 0.19453125 0.415625 0.01875 0.0328125
1 0.13125 0.39765625 0.0328125 0.0703125
1 0.18359375 0.37421875 0.021875 0.025
1 0.234375 0.42734375 0.025 0.0453125
1 0.19453125 0.51953125 0.028125 0.046875
1 0.17109375 0.56875 0.03125 0.071875
1 0.1265625 0.55390625 0.0265625 0.0296875
1 0.09921875 0.56015625 0.015625 0.0328125
1 0.2265625 0.5171875 0.0265625 0.0421875
1 0.25078125 0.49375 0.028125 0.053125
1 0.25703125 0.60390625 0.0234375 0.0375
1 0.2828125 0.57265625 0.034375 0.0609375
1 0.309375 0.52890625 0.0234375 0.0296875
1 0.36640625 0.40078125 0.0140625 0.034375
1 0.40234375 0.42109375 0.025 0.071875
1 0.4328125 0.43125 0.034375 0.0859375
1 0.43984375 0.3578125 0.0328125 0.0671875
1 0.46875 0.365625 0.034375 0.1140625
1 0.50078125 0.37265625 0.0484375 0.10625
1 0.55625 0.3953125 0.021875 0.0796875
1 0.58515625 0.38046875 0.0203125 0.034375
1 0.69609375 0.26484375 0.025 0.046875