1 0.4359375 0.2203125 0.025 0.0625
1 0.6015625 0.29453125 0.0203125 0.0515625
1 0.62578125 0.44609375 0.0171875 0.0453125
1 0.3359375 0.33046875 0.028125 0.0296875
1 0.346875 0.49453125 0.0359375 0.025
1 0.553125 0.603125 0.0515625 0.0265625
1 0.53671875 0.50859375 0.0296875 0.0203125
1 0.4125 0.44453125 0.028125 0.034375
1 0.25625 0.41796875 0.0328125 0.0328125
1 0.29609375 0.63984375 0.028125 0.0296875
1 0.37578125 0.7171875 0.021875 0.0875
1 0.46015625 0.75546875 0.0359375 0.0640625
1 0.65390625 0.71875 0.0546875 0.025
1 0.590625 0.7984375 0.0390625 0.021875
1 0.540625 0.36328125 0.0125 0.0359375
1 0.46640625 0.3359375 0.0296875 0.05625