1 0.24921875 0.3578125 0.0296875 0.034375
1 0.38984375 0.34765625 0.01875 0.0328125
1 0.42421875 0.30546875 0.01875 0.0296875
1 0.46640625 0.265625 0.0140625 0.03125
1 0.0703125 0.3859375 0.03125 0.0296875
1 0.178125 0.38125 0.0375 0.0390625
1 0.01640625 0.41328125 0.025 0.0296875
1 0.021875 0.50390625 0.0234375 0.025
1 0.06953125 0.49140625 0.0203125 0.0296875
1 0.11484375 0.4859375 0.021875 0.0296875
1 0.15859375 0.48203125 0.021875 0.03125
1 0.21015625 0.46796875 0.0234375 0.0234375
1 0.25078125 0.46015625 0.021875 0.021875
1 0.0875 0.5375 0.0265625 0.0109375
1 0.1453125 0.525 0.021875 0.0109375
1 0.20625 0.5140625 0.0453125 0.0171875
1 0.26640625 0.49609375 0.04375 0.015625
1 0.18671875 0.5578125 0.0609375 0.025
1 0.26015625 0.53984375 0.04375 0.01875
1 0.33515625 0.5140625 0.0515625 0.01875
1 0.459375 0.4484375 0.0234375 0.0125
1 0.440625 0.46796875 0.034375 0.0234375
1 0.50234375 0.41328125 0.03125 0.0171875
1 0.5375 0.3765625 0.01875 0.0140625
1 0.428125 0.4 0.0203125 0.0125
1 0.4609375 0.36953125 0.0265625 0.01875
1 0.49296875 0.33671875 0.0125 0.009375
0 0.07265625 0.63671875 0.0234375 0.0140625
0 0.04453125 0.60078125 0.025 0.0140625
0 0.09296875 0.59609375 0.0140625 0.009375
0 0.11171875 0.59609375 0.0265625 0.0125
0 0.1484375 0.59375 0.015625 0.0078125
0 0.1515625 0.60546875 0.0140625 0.009375
0 0.1671875 0.61171875 0.0265625 0.0109375
0 0.10390625 0.63671875 0.015625 0.009375
0 0.034375 0.6359375 0.015625 0.0109375
0 0.06953125 0.6828125 0.0140625 0.0078125
0 0.09609375 0.67734375 0.0234375 0.0125
0 0.11640625 0.67578125 0.0125 0.0078125
0 0.0828125 0.68515625 0.0203125 0.0125
0 0.22734375 0.56796875 0.0265625 0.0140625
0 0.21796875 0.58046875 0.0328125 0.01875
0 0.18046875 0.64609375 0.015625 0.0078125
0 0.14921875 0.7046875 0.0125 0.0109375
0 0.10078125 0.77109375 0.0203125 0.0203125
0 0.11484375 0.78515625 0.0171875 0.0140625
0 0.12578125 0.77265625 0.0265625 0.0171875
0 0.08046875 0.80390625 0.01875 0.0109375
0 0.1640625 0.7359375 0.0203125 0.0125
0 0.1703125 0.725 0.0203125 0.0140625
0 0.13203125 0.725 0.01875 0.0125
0 0.29296875 0.6890625 0.025 0.01875
0 0.38125 0.66796875 0.01875 0.01875
0 0.42734375 0.65234375 0.0171875 0.015625
0 0.55703125 0.5828125 0.015625 0.015625
0 0.52265625 0.5671875 0.0203125 0.0171875