1 0.40234375 0.2296875 0.01875 0.0625
1 0.57578125 0.28359375 0.0140625 0.0515625
1 0.61796875 0.43125 0.0125 0.0453125
1 0.31640625 0.3515625 0.025 0.0265625
1 0.346875 0.51328125 0.034375 0.0203125
1 0.565625 0.59609375 0.05 0.0203125
1 0.5375 0.50390625 0.0296875 0.0171875
1 0.40703125 0.45625 0.025 0.03125
1 0.2484375 0.44765625 0.0296875 0.0296875
1 0.31484375 0.66328125 0.025 0.0265625
1 0.403125 0.73046875 0.0109375 0.0890625
1 0.49140625 0.75859375 0.0296875 0.0625
1 0.6796875 0.6984375 0.053125 0.01875
1 0.6265625 0.78515625 0.0375 0.0171875
1 0.52421875 0.359375 0.009375 0.0359375
1 0.446875 0.34140625 0.0234375 0.0546875