1 0.07578125 0.41953125 0.0234375 0.0421875
1 0.0421875 0.45703125 0.025 0.0421875
1 0.13046875 0.465625 0.0328125 0.06875
1 0.09765625 0.49921875 0.0359375 0.06875
1 0.06640625 0.5515625 0.0359375 0.059375
1 0.1359375 0.39296875 0.03125 0.0484375
1 0.2109375 0.46875 0.025 0.0796875
1 0.17578125 0.45390625 0.028125 0.0671875
1 0.240625 0.41953125 0.034375 0.0734375
1 0.2890625 0.45234375 0.021875 0.065625
1 0.2578125 0.50625 0.0203125 0.0578125
1 0.1875 0.571875 0.0453125 0.05625
1 0.2921875 0.5671875 0.03125 0.046875
1 0.35859375 0.46796875 0.0359375 0.08125
1 0.3828125 0.54296875 0.0296875 0.0625
1 0.33046875 0.40859375 0.0265625 0.05
1 0.2515625 0.31796875 0.0296875 0.0421875
1 0.3015625 0.3171875 0.025 0.0609375
1 0.34921875 0.33828125 0.034375 0.0765625
1 0.4015625 0.35390625 0.0328125 0.05625
1 0.3890625 0.2421875 0.0515625 0.0609375
1 0.51484375 0.2953125 0.04375 0.115625
1 0.56953125 0.28203125 0.0359375 0.0796875
1 0.5890625 0.2140625 0.0328125 0.053125
1 0.64453125 0.221875 0.0421875 0.075
1 0.721875 0.25703125 0.0421875 0.0890625
1 0.64296875 0.32109375 0.04375 0.0875
1 0.571875 0.390625 0.028125 0.046875
1 0.790625 0.221875 0.0265625 0.046875
1 0.77265625 0.28828125 0.040625 0.0578125
1 0.84375 0.29765625 0.0375 0.06875
1 0.62890625 0.45078125 0.0390625 0.075
1 0.5796875 0.49609375 0.0390625 0.0734375
1 0.6625 0.5734375 0.034375 0.0625
1 0.74140625 0.57265625 0.040625 0.0671875
1 0.6328125 0.6140625 0.03125 0.05