1 0.390625 0.29296875 0.01875 0.0640625
1 0.42421875 0.36015625 0.01875 0.090625
1 0.33828125 0.2109375 0.021875 0.0640625
1 0.30390625 0.42734375 0.025 0.0875
1 0.3328125 0.52265625 0.0328125 0.0265625
1 0.36640625 0.4515625 0.0375 0.025
1 0.53203125 0.2875 0.01875 0.078125
1 0.50625 0.346875 0.015625 0.0578125
1 0.56484375 0.21484375 0.021875 0.071875
1 0.61796875 0.40078125 0.0671875 0.01875
1 0.5609375 0.45859375 0.0515625 0.0171875
1 0.58984375 0.575 0.053125 0.021875
1 0.69765625 0.490625 0.0375 0.00625
1 0.5359375 0.6203125 0.0453125 0.0171875
1 0.41484375 0.58359375 0.040625 0.028125
1 0.43203125 0.73828125 0.0171875 0.1
1 0.5328125 0.74375 0.0328125 0.046875