1 0.184375 0.58046875 0.0421875 0.1265625
1 0.30625 0.47421875 0.04375 0.1703125
1 0.0703125 0.775 0.04375 0.125
1 0.38203125 0.43359375 0.03125 0.1171875
1 0.48359375 0.59921875 0.034375 0.1203125
1 0.4015625 0.7859375 0.034375 0.128125
1 0.5796875 0.3359375 0.0296875 0.1171875
1 0.4765625 0.30625 0.0265625 0.096875
1 0.365625 0.29609375 0.025 0.0734375
1 0.3 0.6859375 0.028125 0.1
1 0.1859375 0.78125 0.0328125 0.103125
1 0.12421875 0.87421875 0.0484375 0.1359375
1 0.51796875 0.7359375 0.0390625 0.1171875
1 0.840625 0.74609375 0.0328125 0.1796875
1 0.89765625 0.8171875 0.0265625 0.121875
1 0.746875 0.73828125 0.034375 0.1453125