1 0.11796875 0.4625 0.02109375 0.06640625
1 0.18828125 0.4984375 0.02734375 0.0671875
1 0.02421875 0.46484375 0.02421875 0.07890625
1 0.0625 0.3890625 0.02109375 0.10703125
1 0.1359375 0.3875 0.02734375 0.0734375
1 0.33671875 0.4390625 0.01796875 0.10234375
1 0.365625 0.36484375 0.03359375 0.0796875
1 0.44375 0.4015625 0.03046875 0.059375
1 0.4828125 0.33828125 0.03046875 0.0453125
1 0.54140625 0.3375 0.03671875 0.09296875
1 0.3734375 0.30234375 0.02421875 0.03515625
1 0.146875 0.29296875 0.03046875 0.04375
1 0.48125 0.5890625 0.11328125 0.015625