1 0.290625 0.3015625 0.02265625 0.0296875
1 0.4296875 0.32578125 0.0125 0.03046875
1 0.4734375 0.29296875 0.01328125 0.02734375
1 0.52421875 0.26484375 0.0078125 0.0296875
1 0.1109375 0.28515625 0.02578125 0.0234375
1 0.21640625 0.30703125 0.03125 0.03203125
1 0.0515625 0.2984375 0.0203125 0.025
1 0.03515625 0.38828125 0.01875 0.021875
1 0.084375 0.3875 0.01484375 0.02734375
1 0.1296875 0.39296875 0.01640625 0.0265625
1 0.1734375 0.4 0.01484375 0.02890625
1 0.2265625 0.3984375 0.01875 0.01953125
1 0.26796875 0.40078125 0.01875 0.0171875
1 0.090625 0.43671875 0.02578125 0.00546875
1 0.15 0.43828125 0.0203125 0.00625
1 0.21171875 0.44296875 0.04609375 0.00546875
1 0.27421875 0.43984375 0.04453125 0.0046875
1 0.18203125 0.48046875 0.059375 0.0109375
1 0.2578125 0.48046875 0.04296875 0.00859375
1 0.33671875 0.4734375 0.05234375 0.00546875
1 0.4734375 0.43984375 0.021875 0.0078125
1 0.45 0.4546875 0.03125 0.015625
1 0.5234375 0.41640625 0.0296875 0.0109375
1 0.56640625 0.3890625 0.01640625 0.01015625
1 0.4546875 0.3859375 0.01875 0.0078125
1 0.49375 0.3640625 0.02421875 0.0125
1 0.5328125 0.33984375 0.0109375 0.00703125
0 0.05234375 0.52890625 0.02109375 0.009375
0 0.03359375 0.4875 0.02421875 0.00859375
0 0.08203125 0.49453125 0.0125 0.00625
0 0.1 0.49921875 0.025 0.00703125
0 0.1359375 0.50625 0.01484375 0.00390625
0 0.13671875 0.51796875 0.0125 0.00625
0 0.15 0.528125 0.0265625 0.00390625
0 0.0828125 0.53671875 0.0140625 0.00546875
0 0.015625 0.51953125 0.0140625 0.00703125
0 0.03828125 0.5734375 0.0140625 0.0046875
0 0.065625 0.57421875 0.021875 0.00703125
0 0.08515625 0.578125 0.0125 0.0046875
0 0.05 0.57890625 0.01875 0.00859375
0 0.21875 0.5 0.025 0.0078125
0 0.20703125 0.51015625 0.03125 0.0109375
0 0.1546875 0.56484375 0.015625 0.0046875
0 0.11015625 0.6140625 0.0109375 0.0078125
0 0.046875 0.66640625 0.01640625 0.01640625
0 0.05703125 0.68359375 0.015625 0.01015625
0 0.07109375 0.67421875 0.02421875 0.01171875
0 0.01953125 0.69375 0.0171875 0.00703125
0 0.1171875 0.64765625 0.01953125 0.00859375
0 0.12578125 0.63828125 0.01875 0.01015625
0 0.08828125 0.62890625 0.0171875 0.0078125
0 0.253125 0.63359375 0.021875 0.0140625
0 0.34375 0.634375 0.015625 0.015625
0 0.39296875 0.63046875 0.0140625 0.01328125
0 0.53515625 0.59375 0.01328125 0.01328125
0 0.50546875 0.5703125 0.01796875 0.0125