1 0.09921875 0.33984375 0.015625 0.040625
1 0.05859375 0.3703125 0.01796875 0.03984375
1 0.14375 0.39609375 0.02109375 0.065625
1 0.10546875 0.42265625 0.0234375 0.06484375
1 0.06484375 0.46796875 0.02578125 0.05625
1 0.16328125 0.32578125 0.0234375 0.0453125
1 0.221875 0.4140625 0.01015625 0.07890625
1 0.190625 0.39296875 0.015625 0.06484375
1 0.2609375 0.371875 0.02109375 0.0703125
1 0.30234375 0.41328125 0.01015625 0.06484375
1 0.2609375 0.46015625 0.01015625 0.05625
1 0.1796875 0.5109375 0.03671875 0.05
1 0.2828125 0.5265625 0.0234375 0.04296875
1 0.3671875 0.44140625 0.02109375 0.078125
1 0.3765625 0.51953125 0.01796875 0.06015625
1 0.35078125 0.378125 0.01796875 0.04765625
1 0.290625 0.27421875 0.0234375 0.03828125
1 0.33984375 0.2828125 0.01328125 0.06015625
1 0.3828125 0.3125 0.02109375 0.07421875
1 0.43125 0.3375 0.0234375 0.05234375
1 0.440625 0.22578125 0.04140625 0.05390625
1 0.55390625 0.3015625 0.0234375 0.1125
1 0.61015625 0.29921875 0.02109375 0.0765625
1 0.6421875 0.23671875 0.0234375 0.04921875
1 0.69453125 0.2546875 0.02890625 0.0703125
1 0.7640625 0.30390625 0.02578125 0.0859375
1 0.67421875 0.3515625 0.02890625 0.0828125
1 0.59140625 0.40625 0.02109375 0.04296875
1 0.83828125 0.28203125 0.01796875 0.04453125
1 0.8078125 0.34453125 0.03125 0.05234375
1 0.87578125 0.3671875 0.02578125 0.065625
1 0.6359375 0.4765625 0.02578125 0.071875
1 0.57890625 0.51171875 0.02578125 0.0703125
1 0.6453125 0.603125 0.0234375 0.05859375
1 0.7234375 0.6171875 0.02890625 0.06328125
1 0.60859375 0.6375 0.0234375 0.046875