1 0.20859375 0.059375 0.03125 0.0296875
1 0.246875 0.06796875 0.0234375 0.0609375
1 0.1609375 0.01484375 0.021875 0.0296875
1 0.38203125 0.03359375 0.028125 0.0671875
1 0.41875 0.0375 0.028125 0.075
1 0.3671875 0.09296875 0.009375 0.0140625
1 0.40546875 0.13203125 0.0171875 0.0625
1 0.49921875 0.053125 0.025 0.0921875
1 0.52890625 0.05 0.0203125 0.0578125
1 0.578125 0.03828125 0.028125 0.059375
1 0.53359375 0.196875 0.01875 0.0375
1 0.65546875 0.12890625 0.0140625 0.0453125
1 0.70390625 0.09921875 0.015625 0.0546875
1 0.58046875 0.17265625 0.0265625 0.0421875
1 0.49296875 0.240625 0.0296875 0.034375
1 0.3078125 0.125 0.05 0.053125