1 0.09453125 0.26171875 0.0125 0.059375
1 0.1296875 0.2875 0.0171875 0.075
1 0.17265625 0.31328125 0.015625 0.05625
1 0.2109375 0.36875 0.0140625 0.03125
1 0.15234375 0.34140625 0.0234375 0.06875
1 0.2078125 0.3265625 0.01875 0.0234375
1 0.24921875 0.38671875 0.01875 0.04375
1 0.19453125 0.47109375 0.0203125 0.0453125
1 0.1640625 0.51640625 0.021875 0.0703125
1 0.12265625 0.4953125 0.0234375 0.0265625
1 0.09453125 0.496875 0.0109375 0.03125
1 0.22734375 0.47421875 0.0203125 0.040625
1 0.2546875 0.4546875 0.021875 0.0515625
1 0.24375 0.56484375 0.01875 0.0359375
1 0.27421875 0.5375 0.0265625 0.0578125
1 0.30703125 0.4984375 0.0203125 0.0265625
1 0.38359375 0.38125 0.0078125 0.034375
1 0.415625 0.40625 0.0140625 0.071875
1 0.44453125 0.421875 0.021875 0.0859375
1 0.4625 0.35 0.0234375 0.065625
1 0.490625 0.36171875 0.015625 0.115625
1 0.52109375 0.37421875 0.034375 0.1046875
1 0.571875 0.40546875 0.009375 0.08125
1 0.603125 0.3953125 0.015625 0.034375
1 0.73046875 0.2984375 0.01875 0.0453125