1 0.11953125 0.54921875 0.0359375 0.06875
1 0.19609375 0.56875 0.0421875 0.071875
1 0.028125 0.57265625 0.040625 0.0828125
1 0.0484375 0.490625 0.0453125 0.109375
1 0.1203125 0.47265625 0.04375 0.078125
1 0.32734375 0.47734375 0.040625 0.103125
1 0.33828125 0.3984375 0.05 0.0859375
1 0.4234375 0.41640625 0.04375 0.0640625
1 0.446875 0.34609375 0.040625 0.0515625
1 0.50390625 0.33203125 0.05625 0.0984375
1 0.33203125 0.3359375 0.03125 0.0390625
1 0.109375 0.37734375 0.0390625 0.05
1 0.5015625 0.590625 0.1140625 0.040625