1 0.1375 0.11640625 0.0546875 0.1265625
1 0.078125 0.2125 0.0453125 0.1875
1 0.028125 0.325 0.0390625 0.1453125
1 0.03046875 0.41328125 0.0296875 0.075
1 0.0984375 0.38125 0.0328125 0.090625
1 0.15 0.25546875 0.0328125 0.0796875
1 0.209375 0.11875 0.0390625 0.0890625
1 0.1984375 0.2421875 0.0359375 0.0875
1 0.14140625 0.41953125 0.0515625 0.0984375
1 0.2125 0.38046875 0.0703125 0.1328125
1 0.07109375 0.49921875 0.0296875 0.1109375
1 0.0515625 0.5703125 0.0578125 0.128125
1 0.14453125 0.56640625 0.078125 0.1671875
1 0.090625 0.72890625 0.0515625 0.1234375
1 0.16484375 0.7359375 0.03125 0.0984375
1 0.23359375 0.56484375 0.0515625 0.11875
1 0.32265625 0.62734375 0.0546875 0.10625
1 0.25625 0.70390625 0.04375 0.0875
1 0.1109375 0.87578125 0.03125 0.1078125
1 0.1921875 0.90703125 0.0296875 0.1265625
1 0.23828125 0.80546875 0.0359375 0.0875
1 0.3484375 0.8375 0.0546875 0.10625
1 0.33671875 0.95390625 0.03125 0.0625
1 0.30234375 0.990625 0.0296875 0.01875
1 0.40625 0.94921875 0.040625 0.1015625
1 0.4265625 0.81015625 0.034375 0.0625
1 0.47421875 0.91484375 0.021875 0.0875
1 0.48046875 0.76015625 0.0390625 0.0984375
1 0.5328125 0.903125 0.065625 0.115625
1 0.45859375 0.9796875 0.0265625 0.040625
1 0.3265625 0.44453125 0.0609375 0.121875
1 0.27421875 0.24375 0.05625 0.10625
1 0.30234375 0.0921875 0.0390625 0.1046875
1 0.3734375 0.14921875 0.05625 0.115625
1 0.3703125 0.2984375 0.0578125 0.13125
1 0.4125 0.45078125 0.0375 0.1046875
1 0.44453125 0.12265625 0.0625 0.1828125
1 0.46796875 0.309375 0.0359375 0.103125
1 0.46953125 0.4515625 0.0546875 0.0921875
1 0.5390625 0.0953125 0.0390625 0.10625
1 0.5359375 0.23359375 0.05 0.103125
1 0.55 0.3625 0.0390625 0.06875
1 0.6328125 0.0625 0.04375 0.0859375
1 0.596875 0.1140625 0.03125 0.0875
1 0.5921875 0.228125 0.0265625 0.08125
1 0.65703125 0.22265625 0.03125 0.0859375
1 0.615625 0.30703125 0.015625 0.065625
1 0.70390625 0.07890625 0.0515625 0.1328125
1 0.771875 0.04609375 0.04375 0.0921875
1 0.53125 0.69140625 0.028125 0.0953125
1 0.5953125 0.8140625 0.05625 0.0796875
1 0.57578125 0.6421875 0.059375 0.1359375
1 0.61171875 0.53046875 0.0421875 0.1078125
1 0.6703125 0.66875 0.059375 0.1140625
1 0.67890625 0.80546875 0.0375 0.0734375
1 0.62890625 0.91171875 0.0375 0.078125
1 0.703125 0.88828125 0.028125 0.0671875
1 0.69921875 0.46796875 0.0328125 0.1109375
1 0.728125 0.5828125 0.04375 0.084375
1 0.76171875 0.6765625 0.0234375 0.0609375
1 0.72578125 0.77265625 0.0234375 0.09375
1 0.7765625 0.80234375 0.04375 0.0953125
1 0.82421875 0.72734375 0.0703125 0.165625
1 0.79609375 0.58203125 0.0375 0.0609375
1 0.76953125 0.496875 0.028125 0.05625
1 0.7390625 0.38515625 0.0453125 0.0796875
1 0.7953125 0.33125 0.04375 0.0890625
1 0.84375 0.44609375 0.0375 0.090625
1 0.884375 0.58046875 0.0328125 0.1078125
1 0.92734375 0.7015625 0.0375 0.0359375
1 0.85 0.284375 0.021875 0.078125
1 0.89609375 0.36875 0.021875 0.0546875
1 0.95078125 0.4765625 0.034375 0.0921875
1 0.965625 0.61328125 0.0296875 0.08125
1 0.940625 0.29140625 0.0640625 0.1140625