1 0.196875 0.61796875 0.02734375 0.12421875
1 0.3046875 0.49765625 0.0234375 0.16796875
1 0.10703125 0.825 0.02890625 0.121875
1 0.375 0.4484375 0.0171875 0.115625
1 0.49609375 0.60078125 0.01953125 0.11875
1 0.4375 0.79609375 0.01953125 0.12734375
1 0.559375 0.32734375 0.015625 0.115625
1 0.453125 0.3109375 0.015625 0.0953125
1 0.34140625 0.3140625 0.015625 0.07265625
1 0.32421875 0.70859375 0.015625 0.0984375
1 0.22265625 0.8171875 0.02109375 0.1015625
1 0.17265625 0.9171875 0.0328125 0.1328125
1 0.546875 0.73203125 0.025 0.115625
1 0.86796875 0.703125 0.01171875 0.1796875
1 0.93359375 0.76640625 0.01171875 0.121875
1 0.77421875 0.70625 0.0171875 0.14453125