1 0.1421875 0.4671875 0.0546875 0.14375
1 0.09453125 0.2734375 0.046875 0.109375
1 0.17578125 0.28203125 0.0328125 0.1
1 0.0453125 0.5625 0.04375 0.0953125
1 0.2421875 0.23671875 0.0546875 0.1578125
1 0.1875 0.49296875 0.05 0.146875
1 0.253125 0.40234375 0.0390625 0.0890625
1 0.2109375 0.578125 0.0625 0.140625
1 0.3140625 0.3421875 0.0375 0.109375
1 0.2609375 0.56953125 0.0609375 0.1640625
1 0.1203125 0.6171875 0.0328125 0.075
1 0.34921875 0.51328125 0.0765625 0.2390625
1 0.37421875 0.64765625 0.04375 0.1234375
1 0.43359375 0.51484375 0.0484375 0.140625
1 0.45078125 0.6390625 0.05 0.146875
1 0.50078125 0.61640625 0.04375 0.1390625
1 0.60078125 0.93828125 0.0515625 0.1234375
1 0.69609375 0.95 0.0453125 0.1
1 0.7078125 0.6265625 0.0546875 0.165625
1 0.565625 0.3203125 0.0421875 0.1328125
1 0.81015625 0.5953125 0.053125 0.159375
1 0.8625 0.33046875 0.0515625 0.1234375
1 0.9203125 0.5234375 0.059375 0.1765625
1 0.80859375 0.95078125 0.0609375 0.0984375