1 0.4125 0.2828125 0.01171875 0.0625
1 0.4390625 0.353125 0.01015625 0.08984375
1 0.36953125 0.1953125 0.015625 0.0625
1 0.3125 0.40703125 0.015625 0.0859375
1 0.33125 0.5046875 0.03125 0.02265625
1 0.371875 0.4375 0.0359375 0.02109375
1 0.55390625 0.2921875 0.01015625 0.078125
1 0.521875 0.3484375 0.01015625 0.05703125
1 0.59453125 0.2234375 0.0140625 0.0703125
1 0.62734375 0.41328125 0.065625 0.01171875
1 0.56484375 0.46484375 0.05 0.01171875
1 0.58125 0.58359375 0.0515625 0.0171875
1 0.69765625 0.51171875 0.03828125 0.0015625
1 0.5234375 0.6234375 0.04453125 0.01328125
1 0.40625 0.57421875 0.03828125 0.025
1 0.4078125 0.7296875 0.00703125 0.09921875
1 0.50703125 0.74609375 0.02890625 0.04375