1 0.26171875 0.77734375 0.021875 0.01875
1 0.2203125 0.7421875 0.028125 0.01875
1 0.1578125 0.75703125 0.028125 0.0171875
1 0.084375 0.77890625 0.015625 0.015625
1 0.13984375 0.80546875 0.0171875 0.015625
1 0.18515625 0.828125 0.0296875 0.0171875
1 0.0609375 0.83671875 0.03125 0.0234375
1 0.14609375 0.8859375 0.053125 0.03125
1 0.27265625 0.7171875 0.03125 0.0234375
1 0.1578125 0.70390625 0.0234375 0.021875
1 0.2734375 0.659375 0.0140625 0.021875
1 0.32109375 0.7046875 0.021875 0.0171875
1 0.2046875 0.67265625 0.0375 0.0296875
1 0.353125 0.65234375 0.0140625 0.0203125
1 0.24609375 0.86640625 0.03125 0.03125
1 0.04296875 0.93046875 0.0359375 0.01875
1 0.225 0.9328125 0.0390625 0.0328125
1 0.4765625 0.74375 0.021875 0.015625