1 0.31953125 0.81796875 0.021875 0.01875
1 0.27109375 0.79140625 0.028125 0.0171875
1 0.21328125 0.81796875 0.028125 0.015625
1 0.1453125 0.853125 0.015625 0.015625
1 0.2046875 0.86875 0.0171875 0.0140625
1 0.253125 0.88203125 0.0296875 0.0171875
1 0.1328125 0.9140625 0.03125 0.0234375
1 0.22578125 0.946875 0.0515625 0.03125
1 0.31875 0.75625 0.03125 0.0234375
1 0.203125 0.76484375 0.0234375 0.021875
1 0.3078125 0.69921875 0.0140625 0.021875
1 0.3640625 0.734375 0.021875 0.0171875
1 0.24296875 0.72578125 0.0375 0.0296875
1 0.384375 0.678125 0.0140625 0.0203125
1 0.32109375 0.9078125 0.03125 0.03125
1 0.3125 0.97734375 0.0390625 0.03125
1 0.5234375 0.74375 0.021875 0.015625