1 0.1203125 0.4421875 0.025 0.0671875
1 0.1890625 0.48203125 0.03125 0.06875
1 0.0265625 0.43984375 0.028125 0.0796875
1 0.06875 0.36640625 0.0265625 0.1078125
1 0.1421875 0.36875 0.03125 0.075
1 0.33984375 0.43046875 0.0234375 0.103125
1 0.37265625 0.3578125 0.0375 0.08125
1 0.44921875 0.3984375 0.0328125 0.0609375
1 0.49140625 0.3375 0.0328125 0.046875
1 0.55 0.33984375 0.0421875 0.0953125
1 0.38359375 0.29609375 0.0265625 0.0359375
1 0.1578125 0.275 0.0328125 0.0453125
1 0.4765625 0.58828125 0.1140625 0.021875