1 0.4765625 0.278125 0.053125 0.1046875
1 0.484375 0.109375 0.08125 0.1203125
1 0.65859375 0.07890625 0.0546875 0.0953125
1 0.115625 0.1921875 0.0546875 0.1265625
1 0.36484375 0.61484375 0.053125 0.0875
1 0.75 0.53671875 0.0828125 0.0953125
1 0.83203125 0.33125 0.0703125 0.0875
1 0.6609375 0.6953125 0.0515625 0.0953125
1 0.2921875 0.790625 0.08125 0.1015625
1 0.075 0.571875 0.059375 0.075
1 0.04375 0.33984375 0.0875 0.1578125
1 0.378125 0.4015625 0.059375 0.1671875
1 0.890625 0.2390625 0.09375 0.1046875