1 0.159375 0.615625 0.05 0.1453125
1 0.0375 0.4578125 0.0421875 0.109375
1 0.11484375 0.43203125 0.0296875 0.1
1 0.11015625 0.7421875 0.040625 0.0953125
1 0.1578125 0.3640625 0.05 0.1578125
1 0.21171875 0.6203125 0.0453125 0.146875
1 0.234375 0.5109375 0.0359375 0.0890625
1 0.26796875 0.6890625 0.0578125 0.140625
1 0.26640625 0.43125 0.0328125 0.1109375
1 0.31015625 0.6609375 0.05625 0.165625
1 0.20078125 0.76171875 0.03125 0.075
1 0.36796875 0.5734375 0.06875 0.2390625
1 0.4453125 0.6859375 0.040625 0.125
1 0.44609375 0.540625 0.04375 0.140625
1 0.51171875 0.64765625 0.0453125 0.146875
1 0.54765625 0.60625 0.0390625 0.1390625
1 0.77578125 0.86875 0.046875 0.14375
1 0.86796875 0.84296875 0.040625 0.128125
1 0.74140625 0.53125 0.0484375 0.1671875
1 0.48671875 0.309375 0.0375 0.1328125
1 0.821875 0.4609375 0.046875 0.1609375
1 0.76171875 0.19765625 0.046875 0.1234375
1 0.89375 0.35 0.053125 0.1765625
1 0.97734375 0.82421875 0.0453125 0.1796875