1 0.32421875 0.12421875 0.0140625 0.0625
1 0.34921875 0.07109375 0.015625 0.08828125
1 0.3875 0.09453125 0.0140625 0.08671875
1 0.3609375 0.175 0.02421875 0.06875
1 0.403125 0.19140625 0.01171875 0.0640625
1 0.35390625 0.24921875 0.01015625 0.04375
1 0.42109375 0.2875 0.01875 0.06875
1 0.38046875 0.29765625 0.015625 0.07734375
1 0.41953125 0.38515625 0.01875 0.07421875
1 0.471875 0.13359375 0.01640625 0.071875
1 0.49140625 0.071875 0.01796875 0.06484375
1 0.51953125 0.09296875 0.015625 0.05703125
1 0.50390625 0.1625 0.01875 0.06484375
1 0.5515625 0.0734375 0.01796875 0.0890625
1 0.58828125 0.06796875 0.01796875 0.0671875
1 0.54921875 0.16171875 0.01171875 0.05
1 0.503125 0.32109375 0.01015625 0.0734375
1 0.525 0.26796875 0.015625 0.07890625
1 0.5703125 0.27265625 0.0125 0.0640625
1 0.6078125 0.23671875 0.0140625 0.0671875
1 0.55625 0.3453125 0.015625 0.0546875