0 0.11640625 0.27890625 0.02890625 0.04296875
0 0.2 0.2234375 0.0171875 0.03984375
0 0.259375 0.31796875 0.0109375 0.028125
0 0.41640625 0.34140625 0.01875 0.0234375
0 0.69921875 0.63515625 0.0171875 0.03359375
0 0.88515625 0.5390625 0.0359375 0.0234375
0 0.83125 0.56484375 0.0171875 0.03515625
0 0.84765625 0.6375 0.0140625 0.0234375
0 0.78671875 0.92734375 0.015625 0.0265625
1 0.61640625 0.16015625 0.0171875 0.07109375
1 0.74140625 0.11875 0.0125 0.05234375
1 0.31875 0.10234375 0.01640625 0.05390625
1 0.15078125 0.14921875 0.01640625 0.07109375
1 0.02890625 0.11171875 0.0109375 0.06953125