1 0.0984375 0.2390625 0.015625 0.03125
1 0.128125 0.25546875 0.0125 0.065625
1 0.1578125 0.2859375 0.021875 0.059375
1 0.184375 0.34375 0.0171875 0.053125
1 0.2234375 0.4 0.0109375 0.0625
1 0.24921875 0.42578125 0.0125 0.071875
1 0.27734375 0.47578125 0.0109375 0.06875
1 0.21875 0.19375 0.0171875 0.03125
1 0.240625 0.2328125 0.0203125 0.034375
1 0.275 0.2875 0.0234375 0.0359375
1 0.30078125 0.3328125 0.0078125 0.04375
1 0.32890625 0.37890625 0.0125 0.053125
1 0.34609375 0.42734375 0.0109375 0.04375
1 0.39453125 0.4296875 0.0171875 0.040625
1 0.41015625 0.39296875 0.01875 0.0328125
1 0.43046875 0.35 0.021875 0.0328125
1 0.45 0.31328125 0.0171875 0.0265625
1 0.40703125 0.52109375 0.015625 0.065625
1 0.440625 0.4859375 0.028125 0.0671875
1 0.4765625 0.43828125 0.0328125 0.065625
1 0.51328125 0.396875 0.04375 0.053125
1 0.56484375 0.36953125 0.021875 0.0234375
1 0.5890625 0.334375 0.0171875 0.021875
1 0.63515625 0.46015625 0.0484375 0.0546875
1 0.58046875 0.52265625 0.03125 0.04375
1 0.68515625 0.4125 0.025 0.025
1 0.02421875 0.46796875 0.0296875 0.0421875
1 0.08046875 0.5375 0.015625 0.05
1 0.1359375 0.5984375 0.015625 0.04375
1 0.09609375 0.3671875 0.0125 0.028125
1 0.1296875 0.425 0.028125 0.040625
1 0.1703125 0.46796875 0.0203125 0.040625
1 0.2359375 0.5546875 0.0109375 0.05625
1 0.01640625 0.63671875 0.0125 0.0484375
1 0.05859375 0.67734375 0.021875 0.046875
1 0.125 0.753125 0.01875 0.0640625
1 0.16640625 0.80546875 0.015625 0.05
1 0.03125 0.7765625 0.01875 0.053125
1 0.0765625 0.82421875 0.0140625 0.040625
1 0.1140625 0.865625 0.01875 0.0234375
1 0.2109375 0.94140625 0.015625 0.028125
1 0.02578125 0.94140625 0.0234375 0.034375
1 0.08671875 0.975 0.0453125 0.0375
1 0.4546875 0.78671875 0.0171875 0.01875
1 0.4875 0.83515625 0.0125 0.053125
1 0.50546875 0.92421875 0.01875 0.028125
1 0.57578125 0.86171875 0.0125 0.053125
1 0.5328125 0.79921875 0.015625 0.05625
1 0.496875 0.73671875 0.01875 0.034375
1 0.5625 0.66953125 0.0125 0.0546875
1 0.56875 0.75859375 0.025 0.034375
1 0.63984375 0.80078125 0.021875 0.040625
1 0.60234375 0.95546875 0.0140625 0.0375
1 0.740625 0.9875 0.028125 0.025
1 0.6609375 0.90390625 0.01875 0.0359375
1 0.67734375 0.76796875 0.03125 0.028125
1 0.69921875 0.875 0.0265625 0.0234375
1 0.7375 0.83984375 0.0390625 0.028125
1 0.67890625 0.64609375 0.0234375 0.0359375
1 0.63125 0.5890625 0.0265625 0.028125
1 0.7203125 0.60078125 0.0328125 0.046875
1 0.68515625 0.5453125 0.0265625 0.0328125
1 0.7984375 0.790625 0.0234375 0.028125
1 0.8375 0.915625 0.021875 0.034375
0 0.44296875 0.653125 0.025 0.01875
0 0.48125 0.6078125 0.025 0.0171875
0 0.5265625 0.59140625 0.021875 0.025