1 0.5578125 0.284375 0.0390625 0.103125
1 0.625 0.1296875 0.065625 0.115625
1 0.79921875 0.1640625 0.040625 0.09375
1 0.2515625 0.075 0.0359375 0.1265625
1 0.3328125 0.55859375 0.040625 0.0859375
1 0.7203125 0.6234375 0.071875 0.0875
1 0.87109375 0.4609375 0.059375 0.0828125
1 0.5796875 0.73984375 0.0375 0.09375
1 0.20234375 0.69765625 0.0703125 0.0953125
1 0.07734375 0.41484375 0.05 0.0703125
1 0.12265625 0.18359375 0.0875 0.1515625
1 0.421875 0.36484375 0.034375 0.16875
1 0.9578125 0.396875 0.08125 0.096875