0 0.15078125 0.22734375 0.034375 0.046875
0 0.24140625 0.184375 0.021875 0.0421875
0 0.28671875 0.2859375 0.0140625 0.0296875
0 0.4390625 0.33125 0.021875 0.0265625
0 0.678125 0.66171875 0.021875 0.0359375
0 0.87578125 0.5921875 0.0390625 0.028125
0 0.81875 0.61015625 0.021875 0.0375
0 0.825 0.684375 0.0171875 0.025
0 0.72421875 0.96328125 0.01875 0.028125
1 0.6625 0.1796875 0.0265625 0.0734375
1 0.7921875 0.15625 0.0203125 0.053125
1 0.37578125 0.08125 0.0234375 0.05625
1 0.203125 0.10390625 0.0265625 0.0734375
1 0.0875 0.05 0.0203125 0.0703125