1 0.30703125 0.209375 0.03671875 0.1046875
1 0.41484375 0.121875 0.02421875 0.07109375
1 0.56171875 0.2 0.040625 0.12890625
1 0.14453125 0.2984375 0.028125 0.14140625
1 0.36875 0.38125 0.09375 0.1046875
1 0.1890625 0.484375 0.03671875 0.12578125
1 0.06484375 0.56640625 0.04921875 0.1171875
1 0.075 0.77109375 0.04453125 0.1078125
1 0.18125 0.65546875 0.0609375 0.15390625
1 0.31171875 0.584375 0.053125 0.14140625
1 0.1625 0.85234375 0.040625 0.184375
1 0.30078125 0.77578125 0.0328125 0.184375
1 0.43359375 0.709375 0.06953125 0.20625
1 0.6921875 0.24296875 0.04921875 0.1109375
1 0.525 0.35546875 0.0328125 0.13828125
1 0.734375 0.4875 0.0609375 0.13828125
1 0.578125 0.5890625 0.08125 0.17578125
1 0.96796875 0.8140625 0.0640625 0.18125
1 0.76953125 0.74609375 0.05703125 0.2125
1 0.87265625 0.384375 0.06953125 0.16640625