1 0.2625 0.44609375 0.03125 0.0296875
1 0.1484375 0.4609375 0.0234375 0.0390625
1 0.2 0.428125 0.028125 0.053125
1 0.29765625 0.3046875 0.034375 0.05
1 0.35546875 0.33359375 0.025 0.0515625
1 0.24140625 0.328125 0.0234375 0.0296875
1 0.17734375 0.3671875 0.028125 0.0203125
1 0.10625 0.4109375 0.025 0.0375
1 0.059375 0.45078125 0.03125 0.04375
1 0.11875 0.490625 0.028125 0.05625
1 0.29375 0.39765625 0.034375 0.0421875
1 0.21484375 0.49453125 0.0265625 0.0421875
1 0.34453125 0.47578125 0.034375 0.0390625
1 0.30390625 0.56328125 0.0203125 0.0453125
1 0.190625 0.58984375 0.03125 0.04375
1 0.13046875 0.66484375 0.025 0.0609375
1 0.22578125 0.68125 0.028125 0.046875
1 0.29296875 0.7 0.01875 0.0296875
1 0.31328125 0.65625 0.01875 0.028125
1 0.4015625 0.67421875 0.0234375 0.0328125
1 0.371875 0.43671875 0.025 0.0375
1 0.41875 0.36328125 0.040625 0.0578125
1 0.5046875 0.28359375 0.03125 0.046875
1 0.59921875 0.3765625 0.0296875 0.040625
1 0.53671875 0.3546875 0.034375 0.059375
1 0.58515625 0.240625 0.0515625 0.0546875
1 0.653125 0.19609375 0.0359375 0.0515625
1 0.715625 0.18984375 0.0375 0.046875
1 0.79296875 0.209375 0.03125 0.04375
1 0.74921875 0.259375 0.0453125 0.0625
1 0.62109375 0.29609375 0.0265625 0.04375
1 0.65234375 0.42109375 0.05625 0.0640625
1 0.553125 0.4203125 0.0296875 0.040625
1 0.60546875 0.5046875 0.0609375 0.06875
1 0.79765625 0.31640625 0.0328125 0.04375
1 0.71875 0.53984375 0.0515625 0.053125
1 0.671875 0.5828125 0.0234375 0.0453125
1 0.61875 0.6203125 0.0375 0.034375