1 0.225 0.6734375 0.05 0.1265625
1 0.3078125 0.53515625 0.0546875 0.16875
1 0.1765625 0.89375 0.0515625 0.125
1 0.3671875 0.4734375 0.0390625 0.1171875
1 0.515625 0.6 0.0421875 0.1203125
1 0.4953125 0.80234375 0.04375 0.128125
1 0.525 0.31953125 0.0375 0.1171875
1 0.41796875 0.3234375 0.0328125 0.096875
1 0.30859375 0.34765625 0.0296875 0.075
1 0.3671875 0.73828125 0.034375 0.1
1 0.28828125 0.8640625 0.040625 0.103125
1 0.25859375 0.9515625 0.0578125 0.096875
1 0.590625 0.71875 0.046875 0.11875
1 0.9 0.62890625 0.0453125 0.178125
1 0.9765625 0.67890625 0.034375 0.121875
1 0.80859375 0.65 0.04375 0.1453125