1 0.18671875 0.075 0.040625 0.121875
1 0.11640625 0.16328125 0.0234375 0.18671875
1 0.053125 0.26875 0.021875 0.14296875
1 0.04453125 0.35703125 0.0203125 0.07265625
1 0.115625 0.3328125 0.021875 0.0890625
1 0.18203125 0.21484375 0.0234375 0.078125
1 0.0328125 0.05390625 0.01796875 0.08125
1 0.2578125 0.0859375 0.02890625 0.08671875
1 0.23203125 0.20703125 0.02578125 0.08515625
1 0.15390625 0.3765625 0.040625 0.09453125
1 0.22890625 0.34609375 0.0546875 0.1265625
1 0.07421875 0.446875 0.01640625 0.109375
1 0.04609375 0.51484375 0.04375 0.1234375
1 0.1390625 0.52265625 0.05859375 0.16171875
1 0.065625 0.67734375 0.03671875 0.11953125
1 0.13828125 0.69296875 0.0203125 0.09609375
1 0.22734375 0.53203125 0.03828125 0.115625
1 0.30859375 0.6046875 0.0421875 0.1015625
1 0.23359375 0.67265625 0.034375 0.08359375
1 0.06796875 0.82578125 0.01796875 0.10703125
1 0.14453125 0.86640625 0.01484375 0.125
1 0.203125 0.77109375 0.02578125 0.08515625
1 0.30859375 0.81640625 0.0421875 0.1015625
1 0.2828125 0.93046875 0.0234375 0.06015625
1 0.2421875 0.97734375 0.025 0.0453125
1 0.35234375 0.9421875 0.02734375 0.11484375
1 0.3890625 0.79921875 0.02734375 0.059375
1 0.42421875 0.90859375 0.0109375 0.0875
1 0.44921875 0.75625 0.02734375 0.09609375
1 0.48359375 0.90390625 0.053125 0.109375
1 0.4 0.97578125 0.0203125 0.04765625
1 0.334375 0.4234375 0.04765625 0.11640625
1 0.30703125 0.21796875 0.04375 0.1015625
1 0.35390625 0.07109375 0.02734375 0.1015625
1 0.4171875 0.13671875 0.04375 0.1109375
1 0.39609375 0.284375 0.0421875 0.1265625
1 0.41875 0.440625 0.02578125 0.1015625
1 0.490625 0.11875 0.040625 0.1796875
1 0.49140625 0.30703125 0.0234375 0.1015625
1 0.47578125 0.4484375 0.04375 0.0875
1 0.58828125 0.103125 0.02734375 0.10390625
1 0.56796875 0.23984375 0.03828125 0.0984375
1 0.56640625 0.36953125 0.03125 0.06484375
1 0.68515625 0.08203125 0.034375 0.08203125
1 0.64296875 0.12890625 0.0203125 0.08515625
1 0.625 0.24140625 0.01640625 0.0796875
1 0.68984375 0.24375 0.021875 0.08359375
1 0.63828125 0.32265625 0.00703125 0.065625
1 0.75390625 0.10703125 0.03671875 0.12890625
1 0.825 0.08125 0.0328125 0.09296875
1 0.5078125 0.69375 0.01640625 0.09453125
1 0.55625 0.8234375 0.04765625 0.07421875
1 0.5578125 0.65 0.04375 0.13203125
1 0.60703125 0.54375 0.02890625 0.10546875
1 0.6484375 0.68828125 0.04609375 0.10859375
1 0.640625 0.825 0.02890625 0.0703125
1 0.578125 0.92421875 0.02890625 0.07578125
1 0.65390625 0.91015625 0.0203125 0.06484375
1 0.7015625 0.4921875 0.0203125 0.10859375
1 0.71640625 0.61015625 0.034375 0.08125
1 0.73828125 0.70703125 0.01640625 0.059375
1 0.690625 0.7984375 0.0125 0.09296875
1 0.7375 0.83359375 0.0328125 0.0921875
1 0.79375 0.76484375 0.0515625 0.16015625
1 0.78359375 0.6171875 0.03125 0.0578125
1 0.76796875 0.5296875 0.021875 0.0546875
1 0.7515625 0.41484375 0.03671875 0.07578125
1 0.81328125 0.36875 0.034375 0.08515625
1 0.84765625 0.48828125 0.02734375 0.0875
1 0.871875 0.6265625 0.0203125 0.10546875
1 0.89921875 0.75234375 0.034375 0.03125
1 0.8734375 0.32890625 0.0125 0.0765625
1 0.909375 0.41796875 0.01484375 0.053125
1 0.95 0.53125 0.0234375 0.090625
1 0.9484375 0.66953125 0.0203125 0.0796875
1 0.9625 0.346875 0.0515625 0.109375