1 0.15703125 0.0984375 0.028125 0.0265625
1 0.19609375 0.10234375 0.01640625 0.059375
1 0.103125 0.0484375 0.01484375 0.05234375
1 0.32578125 0.0515625 0.01953125 0.065625
1 0.36328125 0.04765625 0.01796875 0.08046875
1 0.31875 0.1125 0.00859375 0.01328125
1 0.3609375 0.14609375 0.01015625 0.06171875
1 0.44453125 0.05625 0.01328125 0.090625
1 0.47421875 0.05 0.01328125 0.05703125
1 0.52109375 0.03203125 0.02109375 0.05703125
1 0.49609375 0.1953125 0.01484375 0.03671875
1 0.609375 0.1125 0.00859375 0.04453125
1 0.65390625 0.07734375 0.00859375 0.0546875
1 0.53984375 0.165625 0.02265625 0.0390625
1 0.46171875 0.24375 0.0265625 0.03203125
1 0.26328125 0.1515625 0.04453125 0.04765625