1 0.27109375 0.32421875 0.025 0.03125
1 0.41171875 0.334375 0.015625 0.03125
1 0.4515625 0.296875 0.015625 0.028125
1 0.49921875 0.26328125 0.0109375 0.0296875
1 0.090625 0.32734375 0.028125 0.0265625
1 0.19765625 0.3375 0.034375 0.034375
1 0.0328125 0.34609375 0.0234375 0.0265625
1 0.02578125 0.4375 0.0203125 0.0234375
1 0.075 0.43125 0.0171875 0.028125
1 0.1203125 0.43203125 0.01875 0.028125
1 0.16484375 0.434375 0.0171875 0.0296875
1 0.2171875 0.42734375 0.0203125 0.021875
1 0.25859375 0.42578125 0.0203125 0.01875
1 0.0859375 0.4796875 0.0265625 0.0078125
1 0.1453125 0.475 0.0203125 0.0078125
1 0.20703125 0.4734375 0.046875 0.0109375
1 0.26953125 0.4640625 0.0453125 0.009375
1 0.18203125 0.5140625 0.0609375 0.0171875
1 0.25703125 0.50625 0.04375 0.0125
1 0.33515625 0.490625 0.053125 0.0109375
1 0.4671875 0.44296875 0.021875 0.009375
1 0.4453125 0.46015625 0.0328125 0.01875
1 0.51484375 0.4140625 0.03125 0.0140625
1 0.5546875 0.3828125 0.0171875 0.0125
1 0.44296875 0.39140625 0.01875 0.009375
1 0.4796875 0.365625 0.025 0.015625
1 0.515625 0.3375 0.0109375 0.0078125
0 0.0578125 0.57578125 0.021875 0.0109375
0 0.03515625 0.5359375 0.025 0.0109375
0 0.08359375 0.53828125 0.0125 0.0078125
0 0.10234375 0.54140625 0.025 0.009375
0 0.13828125 0.54453125 0.015625 0.0046875
0 0.140625 0.55546875 0.0125 0.0078125
0 0.1546875 0.56484375 0.0265625 0.00625
0 0.0890625 0.58046875 0.0140625 0.00625
0 0.0203125 0.5703125 0.0140625 0.0078125
0 0.0484375 0.62109375 0.0140625 0.00625
0 0.07578125 0.61953125 0.021875 0.009375
0 0.0953125 0.62109375 0.0125 0.00625
0 0.0609375 0.62578125 0.0203125 0.0109375
0 0.2203125 0.5296875 0.025 0.0109375
0 0.209375 0.540625 0.0328125 0.0140625
0 0.16328125 0.60078125 0.015625 0.00625
0 0.12421875 0.65390625 0.0109375 0.009375
0 0.06640625 0.7125 0.01875 0.01875
0 0.07890625 0.72890625 0.0171875 0.0125
0 0.09140625 0.71796875 0.025 0.0140625
0 0.0421875 0.74296875 0.0171875 0.009375
0 0.134375 0.68671875 0.0203125 0.0109375
0 0.1421875 0.6765625 0.0203125 0.0125
0 0.10390625 0.67109375 0.0171875 0.009375
0 0.26875 0.65859375 0.0234375 0.015625
0 0.35859375 0.65 0.0171875 0.0171875
0 0.40703125 0.640625 0.015625 0.0140625
0 0.54453125 0.58984375 0.0140625 0.0140625
0 0.5125 0.56953125 0.01875 0.0140625