1 0.11640625 0.65703125 0.0171875 0.11328125
1 0.19375 0.7015625 0.02734375 0.0765625
1 0.22265625 0.68203125 0.0203125 0.1765625
1 0.2921875 0.74296875 0.0203125 0.1203125
1 0.34140625 0.671875 0.0328125 0.15703125
1 0.4328125 0.65703125 0.01484375 0.153125
1 0.4765625 0.70859375 0.02265625 0.15703125
1 0.5171875 0.65 0.0203125 0.146875
1 0.57265625 0.7203125 0.0296875 0.153125
1 0.62265625 0.66328125 0.025 0.13359375
1 0.66484375 0.68203125 0.0203125 0.1234375
1 0.71484375 0.6765625 0.03515625 0.13359375
1 0.81640625 0.64296875 0.0875 0.06640625
1 0.575 0.421875 0.1 0.04296875
1 0.8609375 0.478125 0.0921875 0.04296875
1 0.50859375 0.18828125 0.0875 0.04296875
1 0.64765625 0.23984375 0.08515625 0.03359375
1 0.79609375 0.278125 0.0875 0.04296875
1 0.6984375 0.853125 0.15234375 0.0203125
1 0.74609375 0.96484375 0.15234375 0.03671875