1 0.38359375 0.2375 0.0140625 0.0609375
1 0.56015625 0.27890625 0.0109375 0.05078125
1 0.61328125 0.4234375 0.009375 0.04453125
1 0.30625 0.36484375 0.0234375 0.025
1 0.3484375 0.52421875 0.03359375 0.01875
1 0.571875 0.59140625 0.04921875 0.0171875
1 0.5375 0.5015625 0.028125 0.01484375
1 0.40390625 0.4625 0.0234375 0.0296875
1 0.2453125 0.465625 0.028125 0.02734375
1 0.3265625 0.67578125 0.0234375 0.025
1 0.41953125 0.73671875 0.0046875 0.08828125
1 0.509375 0.75859375 0.025 0.0609375
1 0.69296875 0.68515625 0.05234375 0.01484375
1 0.64609375 0.77578125 0.03671875 0.01484375
1 0.5140625 0.3578125 0.00625 0.0359375
1 0.4359375 0.3453125 0.0203125 0.053125