1 0.13671875 0.1171875 0.0296875 0.028125
1 0.17578125 0.11875 0.01875 0.059375
1 0.0796875 0.06953125 0.0171875 0.053125
1 0.30234375 0.0609375 0.0234375 0.0671875
1 0.33984375 0.05546875 0.021875 0.08125
1 0.2984375 0.12265625 0.009375 0.0140625
1 0.34296875 0.15390625 0.0140625 0.0625
1 0.42109375 0.059375 0.01875 0.090625
1 0.45078125 0.05234375 0.015625 0.0578125
1 0.496875 0.03125 0.0234375 0.0578125
1 0.48046875 0.19609375 0.0171875 0.0375
1 0.5890625 0.10703125 0.0109375 0.0453125
1 0.63125 0.06953125 0.0109375 0.0546875
1 0.52265625 0.1640625 0.025 0.040625
1 0.4484375 0.24609375 0.028125 0.0328125
1 0.2453125 0.1640625 0.046875 0.05