1 0.2625 0.2984375 0.0234375 0.0484375
1 0.33359375 0.353125 0.034375 0.0890625
1 0.509375 0.13515625 0.0234375 0.05625
1 0.4890625 0.16796875 0.0234375 0.05
1 0.56015625 0.2421875 0.0484375 0.0625
1 0.49765625 0.2390625 0.01875 0.0625
1 0.5578125 0.346875 0.0234375 0.0640625
1 0.609375 0.3796875 0.021875 0.0328125
1 0.7171875 0.44140625 0.015625 0.05625
1 0.77421875 0.53515625 0.021875 0.0578125
1 0.81640625 0.3921875 0.0359375 0.0765625
1 0.83203125 0.5 0.0375 0.0765625
1 0.2921875 0.525 0.025 0.0296875
1 0.28671875 0.7484375 0.028125 0.0296875
1 0.68984375 0.7390625 0.03125 0.059375
1 0.628125 0.78359375 0.0203125 0.06875
1 0.70859375 0.83046875 0.0265625 0.0546875