1 0.46796875 0.26796875 0.0265625 0.0640625
1 0.4765625 0.34296875 0.03125 0.0890625
1 0.446875 0.17265625 0.0296875 0.0640625
1 0.340625 0.3640625 0.0359375 0.0875
1 0.33515625 0.4640625 0.0359375 0.0296875
1 0.390625 0.40859375 0.040625 0.0296875
1 0.60234375 0.31171875 0.028125 0.078125
1 0.5578125 0.35859375 0.0234375 0.0578125
1 0.65859375 0.2546875 0.03125 0.071875
1 0.64453125 0.446875 0.0671875 0.0265625
1 0.57109375 0.48125 0.0515625 0.0234375
1 0.55859375 0.60078125 0.0546875 0.0296875
1 0.6890625 0.559375 0.0375 0.0109375
1 0.49296875 0.62578125 0.046875 0.0234375
1 0.39140625 0.54921875 0.04375 0.0328125
1 0.3546875 0.70078125 0.03125 0.0984375
1 0.44765625 0.740625 0.0390625 0.05