1 0.2921875 0.80078125 0.0203125 0.0171875
1 0.246875 0.7703125 0.0265625 0.015625
1 0.18671875 0.79140625 0.0265625 0.0140625
1 0.115625 0.82109375 0.01484375 0.0140625
1 0.1734375 0.84140625 0.01640625 0.01328125
1 0.22109375 0.859375 0.028125 0.01484375
1 0.0984375 0.88046875 0.0296875 0.0203125
1 0.18828125 0.92109375 0.05 0.0265625
1 0.296875 0.73984375 0.0296875 0.0203125
1 0.18125 0.73828125 0.021875 0.0203125
1 0.29140625 0.68203125 0.01171875 0.0203125
1 0.34375 0.721875 0.0203125 0.015625
1 0.22421875 0.70234375 0.03515625 0.0265625
1 0.36953125 0.6671875 0.01171875 0.01875
1 0.2859375 0.890625 0.028125 0.02890625
1 0.090625 0.97578125 0.03515625 0.01484375
1 0.271875 0.959375 0.03671875 0.02890625
1 0.50234375 0.74453125 0.0203125 0.01328125