1 0.26484375 0.4375 0.03125 0.0296875
1 0.15 0.4484375 0.021875 0.0390625
1 0.203125 0.4171875 0.0265625 0.053125
1 0.3046875 0.29765625 0.0328125 0.05
1 0.3609375 0.32890625 0.0234375 0.0515625
1 0.24765625 0.31953125 0.021875 0.028125
1 0.18203125 0.35625 0.0265625 0.0203125
1 0.11015625 0.39765625 0.0234375 0.0375
1 0.0609375 0.43515625 0.0296875 0.04375
1 0.11953125 0.47734375 0.0265625 0.05625
1 0.29765625 0.390625 0.0328125 0.0421875
1 0.21484375 0.484375 0.025 0.0421875
1 0.3453125 0.4703125 0.0328125 0.0390625
1 0.30234375 0.55625 0.01875 0.0453125
1 0.1875 0.57890625 0.0296875 0.04375
1 0.12421875 0.6515625 0.0234375 0.0609375
1 0.21953125 0.671875 0.028125 0.0453125
1 0.28671875 0.6921875 0.0171875 0.0296875
1 0.30859375 0.65 0.0171875 0.028125
1 0.3953125 0.67109375 0.0234375 0.0328125
1 0.37421875 0.4328125 0.0234375 0.0375
1 0.4234375 0.36015625 0.0390625 0.0578125
1 0.5125 0.28359375 0.0296875 0.046875
1 0.603125 0.38046875 0.028125 0.040625
1 0.5421875 0.35625 0.03125 0.0578125
1 0.59453125 0.24375 0.05 0.053125
1 0.6640625 0.2015625 0.0359375 0.0515625
1 0.7265625 0.19765625 0.0359375 0.0453125
1 0.803125 0.21953125 0.0296875 0.04375
1 0.75703125 0.26796875 0.04375 0.0625
1 0.628125 0.30078125 0.025 0.04375
1 0.65546875 0.4265625 0.0546875 0.0625
1 0.55625 0.421875 0.028125 0.040625
1 0.60546875 0.50859375 0.059375 0.0671875
1 0.80390625 0.3265625 0.03125 0.04375
1 0.7171875 0.54765625 0.05 0.0515625
1 0.66875 0.58828125 0.0234375 0.0453125
1 0.61484375 0.62421875 0.0359375 0.0328125