1 0.53515625 0.2796875 0.02890625 0.1
1 0.5859375 0.11875 0.0546875 0.11015625
1 0.7625 0.134375 0.03203125 0.090625
1 0.20859375 0.103125 0.0234375 0.125
1 0.33984375 0.57578125 0.03203125 0.0828125
1 0.73203125 0.6 0.06328125 0.08125
1 0.86484375 0.42265625 0.05234375 0.07734375
1 0.6046875 0.73046875 0.02890625 0.090625
1 0.22421875 0.72734375 0.0609375 0.0890625
1 0.07109375 0.459375 0.04375 0.065625
1 0.09140625 0.225 0.07265625 0.14453125
1 0.4078125 0.3734375 0.0171875 0.16796875
1 0.94453125 0.34921875 0.07265625 0.0890625