1 0.09375 0.24609375 0.01484375 0.03046875
1 0.12421875 0.26171875 0.0109375 0.06484375
1 0.15390625 0.2921875 0.02109375 0.05859375
1 0.18203125 0.34921875 0.01640625 0.05234375
1 0.221875 0.4046875 0.009375 0.0625
1 0.24765625 0.43046875 0.01171875 0.07109375
1 0.27734375 0.4796875 0.009375 0.06796875
1 0.21328125 0.1984375 0.01640625 0.03046875
1 0.2359375 0.2375 0.01953125 0.03359375
1 0.27109375 0.29140625 0.02265625 0.03515625
1 0.29765625 0.3359375 0.0078125 0.04296875
1 0.3265625 0.38203125 0.0109375 0.053125
1 0.34453125 0.4296875 0.0109375 0.04375
1 0.39296875 0.43125 0.01640625 0.03984375
1 0.40859375 0.39453125 0.01796875 0.0328125
1 0.428125 0.3515625 0.02109375 0.03203125
1 0.446875 0.3140625 0.01640625 0.02578125
1 0.40703125 0.52265625 0.01484375 0.065625
1 0.440625 0.48671875 0.02734375 0.06640625
1 0.47578125 0.4390625 0.03203125 0.065625
1 0.51171875 0.396875 0.0421875 0.053125
1 0.5625 0.36875 0.02109375 0.02265625
1 0.5859375 0.3328125 0.01640625 0.021875
1 0.634375 0.4578125 0.046875 0.053125
1 0.58046875 0.52109375 0.03046875 0.04375
1 0.68359375 0.409375 0.02421875 0.025
1 0.0234375 0.4765625 0.02890625 0.0421875
1 0.08125 0.54453125 0.01484375 0.05
1 0.1375 0.6046875 0.01484375 0.04375
1 0.09375 0.37421875 0.01171875 0.02734375
1 0.128125 0.43125 0.02734375 0.03984375
1 0.16953125 0.4734375 0.01953125 0.03984375
1 0.23671875 0.559375 0.009375 0.05546875
1 0.01875 0.6453125 0.0109375 0.0484375
1 0.06171875 0.68515625 0.02109375 0.04609375
1 0.1296875 0.759375 0.01796875 0.06328125
1 0.171875 0.8109375 0.01484375 0.05
1 0.0359375 0.784375 0.01796875 0.053125
1 0.08203125 0.83125 0.01328125 0.03984375
1 0.1203125 0.87265625 0.01796875 0.02265625
1 0.21875 0.94609375 0.01484375 0.028125
1 0.03359375 0.95 0.02265625 0.03359375
1 0.0953125 0.98203125 0.0453125 0.0359375
1 0.459375 0.7875 0.01640625 0.01796875
1 0.49296875 0.83515625 0.01171875 0.053125
1 0.5125 0.92421875 0.01796875 0.02734375
1 0.58203125 0.86015625 0.01171875 0.053125
1 0.53828125 0.7984375 0.01484375 0.05546875
1 0.50078125 0.73671875 0.01796875 0.03359375
1 0.565625 0.66875 0.01171875 0.0546875
1 0.5734375 0.75703125 0.02421875 0.03359375
1 0.6453125 0.7984375 0.02109375 0.040625
1 0.61015625 0.95390625 0.01328125 0.0375
1 0.75 0.9859375 0.02734375 0.028125
1 0.66796875 0.90078125 0.01796875 0.03515625
1 0.68203125 0.76484375 0.03046875 0.02734375
1 0.70546875 0.87109375 0.02578125 0.02265625
1 0.74375 0.8359375 0.0390625 0.02734375
1 0.68125 0.64296875 0.02265625 0.0359375
1 0.6328125 0.58671875 0.02578125 0.028125
1 0.721875 0.596875 0.03203125 0.04609375
1 0.6859375 0.5421875 0.02578125 0.0328125
1 0.803125 0.78515625 0.02265625 0.02734375
1 0.84453125 0.909375 0.02109375 0.03359375
0 0.4453125 0.65390625 0.02421875 0.01796875
0 0.4828125 0.6078125 0.02421875 0.0171875
0 0.528125 0.590625 0.02109375 0.025