1 0.1125 0.234375 0.00859375 0.059375
1 0.1453125 0.2625 0.0125 0.07421875
1 0.18671875 0.290625 0.01171875 0.05546875
1 0.22109375 0.34921875 0.01171875 0.03125
1 0.1640625 0.3171875 0.01875 0.06796875
1 0.2203125 0.30625 0.01796875 0.021875
1 0.2578125 0.36953125 0.015625 0.0421875
1 0.19765625 0.45 0.01796875 0.04453125
1 0.1640625 0.49296875 0.01640625 0.06953125
1 0.12421875 0.46875 0.021875 0.02578125
1 0.09609375 0.46875 0.00859375 0.03125
1 0.2296875 0.45546875 0.01796875 0.0390625
1 0.25859375 0.4375 0.01796875 0.05
1 0.23984375 0.546875 0.015625 0.03515625
1 0.271875 0.521875 0.021875 0.05703125
1 0.3078125 0.48515625 0.01875 0.02578125
1 0.3921875 0.3734375 0.00625 0.03359375
1 0.42265625 0.40078125 0.00859375 0.071875
1 0.45 0.41796875 0.015625 0.084375
1 0.4734375 0.34765625 0.01875 0.0640625
1 0.5 0.36171875 0.0078125 0.115625
1 0.5296875 0.37578125 0.0265625 0.103125
1 0.578125 0.4109375 0.00390625 0.08125
1 0.61015625 0.403125 0.0140625 0.0328125
1 0.74375 0.31484375 0.015625 0.04375