0 0.1125 0.2859375 0.0296875 0.04375
0 0.1953125 0.22890625 0.0171875 0.040625
0 0.25625 0.321875 0.0109375 0.028125
0 0.41328125 0.34296875 0.01875 0.0234375
0 0.7015625 0.63203125 0.0171875 0.034375
0 0.8859375 0.53203125 0.0359375 0.0234375
0 0.83203125 0.559375 0.0171875 0.0359375
0 0.85 0.63125 0.0140625 0.0234375
0 0.79375 0.92265625 0.015625 0.0265625
1 0.61015625 0.1578125 0.01875 0.071875
1 0.734375 0.11484375 0.0140625 0.053125
1 0.31171875 0.10546875 0.0171875 0.0546875
1 0.14453125 0.15546875 0.0171875 0.071875
1 0.021875 0.1203125 0.0125 0.0703125