1 0.15078125 0.10390625 0.0515625 0.125
1 0.08828125 0.19765625 0.0390625 0.1875
1 0.034375 0.30859375 0.034375 0.14375
1 0.03359375 0.39765625 0.0265625 0.0734375
1 0.10234375 0.3671875 0.0296875 0.090625
1 0.15859375 0.24375 0.0296875 0.0796875
1 0.00390625 0.09609375 0.0078125 0.0828125
1 0.22265625 0.10859375 0.0359375 0.0890625
1 0.2078125 0.23125 0.0328125 0.0875
1 0.14453125 0.40703125 0.0484375 0.0984375
1 0.21640625 0.3703125 0.065625 0.13125
1 0.07109375 0.484375 0.0265625 0.1109375
1 0.04921875 0.5546875 0.0546875 0.1265625
1 0.1421875 0.55390625 0.071875 0.165625
1 0.0828125 0.71484375 0.046875 0.121875
1 0.15625 0.7234375 0.028125 0.096875
1 0.23125 0.55546875 0.0484375 0.11875
1 0.31875 0.62109375 0.0515625 0.1046875
1 0.25 0.6953125 0.0421875 0.0859375
1 0.09765625 0.8625 0.0265625 0.1078125
1 0.178125 0.89609375 0.025 0.1265625
1 0.228125 0.79609375 0.0328125 0.0875
1 0.33671875 0.83203125 0.0515625 0.1046875
1 0.32109375 0.94765625 0.028125 0.0625
1 0.284375 0.98671875 0.028125 0.0265625
1 0.390625 0.946875 0.0375 0.10625
1 0.415625 0.8078125 0.0328125 0.0609375
1 0.46015625 0.91328125 0.01875 0.0875
1 0.471875 0.759375 0.0359375 0.0984375
1 0.51875 0.90390625 0.0625 0.1140625
1 0.4421875 0.97890625 0.025 0.0421875
1 0.328125 0.43828125 0.0578125 0.1203125
1 0.2828125 0.2359375 0.053125 0.1046875
1 0.3171875 0.08515625 0.0359375 0.103125
1 0.3859375 0.1453125 0.053125 0.1140625
1 0.37734375 0.29453125 0.053125 0.1296875
1 0.4140625 0.44765625 0.034375 0.103125
1 0.4578125 0.12109375 0.05625 0.1828125
1 0.475 0.30859375 0.0328125 0.103125
1 0.47109375 0.45078125 0.0515625 0.090625
1 0.553125 0.096875 0.0359375 0.10625
1 0.5453125 0.23515625 0.046875 0.1015625
1 0.5546875 0.3640625 0.0375 0.0671875
1 0.64765625 0.0671875 0.040625 0.084375
1 0.61015625 0.11796875 0.028125 0.0859375
1 0.60234375 0.23125 0.0234375 0.08125
1 0.66640625 0.228125 0.0296875 0.0859375
1 0.62265625 0.3109375 0.0125 0.065625
1 0.71875 0.08671875 0.0484375 0.13125
1 0.7875 0.0546875 0.040625 0.0953125
1 0.525 0.6921875 0.025 0.0953125
1 0.584375 0.8171875 0.0546875 0.078125
1 0.5703125 0.64453125 0.0546875 0.1359375
1 0.61015625 0.534375 0.0375 0.1078125
1 0.6640625 0.675 0.0546875 0.1125
1 0.66875 0.81171875 0.034375 0.071875
1 0.61484375 0.915625 0.0359375 0.078125
1 0.6890625 0.8953125 0.0265625 0.065625
1 0.7 0.475 0.0296875 0.109375
1 0.725 0.590625 0.040625 0.084375
1 0.75546875 0.68515625 0.021875 0.0609375
1 0.715625 0.78046875 0.0203125 0.09375
1 0.765625 0.81171875 0.040625 0.0953125
1 0.815625 0.73828125 0.065625 0.1640625
1 0.79296875 0.5921875 0.0359375 0.0609375
1 0.76953125 0.50625 0.0265625 0.05625
1 0.74296875 0.39296875 0.04375 0.078125
1 0.80078125 0.3421875 0.0421875 0.0875
1 0.8453125 0.4578125 0.034375 0.0890625
1 0.88125 0.59375 0.0296875 0.10625
1 0.91953125 0.71640625 0.0375 0.034375
1 0.85703125 0.296875 0.01875 0.078125
1 0.90078125 0.3828125 0.01875 0.0546875
1 0.95078125 0.4921875 0.03125 0.0921875
1 0.96171875 0.6296875 0.0265625 0.08125
1 0.94765625 0.30703125 0.0609375 0.1140625