1 0.1609375 0.1609375 0.021875 0.0328125
1 0.1875 0.18359375 0.025 0.065625
1 0.209375 0.21953125 0.034375 0.0625
1 0.22421875 0.28125 0.028125 0.0546875
1 0.25078125 0.34453125 0.0234375 0.0625
1 0.26953125 0.37578125 0.028125 0.071875
1 0.2875 0.43046875 0.025 0.06875
1 0.28828125 0.14140625 0.0234375 0.0328125
1 0.3015625 0.18515625 0.0265625 0.0375
1 0.32421875 0.2453125 0.0296875 0.0390625
1 0.33984375 0.29453125 0.0171875 0.04375
1 0.3578125 0.34609375 0.021875 0.0546875
1 0.3640625 0.396875 0.0203125 0.0453125
1 0.4109375 0.40859375 0.025 0.0421875
1 0.434375 0.3765625 0.025 0.0359375
1 0.46328125 0.3390625 0.028125 0.0359375
1 0.48984375 0.30703125 0.021875 0.028125
1 0.4046875 0.50078125 0.0296875 0.0671875
1 0.4453125 0.4734375 0.0421875 0.0703125
1 0.48984375 0.43515625 0.0453125 0.071875
1 0.534375 0.40234375 0.053125 0.0609375
1 0.590625 0.3859375 0.025 0.0265625
1 0.62109375 0.35625 0.0203125 0.025
1 0.640625 0.4890625 0.0578125 0.0625
1 0.5734375 0.53828125 0.0390625 0.05
1 0.69921875 0.453125 0.0296875 0.0296875
1 0.040625 0.3703125 0.0375 0.046875
1 0.08203125 0.44921875 0.025 0.0515625
1 0.1234375 0.5203125 0.025 0.0453125
1 0.1328125 0.2859375 0.0171875 0.0296875
1 0.153125 0.34921875 0.0359375 0.0453125
1 0.18359375 0.4 0.028125 0.04375
1 0.23046875 0.4984375 0.021875 0.05625
1 0.0046875 0.5328125 0.009375 0.05
1 0.03125 0.58203125 0.03125 0.05
1 0.08046875 0.66953125 0.03125 0.065625
1 0.11015625 0.72890625 0.025 0.0515625
1 0.01796875 0.72890625 0.021875 0.0421875
1 0.04609375 0.77734375 0.021875 0.0265625
1 0.12578125 0.87109375 0.0203125 0.03125
1 0.0109375 0.87890625 0.021875 0.0453125
1 0.39609375 0.77109375 0.0203125 0.021875
1 0.41796875 0.825 0.0234375 0.0546875
1 0.41640625 0.91640625 0.0234375 0.03125
1 0.49921875 0.86953125 0.0234375 0.0546875
1 0.4703125 0.79921875 0.0265625 0.0578125
1 0.44765625 0.73046875 0.025 0.0375
1 0.52578125 0.67890625 0.0234375 0.05625
1 0.5140625 0.7671875 0.03125 0.0375
1 0.57421875 0.8234375 0.0296875 0.04375
1 0.50546875 0.9671875 0.021875 0.0390625
1 0.5734375 0.928125 0.025 0.0390625
1 0.61796875 0.79921875 0.0359375 0.0328125
1 0.61640625 0.9078125 0.0296875 0.028125
1 0.66171875 0.88203125 0.04375 0.0359375
1 0.64453125 0.6796875 0.0296875 0.040625
1 0.61015625 0.6140625 0.03125 0.0328125
1 0.69453125 0.64453125 0.0421875 0.0515625
1 0.671875 0.5828125 0.0328125 0.0375
1 0.73125 0.84609375 0.028125 0.03125
1 0.74375 0.9765625 0.028125 0.0375
0 0.41171875 0.6375 0.028125 0.0234375
0 0.459375 0.6015625 0.028125 0.021875
0 0.50703125 0.59453125 0.0265625 0.0296875