1 0.3578125 0.11015625 0.01875 0.0640625
1 0.3875 0.059375 0.0234375 0.0890625
1 0.4234375 0.0859375 0.021875 0.0875
1 0.38984375 0.1640625 0.0296875 0.0703125
1 0.43046875 0.184375 0.0171875 0.0640625
1 0.3765625 0.2375 0.0140625 0.04375
1 0.43984375 0.28125 0.025 0.0703125
1 0.3984375 0.28828125 0.021875 0.078125
1 0.4296875 0.37890625 0.025 0.075
1 0.50390625 0.1328125 0.021875 0.0734375
1 0.52890625 0.07265625 0.0234375 0.065625
1 0.5546875 0.09609375 0.0203125 0.0578125
1 0.53359375 0.1640625 0.025 0.065625
1 0.58828125 0.0796875 0.025 0.090625
1 0.62578125 0.07734375 0.0234375 0.06875
1 0.578125 0.1671875 0.015625 0.0515625
1 0.51875 0.321875 0.0171875 0.0734375
1 0.5453125 0.27109375 0.021875 0.0796875
1 0.58984375 0.2796875 0.01875 0.065625
1 0.63046875 0.246875 0.0203125 0.06875
1 0.56953125 0.35078125 0.0203125 0.05625