1 0.328125 0.196875 0.04375 0.10625
1 0.44140625 0.1171875 0.0296875 0.071875
1 0.5828125 0.2046875 0.05 0.13125
1 0.159375 0.27421875 0.0375 0.14375
1 0.37734375 0.37265625 0.1015625 0.1109375
1 0.190625 0.4625 0.0453125 0.128125
1 0.0609375 0.5359375 0.0578125 0.1203125
1 0.05703125 0.740625 0.0515625 0.1109375
1 0.17109375 0.6328125 0.071875 0.1578125
1 0.30625 0.57109375 0.0625 0.1453125
1 0.1390625 0.828125 0.053125 0.1875
1 0.28203125 0.7609375 0.0453125 0.1859375
1 0.41953125 0.70390625 0.084375 0.2109375
1 0.709375 0.25703125 0.05625 0.1140625
1 0.53515625 0.3578125 0.0421875 0.140625
1 0.734375 0.50390625 0.0703125 0.1421875
1 0.571875 0.59453125 0.09375 0.18125
1 0.94453125 0.84609375 0.0765625 0.1859375
1 0.7515625 0.7640625 0.071875 0.215625
1 0.8796875 0.4109375 0.08125 0.1703125