1 0.2796875 0.1484375 0.021875 0.0640625
1 0.2984375 0.09296875 0.0265625 0.0890625
1 0.3390625 0.1109375 0.025 0.0875
1 0.32265625 0.19453125 0.0328125 0.071875
1 0.36640625 0.20546875 0.01875 0.065625
1 0.32421875 0.26875 0.015625 0.0453125
1 0.39609375 0.2984375 0.0265625 0.0703125
1 0.35703125 0.3140625 0.025 0.078125
1 0.40625 0.39609375 0.028125 0.0765625
1 0.42734375 0.13984375 0.025 0.0734375
1 0.4390625 0.07578125 0.025 0.0671875
1 0.46953125 0.09375 0.021875 0.0578125
1 0.4625 0.16484375 0.0265625 0.0671875
1 0.49921875 0.0703125 0.028125 0.090625
1 0.53515625 0.06015625 0.0265625 0.06875
1 0.5078125 0.15859375 0.0171875 0.0515625
1 0.48125 0.321875 0.01875 0.0734375
1 0.496875 0.26640625 0.025 0.0796875
1 0.5421875 0.265625 0.0203125 0.065625
1 0.575 0.22578125 0.021875 0.06875
1 0.53671875 0.33984375 0.021875 0.05625