1 0.0828125 0.38984375 0.0203125 0.0421875
1 0.04609375 0.425 0.0234375 0.0421875
1 0.13359375 0.440625 0.0296875 0.0671875
1 0.09921875 0.47109375 0.03125 0.0671875
1 0.0640625 0.52109375 0.0328125 0.059375
1 0.14453125 0.36796875 0.028125 0.0484375
1 0.21328125 0.4484375 0.0203125 0.0796875
1 0.1796875 0.43125 0.0234375 0.065625
1 0.246875 0.40234375 0.0296875 0.071875
1 0.29296875 0.43828125 0.01875 0.065625
1 0.2578125 0.48984375 0.0171875 0.0578125
1 0.18359375 0.55 0.0421875 0.0546875
1 0.2875 0.553125 0.028125 0.0453125
1 0.3609375 0.4578125 0.0296875 0.0796875
1 0.3796875 0.534375 0.025 0.0625
1 0.33671875 0.396875 0.0234375 0.05
1 0.26484375 0.3015625 0.028125 0.040625
1 0.31484375 0.30390625 0.0203125 0.0609375
1 0.3609375 0.328125 0.0296875 0.0765625
1 0.41171875 0.346875 0.0296875 0.0546875
1 0.4078125 0.23515625 0.0484375 0.0578125
1 0.5296875 0.29609375 0.0375 0.1140625
1 0.58515625 0.2875 0.0296875 0.078125
1 0.609375 0.22109375 0.0296875 0.0515625
1 0.66328125 0.2328125 0.0375 0.0734375
1 0.73828125 0.2734375 0.0359375 0.0890625
1 0.6546875 0.33125 0.0390625 0.0859375
1 0.5796875 0.39609375 0.0265625 0.0453125
1 0.809375 0.2421875 0.0234375 0.046875
1 0.78671875 0.3078125 0.0375 0.05625
1 0.85703125 0.32265625 0.0328125 0.06875
1 0.63203125 0.46015625 0.034375 0.075
1 0.5796875 0.50234375 0.034375 0.0734375
1 0.65703125 0.584375 0.0296875 0.0609375
1 0.7359375 0.5890625 0.0359375 0.065625
1 0.62421875 0.6234375 0.0296875 0.05