1 0.14375 0.5484375 0.02265625 0.14296875
1 0.05390625 0.3703125 0.02265625 0.10703125
1 0.13515625 0.36015625 0.01015625 0.1
1 0.07109375 0.66328125 0.02265625 0.09296875
1 0.18984375 0.3015625 0.0203125 0.15703125
1 0.19375 0.56328125 0.0171875 0.146875
1 0.2375 0.46015625 0.0203125 0.08671875
1 0.2359375 0.64140625 0.0328125 0.13671875
1 0.28359375 0.38828125 0.0125 0.11015625
1 0.2828125 0.621875 0.025 0.16328125
1 0.15625 0.7 0.0171875 0.0734375
1 0.35625 0.546875 0.02265625 0.23984375
1 0.4109375 0.671875 0.0171875 0.1234375
1 0.4390625 0.5296875 0.0171875 0.13984375
1 0.48359375 0.646875 0.0171875 0.146875
1 0.5265625 0.61328125 0.0125 0.13984375
1 0.7 0.91484375 0.0203125 0.14296875
1 0.79609375 0.90703125 0.0171875 0.1265625
1 0.73125 0.5765625 0.0171875 0.16640625
1 0.5234375 0.31015625 0.0125 0.13359375
1 0.8234375 0.5234375 0.0171875 0.16015625
1 0.81484375 0.253125 0.025 0.1203125
1 0.91484375 0.428125 0.0203125 0.1765625
1 0.9125 0.91015625 0.0203125 0.1796875