1 0.1 0.609375 0.03125 0.1140625
1 0.17109375 0.6625 0.0359375 0.0796875
1 0.20234375 0.646875 0.0421875 0.178125
1 0.2640625 0.715625 0.034375 0.121875
1 0.321875 0.6515625 0.0515625 0.159375
1 0.4140625 0.64765625 0.0328125 0.153125
1 0.4515625 0.70390625 0.0421875 0.159375
1 0.4984375 0.65078125 0.0375 0.1484375
1 0.5453125 0.72734375 0.0484375 0.15625
1 0.6015625 0.67734375 0.040625 0.1359375
1 0.64140625 0.70078125 0.0359375 0.125
1 0.69140625 0.7015625 0.0515625 0.1375
1 0.796875 0.68046875 0.0953125 0.0765625
1 0.58359375 0.43125 0.1046875 0.0546875
1 0.8609375 0.52265625 0.096875 0.053125
1 0.546875 0.19140625 0.0921875 0.053125
1 0.678125 0.26015625 0.0890625 0.04375
1 0.82109375 0.315625 0.0921875 0.053125
1 0.65390625 0.875 0.153125 0.0390625
1 0.6875 0.98203125 0.15625 0.0359375