1 0.13515625 0.69609375 0.0296875 0.1140625
1 0.21640625 0.7328125 0.0359375 0.0796875
1 0.24296875 0.71015625 0.0390625 0.178125
1 0.31875 0.76328125 0.0328125 0.121875
1 0.36015625 0.6875 0.0484375 0.159375
1 0.44921875 0.66328125 0.03125 0.153125
1 0.4984375 0.71015625 0.0390625 0.1578125
1 0.5328125 0.64765625 0.0359375 0.1484375
1 0.5953125 0.71171875 0.0453125 0.1546875
1 0.6390625 0.64921875 0.0390625 0.1359375
1 0.6828125 0.6640625 0.0328125 0.125
1 0.73203125 0.653125 0.0484375 0.1359375
1 0.8296875 0.609375 0.09375 0.075
1 0.56640625 0.41484375 0.1046875 0.053125
1 0.85703125 0.440625 0.096875 0.053125
1 0.47578125 0.1890625 0.0921875 0.0515625
1 0.61953125 0.22578125 0.0875 0.0421875
1 0.77109375 0.2484375 0.0921875 0.0515625
1 0.734375 0.83046875 0.153125 0.0359375
1 0.79296875 0.93671875 0.1546875 0.053125