1 0.25546875 0.30703125 0.025 0.0484375
1 0.328125 0.35859375 0.0359375 0.0890625
1 0.496875 0.13515625 0.025 0.05625
1 0.47734375 0.16875 0.025 0.05
1 0.55078125 0.240625 0.05 0.0640625
1 0.48828125 0.23984375 0.0203125 0.0625
1 0.553125 0.34453125 0.025 0.0640625
1 0.6046875 0.37578125 0.0234375 0.034375
1 0.71484375 0.43359375 0.01875 0.05625
1 0.775 0.525 0.025 0.059375
1 0.8125 0.38125 0.0390625 0.078125
1 0.83203125 0.48828125 0.040625 0.0765625
1 0.29296875 0.5328125 0.0265625 0.03125
1 0.2953125 0.75546875 0.0296875 0.0296875
1 0.6984375 0.73203125 0.0328125 0.0609375
1 0.63828125 0.77890625 0.0234375 0.06875
1 0.7203125 0.82265625 0.028125 0.0546875