0 0.14296875 0.27421875 0.0234375 0.021875
0 0.209375 0.2390625 0.01875 0.0234375
0 0.2171875 0.3484375 0.01875 0.0375
0 0.41015625 0.22890625 0.021875 0.0484375
0 0.31328125 0.35625 0.03125 0.0421875
0 0.38828125 0.40546875 0.0375 0.0453125
0 0.31171875 0.465625 0.01875 0.0359375
0 0.35078125 0.47109375 0.0140625 0.01875
0 0.39140625 0.4765625 0.0296875 0.0296875
0 0.21796875 0.59296875 0.028125 0.0421875
0 0.128125 0.52734375 0.0171875 0.021875
0 0.365625 0.58359375 0.01875 0.01875
0 0.38125 0.70234375 0.015625 0.021875
0 0.36953125 0.7859375 0.0171875 0.025
0 0.44140625 0.8640625 0.0140625 0.021875
0 0.528125 0.85703125 0.0203125 0.03125
0 0.43359375 0.7828125 0.01875 0.01875
0 0.50390625 0.63515625 0.0234375 0.0296875
0 0.50859375 0.56875 0.025 0.0421875
0 0.5734375 0.6203125 0.0203125 0.03125
0 0.56015625 0.3671875 0.03125 0.0421875
0 0.66796875 0.22265625 0.028125 0.053125
0 0.64609375 0.32109375 0.01875 0.03125
0 0.69453125 0.11171875 0.01875 0.028125
0 0.88671875 0.503125 0.0203125 0.0421875
0 0.77734375 0.78515625 0.028125 0.0296875
0 0.6296875 0.86484375 0.0140625 0.021875
0 0.65 0.971875 0.0359375 0.034375
0 0.928125 0.75859375 0.021875 0.0265625
0 0.98046875 0.61875 0.0203125 0.028125
0 0.84921875 0.9828125 0.028125 0.021875
0 0.71484375 0.88125 0.01875 0.01875
1 0.0671875 0.6296875 0.01875 0.08125
1 0.05703125 0.43125 0.0203125 0.0703125
1 0.175 0.6640625 0.0109375 0.0921875
0 0.215625 0.81171875 0.0125 0.021875
0 0.23046875 0.7078125 0.0125 0.021875
0 0.325 0.94296875 0.0171875 0.025
0 0.4171875 0.8828125 0.0140625 0.0203125
1 0.30859375 0.8078125 0.015625 0.0671875
1 0.31171875 0.60625 0.015625 0.046875
1 0.55546875 0.4734375 0.0265625 0.075
0 0.63671875 0.109375 0.015625 0.015625
0 0.63671875 0.07890625 0.021875 0.015625
0 0.20625 0.0203125 0.0140625 0.01875