1 0.57734375 0.61796875 0.09375 0.0375
1 0.753125 0.46640625 0.1203125 0.0296875
1 0.7421875 0.29609375 0.109375 0.0203125
1 0.48671875 0.39375 0.1125 0.0171875
1 0.74296875 0.6640625 0.04375 0.053125
0 0.428125 0.678125 0.0296875 0.0171875
0 0.33984375 0.73515625 0.0296875 0.0140625
0 0.29296875 0.70546875 0.0234375 0.015625
0 0.63203125 0.80703125 0.0734375 0.040625
0 0.15625 0.26484375 0.0296875 0.01875
0 0.2359375 0.27265625 0.0265625 0.009375
0 0.3421875 0.2859375 0.0453125 0.021875
0 0.3953125 0.296875 0.025 0.01875
0 0.44375 0.1140625 0.034375 0.01875
0 0.278125 0.27890625 0.0171875 0.0125