1 0.87109375 0.18515625 0.04375 0.1296875
1 0.8515625 0.50625 0.05 0.13125
1 0.41171875 0.58203125 0.046875 0.1453125
1 0.16640625 0.5890625 0.0546875 0.1734375
0 0.01875 0.14765625 0.0375 0.0453125
0 0.015625 0.390625 0.03125 0.040625
0 0.0125 0.54296875 0.025 0.0578125
0 0.3796875 0.31875 0.03125 0.03125
0 0.45703125 0.37109375 0.0390625 0.05625
0 0.39375 0.41875 0.04375 0.0390625
0 0.475 0.43828125 0.0390625 0.0375
0 0.4875 0.65859375 0.0421875 0.059375
0 0.41796875 0.725 0.034375 0.0390625
0 0.36953125 0.1765625 0.025 0.0328125
0 0.17734375 0.2078125 0.01875 0.028125
0 0.215625 0.1015625 0.0484375 0.0375
0 0.15 0.32578125 0.028125 0.0375
0 0.26875 0.19296875 0.0296875 0.0296875
0 0.44453125 0.1359375 0.025 0.0265625
0 0.475 0.21484375 0.0203125 0.0265625
0 0.5390625 0.19453125 0.0265625 0.0296875
0 0.60390625 0.38203125 0.025 0.0296875
0 0.6125 0.4953125 0.0453125 0.059375
0 0.63515625 0.55859375 0.0484375 0.05625
0 0.42578125 0.8265625 0.0515625 0.0640625
0 0.43359375 0.934375 0.028125 0.040625
0 0.490625 0.91953125 0.0234375 0.0234375
0 0.67890625 0.74453125 0.0375 0.05625
0 0.72421875 0.58359375 0.034375 0.0484375
0 0.69375 0.475 0.0296875 0.0390625
0 0.65546875 0.484375 0.025 0.0359375
0 0.74296875 0.32734375 0.028125 0.0296875
0 0.8203125 0.56640625 0.021875 0.0328125
0 0.86171875 0.66640625 0.0265625 0.0359375
0 0.915625 0.6109375 0.0265625 0.0296875
0 0.67890625 0.11796875 0.0171875 0.01875
0 0.53046875 0.0234375 0.0265625 0.025