0 0.0328125 0.53828125 0.0296875 0.04375
0 0.0703125 0.69375 0.05 0.075
0 0.11875 0.94375 0.0484375 0.05625
0 0.33671875 0.95546875 0.065625 0.05625
0 0.22265625 0.7453125 0.0375 0.04375
0 0.36484375 0.8578125 0.0234375 0.0453125
0 0.1421875 0.4421875 0.0328125 0.0421875
0 0.2265625 0.60390625 0.021875 0.025
0 0.44765625 0.6234375 0.05625 0.0453125
0 0.45078125 0.72265625 0.0265625 0.0328125
0 0.46875 0.871875 0.0296875 0.0453125
0 0.55390625 0.9015625 0.028125 0.0375
0 0.5171875 0.65625 0.0390625 0.05
0 0.484375 0.36796875 0.0578125 0.065625
0 0.52109375 0.5859375 0.0390625 0.0390625
0 0.56875 0.8171875 0.021875 0.0265625
0 0.403125 0.315625 0.0421875 0.0421875
0 0.38671875 0.2046875 0.0515625 0.0734375
0 0.37890625 0.090625 0.0234375 0.0234375
0 0.47265625 0.07265625 0.028125 0.04375
0 0.27421875 0.8609375 0.021875 0.025
0 0.63671875 0.8234375 0.028125 0.040625
0 0.66796875 0.634375 0.021875 0.025
0 0.64921875 0.51484375 0.0328125 0.0390625
0 0.66015625 0.2640625 0.0453125 0.0546875
0 0.73984375 0.41328125 0.040625 0.0453125
0 0.66484375 0.45 0.0390625 0.0421875
0 0.69453125 0.52109375 0.021875 0.025
0 0.7328125 0.52109375 0.028125 0.0453125
0 0.8125 0.67109375 0.0390625 0.0390625
0 0.84296875 0.4234375 0.03125 0.0390625
0 0.85703125 0.3109375 0.0203125 0.0296875
0 0.925 0.3625 0.0234375 0.03125
1 0.84921875 0.553125 0.0203125 0.0546875
1 0.95234375 0.79140625 0.0265625 0.0703125
1 0.44140625 0.4625 0.028125 0.075
1 0.67265625 0.35703125 0.0234375 0.05625
1 0.23515625 0.50625 0.034375 0.0796875