0 0.0265625 0.03828125 0.046875 0.01875
0 0.1 0.0234375 0.0640625 0.015625
0 0.23984375 0.14921875 0.0265625 0.015625
0 0.10390625 0.0921875 0.03125 0.0203125
0 0.14921875 0.0671875 0.065625 0.0125
0 0.34765625 0.15390625 0.071875 0.03125
0 0.80234375 0.04296875 0.13125 0.0328125
0 0.85703125 0.078125 0.0921875 0.025
0 0.896875 0.27890625 0.0984375 0.0390625
0 0.034375 0.409375 0.03125 0.01875
0 0.3734375 0.71640625 0.046875 0.025
0 0.4421875 0.7515625 0.0421875 0.0265625
0 0.31015625 0.74296875 0.0328125 0.01875
0 0.2046875 0.703125 0.03125 0.01875
0 0.36640625 0.8078125 0.0265625 0.0171875
0 0.88359375 0.73671875 0.0328125 0.015625
0 0.875 0.6890625 0.0296875 0.0171875
0 0.5359375 0.246875 0.0234375 0.0109375
0 0.53359375 0.23046875 0.025 0.0125
0 0.60859375 0.21328125 0.128125 0.0171875
0 0.51328125 0.18828125 0.09375 0.0140625
0 0.6546875 0.1921875 0.0125 0.009375
0 0.934375 0.3203125 0.021875 0.0125