0 0.16640625 0.75859375 0.053125 0.03203125
0 0.11953125 0.70625 0.05859375 0.02890625
0 0.07109375 0.66640625 0.02734375 0.01015625
0 0.3078125 0.61015625 0.021875 0.0125
0 0.246875 0.603125 0.01875 0.015625
0 0.7734375 0.48046875 0.103125 0.0296875
0 0.753125 0.54453125 0.0328125 0.03203125
0 0.8078125 0.646875 0.053125 0.03828125
0 0.87109375 0.88359375 0.04453125 0.02890625
0 0.24140625 0.45546875 0.02578125 0.02265625
0 0.1078125 0.2625 0.0421875 0.01953125
0 0.30546875 0.28046875 0.040625 0.01875
0 0.078125 0.17421875 0.09765625 0.02578125
0 0.05 0.2640625 0.04453125 0.02265625
0 0.14765625 0.34453125 0.0328125 0.01796875
0 0.2515625 0.3375 0.03125 0.015625
0 0.86953125 0.509375 0.02578125 0.01484375
1 0.10703125 0.396875 0.084375 0.03203125
1 0.190625 0.225 0.053125 0.028125
1 0.0890625 0.53125 0.08984375 0.03515625
0 0.36953125 0.2671875 0.04609375 0.01640625