1 0.69765625 0.975 0.021875 0.0203125
1 0.7828125 0.7671875 0.0140625 0.040625
1 0.90390625 0.76953125 0.01875 0.0328125
0 0.76484375 0.68125 0.0171875 0.015625
0 0.671875 0.56640625 0.0421875 0.0390625
0 0.58515625 0.5078125 0.0421875 0.034375
0 0.60703125 0.54765625 0.01875 0.03125
0 0.5890625 0.56640625 0.0140625 0.015625
0 0.56953125 0.45 0.0296875 0.0234375
0 0.54609375 0.42265625 0.0390625 0.034375
0 0.5234375 0.38203125 0.0375 0.04375
0 0.5640625 0.3640625 0.034375 0.034375
0 0.63359375 0.39765625 0.0390625 0.028125
0 0.6671875 0.4421875 0.034375 0.0390625
0 0.65 0.37421875 0.034375 0.034375
0 0.67890625 0.41015625 0.028125 0.034375
0 0.6984375 0.43828125 0.015625 0.01875
0 0.72265625 0.48515625 0.0234375 0.0203125
0 0.590625 0.415625 0.0109375 0.0078125
0 0.61640625 0.42109375 0.0140625 0.015625
0 0.596875 0.2984375 0.0265625 0.021875
0 0.559375 0.2546875 0.034375 0.0265625
0 0.51953125 0.253125 0.021875 0.01875
0 0.54296875 0.27890625 0.021875 0.0203125
0 0.5640625 0.30859375 0.0296875 0.0296875
0 0.43984375 0.34375 0.028125 0.0328125
0 0.4171875 0.14375 0.021875 0.0171875
0 0.44296875 0.15859375 0.0125 0.009375
0 0.46796875 0.17421875 0.0296875 0.021875
0 0.44453125 0.2 0.0296875 0.0375
0 0.5421875 0.203125 0.0296875 0.01875
0 0.38359375 0.25234375 0.0203125 0.03125
0 0.33984375 0.25546875 0.03125 0.040625