0 0.04296875 0.021875 0.04609375 0.0171875
0 0.1171875 0.01015625 0.06328125 0.01328125
0 0.25234375 0.140625 0.0265625 0.01484375
0 0.11875 0.07890625 0.03046875 0.01953125
0 0.16484375 0.05546875 0.065625 0.01015625
0 0.36015625 0.1484375 0.0703125 0.028125
0 0.81796875 0.05390625 0.1296875 0.028125
0 0.871875 0.090625 0.0921875 0.02109375
0 0.9046875 0.29296875 0.096875 0.0359375
0 0.0375 0.39296875 0.03046875 0.0171875
0 0.365625 0.71171875 0.04609375 0.0234375
0 0.43359375 0.74921875 0.04140625 0.02578125
0 0.3015625 0.7359375 0.0328125 0.0171875
0 0.19765625 0.69296875 0.03046875 0.0171875
0 0.35546875 0.803125 0.0265625 0.01640625
0 0.875 0.75 0.0328125 0.01484375
0 0.86796875 0.70234375 0.02890625 0.01640625
0 0.54453125 0.2484375 0.02265625 0.01015625
0 0.54296875 0.23203125 0.025 0.01171875
0 0.61875 0.2171875 0.12734375 0.01328125
0 0.52421875 0.1890625 0.09375 0.01015625
0 0.665625 0.19765625 0.01171875 0.00859375
0 0.940625 0.3359375 0.02109375 0.0125