0 0.29375 0.04140625 0.0359375 0.0375
0 0.1703125 0.13671875 0.0375 0.028125
0 0.43203125 0.11875 0.03984375 0.034375
0 0.646875 0.0296875 0.0453125 0.03984375
0 0.60390625 0.12265625 0.03203125 0.0453125
0 0.6796875 0.1921875 0.03203125 0.028125
0 0.57578125 0.2921875 0.03203125 0.02421875
0 0.50703125 0.3671875 0.0375 0.03046875
0 0.57734375 0.38828125 0.028125 0.03984375
0 0.53125 0.4453125 0.0375 0.04765625
0 0.27890625 0.56640625 0.0359375 0.028125
0 0.18984375 0.6359375 0.03984375 0.04375
0 0.3640625 0.5890625 0.04375 0.03984375
0 0.11640625 0.7109375 0.03203125 0.0375
0 0.75625 0.2375 0.01875 0.02109375
0 0.7671875 0.346875 0.028125 0.028125
0 0.571875 0.59296875 0.03984375 0.03984375
0 0.53046875 0.646875 0.03984375 0.04140625
0 0.415625 0.77734375 0.034375 0.04140625
0 0.57265625 0.7296875 0.0375 0.0375
0 0.78203125 0.58984375 0.0359375 0.034375
0 0.6421875 0.79921875 0.02421875 0.0359375
0 0.5890625 0.8859375 0.03203125 0.03984375
0 0.63359375 0.64375 0.03046875 0.03203125
0 0.66015625 0.89453125 0.01875 0.034375
0 0.715625 0.31015625 0.02109375 0.02265625
0 0.90078125 0.24296875 0.01328125 0.02421875
1 0.8875 0.53984375 0.009375 0.07734375
1 0.43515625 0.46328125 0.01484375 0.0640625
1 0.29296875 0.2859375 0.01484375 0.0640625
0 0.18125 0.28046875 0.02265625 0.02421875
0 0.659375 0.51875 0.0171875 0.028125