0 0.3296875 0.00234375 0.021875 0.0046875
0 0.27265625 0.01015625 0.0140625 0.0203125
0 0.3234375 0.121875 0.053125 0.025
0 0.0984375 0.0671875 0.0140625 0.0125
0 0.24609375 0.23046875 0.0296875 0.0140625
0 0.04296875 0.22734375 0.0140625 0.015625
0 0.5875 0.0328125 0.015625 0.0140625
0 0.4671875 0.03984375 0.046875 0.0203125
0 0.4828125 0.06171875 0.05625 0.0203125
0 0.46171875 0.07734375 0.0359375 0.01875
0 0.9953125 0.20703125 0.009375 0.0140625
0 0.659375 0.1609375 0.01875 0.0125
0 0.72578125 0.24765625 0.025 0.015625
0 0.53125 0.4 0.0328125 0.021875
0 0.58984375 0.4359375 0.0234375 0.0171875
0 0.8828125 0.5609375 0.0203125 0.0140625
0 0.77890625 0.59921875 0.0234375 0.015625
0 0.80859375 0.59921875 0.0109375 0.0078125
0 0.64140625 0.61796875 0.0125 0.0125
0 0.58125 0.5890625 0.034375 0.0171875
0 0.7609375 0.67265625 0.028125 0.015625
0 0.80234375 0.69453125 0.028125 0.0140625
0 0.72421875 0.75390625 0.046875 0.0390625
0 0.534375 0.6890625 0.0140625 0.0140625
0 0.37578125 0.290625 0.0171875 0.0140625
0 0.27890625 0.3421875 0.0265625 0.0171875
0 0.35390625 0.41953125 0.0609375 0.034375
0 0.4265625 0.39765625 0.01875 0.0125
0 0.43828125 0.4390625 0.0359375 0.0234375
0 0.3625 0.815625 0.0234375 0.0234375
0 0.49921875 0.715625 0.0203125 0.0125
0 0.359375 0.940625 0.0234375 0.0171875
0 0.3703125 0.965625 0.0328125 0.025
0 0.34375 0.9765625 0.0234375 0.0125
0 0.4 0.95546875 0.0328125 0.028125
0 0.49609375 0.89453125 0.021875 0.0171875
0 0.5640625 0.93046875 0.028125 0.021875
0 0.615625 0.95 0.0140625 0.0140625