0 0.10546875 0.04375 0.03125 0.028125
0 0.04609375 0.290625 0.0328125 0.04140625
0 0.009375 0.42890625 0.01640625 0.0328125
0 0.19921875 0.2484375 0.0328125 0.03359375
0 0.25234375 0.1421875 0.0203125 0.01640625
0 0.31484375 0.04921875 0.03671875 0.01953125
0 0.33828125 0.1515625 0.028125 0.0265625
0 0.43828125 0.15078125 0.01484375 0.03515625
0 0.4265625 0.2953125 0.01953125 0.0265625
0 0.528125 0.13203125 0.0203125 0.01953125
0 0.54296875 0.21796875 0.01796875 0.0265625
0 0.4875 0.36796875 0.01640625 0.04609375
0 0.4234375 0.39609375 0.0265625 0.025
0 0.4921875 0.43671875 0.0234375 0.0234375
0 0.44765625 0.65390625 0.03359375 0.03984375
0 0.365625 0.69765625 0.0328125 0.0265625
0 0.3515625 0.7984375 0.03125 0.04609375
0 0.3390625 0.91484375 0.01796875 0.03125
0 0.60546875 0.21171875 0.01328125 0.021875
0 0.60703125 0.51875 0.03984375 0.046875
0 0.621875 0.5921875 0.028125 0.0484375
0 0.6515625 0.5234375 0.01484375 0.0265625
0 0.68828125 0.525 0.01796875 0.0296875
0 0.69921875 0.63359375 0.0234375 0.03125
0 0.7734375 0.384375 0.021875 0.021875
0 0.796875 0.63203125 0.021875 0.028125
0 0.87890625 0.70078125 0.01484375 0.03125
0 0.81484375 0.74140625 0.01640625 0.0203125
0 0.86953125 0.44296875 0.021875 0.01953125
0 0.63046875 0.41015625 0.01640625 0.0265625
0 0.615625 0.7703125 0.03125 0.0484375
0 0.39921875 0.9109375 0.025 0.0203125
1 0.25625 0.26875 0.01796875 0.0796875
0 0.1140625 0.5375 0.028125 0.03984375
1 0.39453125 0.5171875 0.01953125 0.08828125
1 0.68046875 0.771875 0.01953125 0.084375
1 0.825 0.53515625 0.03125 0.06171875
1 0.921875 0.56875 0.0296875 0.08671875
1 0.884375 0.8625 0.028125 0.09140625
0 0.840625 0.9625 0.0203125 0.028125