0 0.040625 0.31484375 0.0265625 0.0296875
0 0.10859375 0.18984375 0.0453125 0.0578125
0 0.11640625 0.44765625 0.0484375 0.05
0 0.2671875 0.18125 0.0453125 0.0484375
0 0.33828125 0.08984375 0.0265625 0.021875
0 0.421875 0.01796875 0.046875 0.0359375
0 0.5265625 0.15 0.05 0.0546875
0 0.47421875 0.28125 0.0296875 0.028125
0 0.425 0.12578125 0.0359375 0.0390625
0 0.44609375 0.3765625 0.0375 0.040625
0 0.50546875 0.42890625 0.040625 0.0453125
0 0.51328125 0.36484375 0.0375 0.0421875
0 0.41796875 0.63671875 0.0515625 0.06875
0 0.33359375 0.6640625 0.0390625 0.0375
0 0.290625 0.75546875 0.046875 0.0703125
0 0.55390625 0.78046875 0.0390625 0.059375
0 0.59609375 0.61171875 0.046875 0.053125
0 0.6609375 0.66875 0.0296875 0.04375
0 0.6046875 0.54453125 0.0328125 0.040625
0 0.684375 0.56171875 0.025 0.0390625
0 0.66640625 0.24140625 0.0265625 0.0234375
0 0.6109375 0.14765625 0.0265625 0.028125
0 0.78984375 0.44921875 0.0453125 0.046875
0 0.25390625 0.8625 0.046875 0.0421875
0 0.82890625 0.78125 0.0296875 0.046875
0 0.7625 0.7015625 0.028125 0.0296875
0 0.7546875 0.8046875 0.025 0.01875
1 0.94296875 0.39140625 0.03125 0.0859375
1 0.85546875 0.33828125 0.028125 0.10625
1 0.396875 0.521875 0.0203125 0.0859375
1 0.11875 0.57265625 0.0296875 0.1