0 0.128125 0.29375 0.04375 0.05625
0 0.2 0.2578125 0.025 0.03515625
0 0.1828125 0.03828125 0.02734375 0.02265625
0 0.2046875 0.36171875 0.0375 0.05234375
0 0.2234375 0.6078125 0.0375 0.06015625
0 0.30859375 0.4765625 0.03359375 0.05625
0 0.30859375 0.36796875 0.04140625 0.05625
0 0.390625 0.2296875 0.03515625 0.0625
0 0.3796875 0.4140625 0.04609375 0.06015625
0 0.39296875 0.48359375 0.03125 0.05390625
0 0.346875 0.48046875 0.01875 0.03125
0 0.37109375 0.5953125 0.025 0.02734375
0 0.559375 0.35859375 0.04375 0.0625
0 0.6546875 0.215625 0.03359375 0.05625
0 0.6734375 0.10625 0.02890625 0.04140625
0 0.5734375 0.61328125 0.03359375 0.02109375
0 0.51171875 0.57421875 0.02734375 0.03125
0 0.51484375 0.63671875 0.01640625 0.03984375
0 0.3796875 0.79140625 0.02109375 0.03125
0 0.56796875 0.70859375 0.02265625 0.02109375
0 0.4484375 0.78046875 0.02109375 0.03125
0 0.465625 0.87578125 0.01875 0.02890625
0 0.5453125 0.8546875 0.02734375 0.04140625
0 0.64453125 0.85078125 0.025 0.02890625
0 0.66796875 0.95703125 0.03125 0.0375
0 0.79453125 0.77421875 0.05 0.02734375
0 0.8859375 0.484375 0.0375 0.04375
0 0.9859375 0.5921875 0.02109375 0.0375
0 0.9375 0.73984375 0.02734375 0.04609375
0 0.8796875 0.96875 0.02890625 0.03984375
1 0.18046875 0.4984375 0.01875 0.10859375
1 0.03125 0.484375 0.02109375 0.11484375
1 0.340625 0.1375 0.01875 0.10390625
1 0.03515625 0.3375 0.02109375 0.1