0 0.240625 0.5703125 0.06015625 0.040625
0 0.1453125 0.953125 0.02421875 0.01640625
0 0.021875 0.784375 0.02421875 0.01875
0 0.58359375 0.87265625 0.02421875 0.01875
0 0.696875 0.74296875 0.0390625 0.0234375
0 0.4890625 0.63984375 0.02890625 0.021875
0 0.17421875 0.6890625 0.01484375 0.021875
0 0.215625 0.78203125 0.07265625 0.03828125
0 0.33515625 0.2109375 0.075 0.0328125
0 0.30390625 0.2796875 0.0796875 0.0421875
0 0.6390625 0.57421875 0.02421875 0.01484375
0 0.30234375 0.36484375 0.04375 0.0296875
0 0.42265625 0.3359375 0.06015625 0.02890625
0 0.26640625 0.96015625 0.053125 0.0328125
0 0.296875 0.84296875 0.04609375 0.0296875
0 0.40078125 0.74453125 0.021875 0.01640625
0 0.50390625 0.8015625 0.0390625 0.0234375
0 0.565625 0.83671875 0.0359375 0.0234375
0 0.6328125 0.87265625 0.04140625 0.02421875
0 0.703125 0.91953125 0.05078125 0.04609375
0 0.6984375 0.74296875 0.03125 0.01484375
0 0.49140625 0.640625 0.02421875 0.0125
0 0.4453125 0.703125 0.015625 0.01328125
0 0.575 0.68046875 0.0171875 0.01171875
0 0.690625 0.6375 0.01171875 0.0078125
0 0.8125 0.6640625 0.0171875 0.0140625
0 0.890625 0.67734375 0.015625 0.01015625
0 0.93203125 0.696875 0.015625 0.01328125
0 0.80390625 0.63359375 0.0203125 0.01171875
0 0.78515625 0.5640625 0.0203125 0.009375
0 0.82421875 0.5953125 0.0140625 0.00625
0 0.69609375 0.5609375 0.01328125 0.00625
0 0.7328125 0.58828125 0.021875 0.01484375
0 0.5578125 0.5296875 0.00859375 0.00703125
0 0.37734375 0.57734375 0.02578125 0.015625
0 0.51015625 0.73984375 0.02578125 0.01640625
0 0.15234375 0.6359375 0.01875 0.0171875
0 0.246875 0.67265625 0.01171875 0.00859375
0 0.0203125 0.6953125 0.0203125 0.0109375
0 0.075 0.7234375 0.02421875 0.015625
0 0.05625 0.46953125 0.02734375 0.01015625
0 0.4109375 0.4625 0.02734375 0.0109375
0 0.35859375 0.453125 0.0171875 0.00859375
0 0.2171875 0.44609375 0.0390625 0.01875
0 0.37109375 0.51875 0.0375 0.02578125
0 0.0484375 0.62421875 0.034375 0.025
0 0.41171875 0.190625 0.04765625 0.02109375
0 0.17578125 0.309375 0.05625 0.0234375
0 0.52109375 0.390625 0.0671875 0.03125
0 0.1640625 0.0875 0.05 0.025
0 0.10703125 0.2125 0.02421875 0.0140625
0 0.265625 0.4109375 0.015625 0.009375
0 0.29609375 0.41875 0.01015625 0.0078125
0 0.421875 0.59609375 0.01328125 0.01015625
0 0.115625 0.85234375 0.02734375 0.01015625
0 0.3484375 0.7625 0.02890625 0.021875