1 0.05546875 0.3921875 0.04375 0.0515625
1 0.05859375 0.14375 0.08125 0.08125
1 0.45859375 0.31015625 0.05625 0.071875
1 0.8234375 0.28515625 0.046875 0.0578125
0 0.3546875 0.253125 0.04375 0.0375
0 0.0078125 0.3234375 0.015625 0.028125
0 0.10859375 0.215625 0.0328125 0.0265625
0 0.3140625 0.390625 0.0296875 0.025
0 0.3046875 0.4703125 0.034375 0.0234375
0 0.46015625 0.47265625 0.0265625 0.021875
0 0.36484375 0.5890625 0.0359375 0.028125
0 0.5859375 0.55390625 0.0484375 0.0359375
0 0.721875 0.4046875 0.0328125 0.028125
0 0.68828125 0.42109375 0.025 0.0234375
0 0.56796875 0.13515625 0.03125 0.0234375
0 0.375 0.6703125 0.0328125 0.0328125
0 0.12578125 0.6375 0.053125 0.040625
0 0.16171875 0.72265625 0.0234375 0.025
0 0.1671875 0.7625 0.034375 0.0296875
0 0.49765625 0.63203125 0.034375 0.025
0 0.66953125 0.57734375 0.0234375 0.025
0 0.85390625 0.53828125 0.0203125 0.021875
0 0.56484375 0.69453125 0.028125 0.028125
0 0.8625 0.6453125 0.0484375 0.0375
0 0.56953125 0.75625 0.040625 0.025
0 0.68046875 0.79453125 0.025 0.0265625
0 0.72890625 0.70390625 0.025 0.028125
0 0.3375 0.83046875 0.0203125 0.0203125
0 0.4046875 0.02890625 0.028125 0.015625
0 0.003125 0.36796875 0.00625 0.0328125
0 0.13984375 0.19609375 0.03125 0.01875