0 0.34609375 0.31640625 0.015625 0.01875
0 0.32265625 0.33203125 0.0140625 0.0109375
0 0.2265625 0.36640625 0.021875 0.0171875
0 0.5671875 0.3578125 0.0109375 0.015625
0 0.43203125 0.15234375 0.015625 0.015625
0 0.459375 0.1375 0.0109375 0.015625
0 0.05859375 0.7875 0.009375 0.0078125
0 0.05703125 0.803125 0.0109375 0.009375
0 0.4265625 0.88046875 0.01875 0.0171875
0 0.51875 0.8375 0.015625 0.015625
0 0.51796875 0.7953125 0.0125 0.009375
0 0.51484375 0.803125 0.0109375 0.0109375
0 0.55390625 0.84140625 0.015625 0.0078125
0 0.20546875 0.7546875 0.0125 0.0328125
0 0.17265625 0.7765625 0.01875 0.021875
0 0.20390625 0.803125 0.0140625 0.03125
0 0.16953125 0.80625 0.0109375 0.025
0 0.4046875 0.84296875 0.009375 0.00625
0 0.559375 0.8125 0.009375 0.009375
1 0.32265625 0.428125 0.01875 0.0375
1 0.26328125 0.53828125 0.021875 0.04375
1 0.51875 0.60859375 0.021875 0.040625
1 0.128125 0.10234375 0.0234375 0.0359375
1 0.01953125 0.18125 0.021875 0.04375