0 0.22265625 0.02578125 0.02109375 0.0125
0 0.1953125 0.03359375 0.01484375 0.01171875
0 0.25390625 0.02890625 0.01953125 0.01484375
0 0.1984375 0.05078125 0.01171875 0.01953125
0 0.26640625 0.15390625 0.05078125 0.01796875
0 0.0359375 0.13515625 0.01328125 0.01015625
0 0.20703125 0.2734375 0.028125 0.01015625
0 0.00625 0.30234375 0.01171875 0.0140625
0 0.51328125 0.025 0.01328125 0.01171875
0 0.3953125 0.05078125 0.04609375 0.0125
0 0.4140625 0.06953125 0.0546875 0.01171875
0 0.39609375 0.08828125 0.034375 0.01328125
0 0.9484375 0.1328125 0.01484375 0.01171875
0 0.6046875 0.13984375 0.01796875 0.01015625
0 0.68359375 0.215625 0.0234375 0.01171875
0 0.51484375 0.39609375 0.03125 0.0171875
0 0.57890625 0.42265625 0.021875 0.0140625
0 0.8875 0.5 0.01796875 0.01171875
0 0.79140625 0.5546875 0.02109375 0.01171875
0 0.8203125 0.55 0.01015625 0.00703125
0 0.6578125 0.59453125 0.01171875 0.01015625
0 0.59453125 0.575 0.0328125 0.01171875
0 0.784375 0.6296875 0.0265625 0.01171875
0 0.82890625 0.64453125 0.0265625 0.01015625
0 0.7609375 0.715625 0.04296875 0.03203125
0 0.56328125 0.68125 0.01171875 0.0125
0 0.34453125 0.3125 0.01640625 0.0109375
0 0.25703125 0.37890625 0.025 0.0140625
0 0.34296875 0.44375 0.0578125 0.02578125
0 0.41171875 0.41015625 0.01796875 0.009375
0 0.4296875 0.44921875 0.0328125 0.01796875
0 0.41328125 0.83359375 0.02109375 0.0203125
0 0.5328125 0.71328125 0.01953125 0.01015625
0 0.4296875 0.95703125 0.02109375 0.01484375
0 0.44453125 0.98046875 0.0296875 0.0203125
0 0.4203125 0.9953125 0.021875 0.00859375
0 0.47265625 0.965625 0.0296875 0.0234375
0 0.5578125 0.890625 0.01953125 0.01484375
0 0.63046875 0.91484375 0.025 0.01796875
0 0.684375 0.9265625 0.01171875 0.01171875