0 0.134375 0.3234375 0.0328125 0.021875
0 0.42265625 0.28515625 0.0265625 0.0359375
0 0.06796875 0.290625 0.0359375 0.015625
0 0.3828125 0.58203125 0.04375 0.04375
0 0.34296875 0.62734375 0.0375 0.0359375
0 0.2890625 0.6640625 0.0390625 0.0390625
0 0.2609375 0.33515625 0.0578125 0.0265625
0 0.521875 0.47578125 0.028125 0.015625
0 0.4734375 0.44765625 0.009375 0.0078125
0 0.49921875 0.45625 0.009375 0.0046875
0 0.496875 0.3859375 0.0171875 0.0109375
0 0.51796875 0.40703125 0.0140625 0.009375
0 0.58125 0.4 0.015625 0.009375
0 0.6015625 0.39453125 0.00625 0.0046875
0 0.5265625 0.37421875 0.0109375 0.0078125
0 0.54375 0.39140625 0.0125 0.009375
0 0.45703125 0.29765625 0.025 0.0125
0 0.4515625 0.32578125 0.01875 0.028125
0 0.48125 0.29609375 0.015625 0.0140625
0 0.34921875 0.246875 0.0265625 0.0125
0 0.346875 0.3828125 0.034375 0.0140625
0 0.5703125 0.46015625 0.0125 0.0125
0 0.59375 0.48125 0.0171875 0.0125
0 0.61171875 0.49921875 0.0234375 0.0125
0 0.69453125 0.546875 0.0328125 0.0203125
0 0.72734375 0.5765625 0.025 0.0125
0 0.75234375 0.6078125 0.0234375 0.0203125
0 0.7515625 0.55078125 0.0125 0.00625
0 0.8015625 0.565625 0.028125 0.015625
0 0.5171875 0.55703125 0.0203125 0.0171875
0 0.3265625 0.4078125 0.03125 0.015625
1 0.403125 0.4296875 0.0421875 0.015625
1 0.4578125 0.471875 0.0125 0.0125