1 0.0765625 0.2046875 0.0375 0.09375
1 0.16328125 0.6171875 0.040625 0.10625
0 0.5140625 0.5578125 0.05 0.0234375
0 0.48671875 0.62890625 0.0234375 0.0125
0 0.675 0.58515625 0.0453125 0.015625
0 0.553125 0.61171875 0.0296875 0.0140625
0 0.5359375 0.6796875 0.0625 0.015625
0 0.48359375 0.69609375 0.025 0.021875
0 0.44375 0.709375 0.025 0.0203125
0 0.46953125 0.51171875 0.0296875 0.0140625
0 0.6609375 0.35546875 0.025 0.0203125
0 0.8296875 0.08203125 0.0234375 0.0140625
0 0.3078125 0.7171875 0.025 0.0125
0 0.39453125 0.71640625 0.0328125 0.0140625
0 0.37890625 0.7390625 0.0265625 0.0109375