1 0.1765625 0.43125 0.0265625 0.0703125
1 0.17890625 0.08359375 0.028125 0.0703125
1 0.59609375 0.14296875 0.025 0.05
1 0.878125 0.2109375 0.0546875 0.04375
0 0.33984375 0.60703125 0.046875 0.0328125
0 0.30390625 0.42109375 0.05625 0.0265625
0 0.91328125 0.54921875 0.028125 0.021875
0 0.96171875 0.58203125 0.0390625 0.025
0 0.4609375 0.57421875 0.0296875 0.04375
0 0.57265625 0.45390625 0.028125 0.0390625
0 0.259375 0.715625 0.025 0.01875
0 0.29609375 0.66328125 0.015625 0.0125
0 0.0734375 0.4109375 0.025 0.021875
0 0.74609375 0.3796875 0.021875 0.0125