0 0.25625 0.3484375 0.0625 0.0375
0 0.11640625 0.3453125 0.0421875 0.02265625
0 0.384375 0.35390625 0.03671875 0.03359375
0 0.19765625 0.50625 0.02578125 0.0453125
0 0.31328125 0.52109375 0.0453125 0.0203125
0 0.50390625 0.5671875 0.109375 0.01171875
0 0.5265625 0.6625 0.07109375 0.015625
0 0.6140625 0.69921875 0.07109375 0.0125
0 0.56015625 0.625 0.0609375 0.0203125
0 0.7171875 0.6875 0.01484375 0.009375
0 0.6859375 0.690625 0.028125 0.01328125
0 0.5109375 0.428125 0.025 0.01015625
0 0.51171875 0.3515625 0.01953125 0.009375
0 0.571875 0.35625 0.0109375 0.00859375
0 0.54453125 0.41484375 0.0140625 0.0109375
0 0.68984375 0.46640625 0.01796875 0.00703125
0 0.58515625 0.40625 0.0171875 0.0109375
0 0.615625 0.4203125 0.01484375 0.01171875
0 0.44296875 0.44921875 0.0203125 0.0078125
0 0.41328125 0.44921875 0.01953125 0.009375
0 0.37265625 0.44296875 0.0296875 0.009375
0 0.33828125 0.25546875 0.03828125 0.0140625
0 0.01875 0.2140625 0.0328125 0.025
0 0.11015625 0.2390625 0.028125 0.02109375
0 0.415625 0.2734375 0.0171875 0.00546875
0 0.440625 0.2890625 0.01484375 0.009375
0 0.5078125 0.39375 0.009375 0.0078125
0 0.60078125 0.440625 0.0140625 0.0078125
1 0.8515625 0.20390625 0.0140625 0.01953125
1 0.86796875 0.26953125 0.02578125 0.01953125
1 0.95859375 0.2625 0.01171875 0.0328125