0 0.14140625 0.02109375 0.0421875 0.0421875
0 0.04921875 0.31015625 0.040625 0.05
0 0.10390625 0.36875 0.0375 0.040625
0 0.1296875 0.43203125 0.0484375 0.0453125
0 0.184375 0.57578125 0.0375 0.0375
0 0.23046875 0.63125 0.0375 0.0390625
0 0.28203125 0.7390625 0.046875 0.046875
0 0.38671875 0.81484375 0.0203125 0.015625
0 0.48125 0.86953125 0.0171875 0.0171875
0 0.64765625 0.66953125 0.0234375 0.040625
0 0.68671875 0.62890625 0.034375 0.03125
0 0.71953125 0.65390625 0.01875 0.0125
0 0.7296875 0.67890625 0.0203125 0.028125
0 0.778125 0.65390625 0.025 0.0390625
0 0.7546875 0.578125 0.0125 0.0125
0 0.76015625 0.5640625 0.015625 0.0140625
0 0.7296875 0.5625 0.015625 0.0109375
0 0.78671875 0.60234375 0.021875 0.0171875
0 0.60078125 0.515625 0.01875 0.025
0 0.5796875 0.4765625 0.01875 0.0375
0 0.7234375 0.34921875 0.0296875 0.046875
0 0.74296875 0.278125 0.0515625 0.04375
0 0.825 0.328125 0.0515625 0.05625
0 0.8796875 0.2734375 0.0375 0.0390625
0 0.9375 0.2734375 0.0515625 0.0578125
0 0.753125 0.421875 0.0109375 0.009375
0 0.72265625 0.590625 0.0140625 0.0125
0 0.71328125 0.621875 0.015625 0.0125
0 0.7265625 0.61171875 0.01875 0.009375
1 0.56171875 0.5890625 0.01875 0.03125
0 0.43828125 0.5703125 0.0140625 0.0125
0 0.496875 0.55390625 0.009375 0.0078125
1 0.71875 0.48359375 0.0265625 0.0328125