0 0.325 0.0640625 0.078125 0.0375
0 0.51640625 0.065625 0.0328125 0.0265625
0 0.41484375 0.12734375 0.0828125 0.046875
0 0.51796875 0.12578125 0.028125 0.025
0 0.43046875 0.1609375 0.0203125 0.01875
0 0.4609375 0.47890625 0.0484375 0.025
0 0.68984375 0.3515625 0.028125 0.021875
0 0.465625 0.56875 0.0390625 0.0375
0 0.61953125 0.43515625 0.04375 0.0265625
0 0.24609375 0.521875 0.0203125 0.015625
0 0.41171875 0.6484375 0.053125 0.0359375
0 0.46015625 0.696875 0.05 0.0421875
0 0.6640625 0.45625 0.025 0.015625
0 0.13203125 0.64453125 0.0234375 0.0125
0 0.12421875 0.5 0.025 0.0140625
1 0.159375 0.1265625 0.1390625 0.0375
1 0.6390625 0.10078125 0.0640625 0.025
1 0.5703125 0.36171875 0.04375 0.0328125
1 0.76640625 0.40859375 0.0421875 0.015625