0 0.27265625 0.08828125 0.08125 0.04375
0 0.46328125 0.0671875 0.034375 0.0296875
0 0.3703125 0.140625 0.0859375 0.053125
0 0.47265625 0.1265625 0.03125 0.028125
0 0.3890625 0.17265625 0.021875 0.0203125
0 0.459375 0.48359375 0.05 0.028125
0 0.6703125 0.3296875 0.0296875 0.0234375
0 0.475 0.57265625 0.0421875 0.040625
0 0.6109375 0.42109375 0.0453125 0.03125
0 0.25078125 0.553125 0.021875 0.0171875
0 0.43046875 0.6578125 0.05625 0.0390625
0 0.484375 0.70078125 0.0546875 0.0453125
0 0.6578125 0.4359375 0.025 0.0171875
0 0.15234375 0.68828125 0.0234375 0.0140625
0 0.1265625 0.5453125 0.025 0.015625
1 0.11640625 0.17109375 0.140625 0.0484375
1 0.5890625 0.08671875 0.065625 0.0296875
1 0.553125 0.35390625 0.046875 0.0375
1 0.753125 0.3765625 0.0421875 0.01875