0 0.2390625 0.15859375 0.034375 0.025
0 0.34375 0.21171875 0.0359375 0.0234375
0 0.36796875 0.2578125 0.046875 0.040625
0 0.4296875 0.26171875 0.0328125 0.0296875
0 0.52734375 0.2953125 0.021875 0.0140625
0 0.45 0.30390625 0.0265625 0.0203125
0 0.31171875 0.2921875 0.03125 0.0234375
0 0.34765625 0.3203125 0.028125 0.01875
0 0.41640625 0.34453125 0.0578125 0.0390625
0 0.471875 0.34609375 0.034375 0.03125
0 0.54453125 0.3828125 0.0453125 0.0453125
0 0.58359375 0.3703125 0.0328125 0.0328125
0 0.596875 0.40234375 0.0125 0.0125
0 0.58125 0.490625 0.0359375 0.0515625
0 0.52734375 0.5234375 0.0453125 0.034375
0 0.553125 0.11015625 0.0234375 0.0171875
0 0.62265625 0.1546875 0.04375 0.0265625
0 0.753125 0.19609375 0.0953125 0.05625
0 0.88046875 0.2484375 0.0546875 0.040625
0 0.95390625 0.29296875 0.0609375 0.0484375
0 0.240625 0.09375 0.025 0.01875