1 0.1109375 0.26015625 0.04375 0.0515625
1 0.1890625 0.03203125 0.08125 0.0640625
1 0.51953125 0.30703125 0.05625 0.071875
1 0.87421875 0.3953125 0.046875 0.0578125
0 0.43828125 0.2203125 0.04375 0.0375
0 0.07734375 0.17734375 0.0359375 0.028125
0 0.215625 0.10859375 0.0328125 0.0265625
0 0.35703125 0.3390625 0.0296875 0.025
0 0.3234375 0.4109375 0.034375 0.0234375
0 0.4703125 0.4609375 0.0265625 0.021875
0 0.34375 0.5421875 0.0359375 0.028125
0 0.56484375 0.57734375 0.0484375 0.0359375
0 0.740625 0.478125 0.0328125 0.028125
0 0.70390625 0.4828125 0.025 0.0234375
0 0.67734375 0.1734375 0.03125 0.0234375
0 0.32890625 0.6234375 0.0328125 0.0328125
0 0.1015625 0.51484375 0.053125 0.040625
0 0.109375 0.6078125 0.0234375 0.025
0 0.10234375 0.646875 0.034375 0.0296875
0 0.45703125 0.625 0.034375 0.025
0 0.6375 0.6265625 0.0234375 0.025
0 0.825 0.6453125 0.0203125 0.021875
0 0.5015625 0.70546875 0.028125 0.028125
0 0.8 0.75 0.0484375 0.0375
0 0.4875 0.765625 0.040625 0.025
0 0.58046875 0.83515625 0.025 0.0265625
0 0.65390625 0.76484375 0.025 0.028125
0 0.24296875 0.7640625 0.0203125 0.0203125
0 0.55546875 0.02265625 0.028125 0.015625
0 0.0578125 0.2171875 0.028125 0.0328125
0 0.25078125 0.1 0.03125 0.01875