1 0.9453125 0.2578125 0.015625 0.115625
1 0.865625 0.81875 0.025 0.1875
1 0.228125 0.5375 0.01875 0.1875
1 0.4984375 0.21875 0.021875 0.1625
1 0.7703125 0.2328125 0.021875 0.153125
0 0.0359375 0.4796875 0.0265625 0.04765625
0 0.0453125 0.634375 0.03828125 0.0578125
0 0.0640625 0.88671875 0.04375 0.04765625
0 0.27265625 0.93046875 0.04609375 0.0421875
0 0.31875 0.8359375 0.0265625 0.0359375
0 0.19296875 0.7125 0.03671875 0.0453125
0 0.42109375 0.87109375 0.025 0.0453125
0 0.49921875 0.9078125 0.015625 0.0265625
0 0.1515625 0.4015625 0.0265625 0.0453125
0 0.4296875 0.6140625 0.03046875 0.03203125
0 0.42265625 0.71796875 0.0234375 0.0328125
0 0.50703125 0.5890625 0.03203125 0.03203125
0 0.49375 0.65703125 0.028125 0.03671875
0 0.50234375 0.36640625 0.03984375 0.04921875
0 0.43046875 0.30390625 0.02890625 0.0265625
0 0.43203125 0.20078125 0.034375 0.0453125
0 0.43671875 0.08203125 0.02265625 0.0265625
0 0.665625 0.47265625 0.034375 0.03984375
0 0.64609375 0.53984375 0.0234375 0.025
0 0.7265625 0.55625 0.015625 0.034375
0 0.68984375 0.5515625 0.015625 0.028125
0 0.7515625 0.44765625 0.02109375 0.034375
0 0.68828125 0.28671875 0.0234375 0.053125
0 0.590625 0.84453125 0.01875 0.0265625
0 0.7859375 0.7171875 0.03203125 0.025
0 0.84921875 0.47734375 0.0234375 0.034375
0 0.88359375 0.3703125 0.0171875 0.0234375
0 0.940625 0.421875 0.01328125 0.01953125
0 0.52578125 0.8234375 0.015625 0.02109375