1 0.078125 0.32421875 0.0375 0.046875
1 0.11953125 0.07890625 0.07109375 0.07109375
1 0.4890625 0.30625 0.04609375 0.065625
1 0.853125 0.33828125 0.03984375 0.05234375
0 0.3953125 0.23359375 0.03984375 0.03203125
0 0.03203125 0.24765625 0.0328125 0.02265625
0 0.1578125 0.1578125 0.02890625 0.02265625
0 0.33359375 0.36328125 0.0265625 0.02109375
0 0.31171875 0.43984375 0.03125 0.01953125
0 0.46484375 0.46640625 0.02421875 0.01875
0 0.35234375 0.56640625 0.0328125 0.0234375
0 0.5765625 0.56640625 0.04453125 0.02890625
0 0.734375 0.440625 0.02890625 0.0234375
0 0.6984375 0.4515625 0.021875 0.01953125
0 0.62421875 0.15 0.02890625 0.01875
0 0.35 0.6484375 0.02890625 0.02890625
0 0.10859375 0.57734375 0.0484375 0.03359375
0 0.13125 0.6671875 0.01953125 0.02265625
0 0.13046875 0.70703125 0.03125 0.025
0 0.47734375 0.63046875 0.03125 0.02109375
0 0.65546875 0.603125 0.01953125 0.02265625
0 0.84375 0.59296875 0.01796875 0.01953125
0 0.53359375 0.70234375 0.02421875 0.025
0 0.83515625 0.7 0.04453125 0.03125
0 0.52890625 0.7640625 0.0375 0.01875
0 0.63203125 0.81875 0.021875 0.02265625
0 0.69375 0.7375 0.021875 0.02578125
0 0.2875 0.80078125 0.01796875 0.0171875
0 0.4796875 0.01953125 0.0265625 0.0109375
0 0.01875 0.28984375 0.02421875 0.0296875
0 0.19140625 0.14375 0.02890625 0.0140625