1 0.603125 0.61484375 0.00546875 0.08125
1 0.6265625 0.45234375 0.00703125 0.084375
1 0.5765625 0.803125 0.00703125 0.084375
0 0.3859375 0.29296875 0.00546875 0.11484375
0 0.425 0.35 0.02890625 0.08671875
0 0.434375 0.21875 0.02578125 0.09375
0 0.48046875 0.2765625 0.0234375 0.09375
0 0.415625 0.54375 0.0265625 0.109375
0 0.384375 0.6359375 0.03203125 0.075
0 0.359375 0.8484375 0.03046875 0.08828125
0 0.57734375 0.46484375 0.0125 0.071875
0 0.67890625 0.4109375 0.0171875 0.08125
0 0.684375 0.11640625 0.0171875 0.04140625
0 0.60234375 0.45859375 0.00703125 0.046875
0 0.5796875 0.59609375 0.015625 0.046875
0 0.53671875 0.51875 0.01484375 0.028125
0 0.565625 0.528125 0.009375 0.02109375
0 0.48671875 0.43125 0.01875 0.04140625
0 0.5328125 0.8546875 0.0125 0.04140625