0 0.04296875 0.3265625 0.059375 0.059375
0 0.10859375 0.37421875 0.0234375 0.0265625
0 0.1046875 0.54140625 0.0296875 0.034375
0 0.30234375 0.4109375 0.028125 0.03125
0 0.3671875 0.4875 0.040625 0.0375
0 0.3953125 0.421875 0.0265625 0.0421875
0 0.44453125 0.4640625 0.03125 0.03125
0 0.55234375 0.72890625 0.028125 0.0296875
0 0.609375 0.81171875 0.0515625 0.05
0 0.575 0.640625 0.0546875 0.05
0 0.13828125 0.37421875 0.021875 0.0203125
0 0.2078125 0.29921875 0.03125 0.0375
0 0.25703125 0.22578125 0.0234375 0.0265625
0 0.3296875 0.275 0.0203125 0.0203125
0 0.3671875 0.22265625 0.0234375 0.025
0 0.2640625 0.08359375 0.0203125 0.0203125
0 0.4421875 0.0828125 0.015625 0.0171875
0 0.6109375 0.22265625 0.03125 0.034375
0 0.64921875 0.378125 0.03125 0.0328125
0 0.621875 0.40625 0.0140625 0.0171875
0 0.58984375 0.4359375 0.0296875 0.028125
0 0.64765625 0.4796875 0.0359375 0.0328125
0 0.73203125 0.446875 0.0296875 0.0265625
0 0.803125 0.37890625 0.021875 0.0265625
0 0.89140625 0.44453125 0.015625 0.028125
0 0.9078125 0.36796875 0.03125 0.025
0 0.77421875 0.6046875 0.0421875 0.0375
0 0.72578125 0.859375 0.0234375 0.0234375
0 0.6828125 0.90546875 0.03125 0.0328125
0 0.25703125 0.8078125 0.034375 0.0359375
0 0.11015625 0.8046875 0.0359375 0.0421875
0 0.03671875 0.66953125 0.03125 0.053125
0 0.21328125 0.63828125 0.028125 0.028125
0 0.071875 0.4328125 0.028125 0.0265625
1 0.18671875 0.47734375 0.0390625 0.0671875
1 0.45234375 0.57890625 0.0359375 0.075
1 0.740625 0.290625 0.028125 0.075
1 0.871875 0.3046875 0.0375 0.0828125
1 0.7125 0.5375 0.034375 0.0609375