0 0.0875 0.065625 0.0453125 0.0359375
0 0.046875 0.30390625 0.0359375 0.0359375
0 0.009375 0.4390625 0.015625 0.025
0 0.30078125 0.05390625 0.0453125 0.02890625
0 0.24375 0.1484375 0.01875 0.02265625
0 0.33203125 0.15546875 0.02109375 0.02890625
0 0.1859375 0.25703125 0.02890625 0.03828125
0 0.121875 0.55234375 0.0265625 0.0453125
0 0.3671875 0.80078125 0.0421875 0.059375
0 0.37734375 0.7 0.0265625 0.03203125
0 0.41328125 0.3953125 0.02265625 0.0359375
0 0.4515625 0.65 0.03828125 0.059375
0 0.48671875 0.434375 0.025 0.03046875
0 0.41953125 0.29609375 0.02109375 0.02890625
0 0.4796875 0.365625 0.03046875 0.03828125
0 0.428125 0.15390625 0.0265625 0.03828125
0 0.60390625 0.2078125 0.0265625 0.03046875
0 0.51796875 0.13359375 0.01875 0.0265625
0 0.61015625 0.51796875 0.04375 0.053125
0 0.62578125 0.584375 0.05546875 0.04921875
0 0.621875 0.75859375 0.03984375 0.0703125
0 0.7 0.61484375 0.02890625 0.053125
0 0.6890625 0.51484375 0.0265625 0.03984375
0 0.6578125 0.51484375 0.01328125 0.0359375
0 0.621875 0.40234375 0.03203125 0.0359375
0 0.76953125 0.3703125 0.03046875 0.04375
0 0.7984375 0.61484375 0.03203125 0.03828125
0 0.88359375 0.6765625 0.01875 0.0359375
0 0.81796875 0.72578125 0.02890625 0.0265625
1 0.82734375 0.4890625 0.025 0.11796875
1 0.8921875 0.253125 0.025 0.09921875
1 0.4078125 0.5390625 0.0265625 0.09921875
1 0.2 0.4953125 0.01875 0.09921875