0 0.13984375 0.5609375 0.0421875 0.046875
0 0.1484375 0.8234375 0.046875 0.05078125
0 0.31015625 0.82578125 0.03984375 0.046875
0 0.48671875 0.88671875 0.03359375 0.046875
0 0.4890625 0.98359375 0.0546875 0.0328125
0 0.58828125 0.865625 0.046875 0.0421875
0 0.53046875 0.7328125 0.02734375 0.0296875
0 0.48671875 0.6390625 0.05078125 0.03828125
0 0.56171875 0.640625 0.03984375 0.0484375
0 0.5484375 0.575 0.046875 0.0484375
0 0.44375 0.38125 0.05703125 0.059375
0 0.3578125 0.35390625 0.03359375 0.0421875
0 0.3015625 0.25625 0.053125 0.0546875
0 0.259375 0.146875 0.02734375 0.03984375
0 0.575 0.22578125 0.0484375 0.05703125
0 0.634375 0.39765625 0.0359375 0.046875
0 0.64375 0.47109375 0.03359375 0.0484375
0 0.7 0.3484375 0.03203125 0.0359375
0 0.72578125 0.453125 0.02578125 0.046875
0 0.8015625 0.3171875 0.0234375 0.0296875
0 0.84609375 0.56171875 0.03203125 0.04453125
0 0.72890625 0.77578125 0.02734375 0.04453125
0 0.678125 0.86796875 0.02734375 0.02109375
0 0.7875 0.2140625 0.02578125 0.0296875
0 0.86171875 0.23671875 0.02578125 0.0296875
0 0.69609375 0.575 0.02578125 0.03203125
1 0.85859375 0.41796875 0.02734375 0.08671875
1 0.43515625 0.51015625 0.0234375 0.0765625
1 0.31875 0.72734375 0.01484375 0.1203125