1 0.446875 0.15234375 0.0359375 0.053125
1 0.41328125 0.21328125 0.0515625 0.0421875
0 0.46484375 0.515625 0.040625 0.0265625
0 0.64296875 0.646875 0.05 0.04375
0 0.59453125 0.4875 0.028125 0.0296875
0 0.19296875 0.4484375 0.034375 0.065625
0 0.2875 0.7375 0.0484375 0.046875
0 0.3359375 0.81484375 0.0640625 0.0703125
0 0.3390625 0.7546875 0.0265625 0.0296875
0 0.64765625 0.7484375 0.0296875 0.0296875
0 0.675 0.7 0.0234375 0.0171875
0 0.66328125 0.853125 0.0203125 0.021875
0 0.5 0.9109375 0.0328125 0.0296875
0 0.6953125 0.66796875 0.0296875 0.0359375
0 0.403125 0.96953125 0.059375 0.0609375
0 0.61640625 0.96328125 0.0359375 0.0515625
0 0.521875 0.990625 0.065625 0.01875
0 0.44453125 0.85078125 0.0296875 0.0171875
0 0.36171875 0.709375 0.03125 0.0296875