0 0.17890625 0.21484375 0.03046875 0.01953125
0 0.29140625 0.246875 0.0328125 0.0171875
0 0.32421875 0.2875 0.04140625 0.0328125
0 0.38515625 0.2796875 0.028125 0.02421875
0 0.4875 0.29375 0.01953125 0.0109375
0 0.41328125 0.3171875 0.02421875 0.015625
0 0.27578125 0.33203125 0.028125 0.01875
0 0.31640625 0.35234375 0.02578125 0.01484375
0 0.38828125 0.36328125 0.05234375 0.0296875
0 0.44296875 0.35390625 0.03046875 0.02578125
0 0.52109375 0.3765625 0.0390625 0.0390625
0 0.55703125 0.35703125 0.028125 0.02734375
0 0.5765625 0.3859375 0.0109375 0.0109375
0 0.578125 0.475 0.0265625 0.04765625
0 0.53125 0.51796875 0.04140625 0.02734375
0 0.47734375 0.10703125 0.021875 0.0125
0 0.5546875 0.1375 0.04140625 0.01953125
0 0.690625 0.153125 0.0890625 0.040625
0 0.82578125 0.18046875 0.05 0.03203125
0 0.90625 0.21015625 0.0546875 0.0390625
0 0.16796875 0.15078125 0.021875 0.01484375