0 0.3765625 0.29453125 0.0171875 0.021875
0 0.35078125 0.30625 0.015625 0.0125
0 0.25078125 0.325 0.0234375 0.0203125
0 0.58828125 0.3703125 0.0125 0.0171875
0 0.4875 0.14609375 0.01875 0.01875
0 0.51640625 0.1359375 0.0125 0.015625
0 0.01875 0.71484375 0.009375 0.009375
0 0.01484375 0.73046875 0.0125 0.0109375
0 0.36796875 0.8640625 0.021875 0.0203125
0 0.465625 0.8359375 0.0171875 0.0171875
0 0.471875 0.79453125 0.0140625 0.0109375
0 0.4671875 0.8015625 0.0125 0.0125
0 0.5 0.8453125 0.015625 0.009375
0 0.16953125 0.70546875 0.0171875 0.034375
0 0.13359375 0.721875 0.021875 0.0234375
0 0.16015625 0.753125 0.01875 0.0328125
0 0.12578125 0.75078125 0.0140625 0.0265625
0 0.35234375 0.82421875 0.0109375 0.0078125
0 0.509375 0.81796875 0.009375 0.009375
1 0.3359375 0.4015625 0.025 0.040625
1 0.26015625 0.50078125 0.0296875 0.0453125
1 0.5015625 0.61015625 0.0265625 0.04375
1 0.19453125 0.04921875 0.028125 0.0390625
1 0.075 0.11015625 0.028125 0.0453125