0 0.11484375 0.3203125 0.046875 0.059375
0 0.18359375 0.2796875 0.028125 0.0375
0 0.1515625 0.06171875 0.028125 0.025
0 0.19609375 0.3828125 0.040625 0.0546875
0 0.23125 0.6265625 0.0421875 0.0625
0 0.3078125 0.48984375 0.0375 0.0578125
0 0.3 0.38203125 0.0453125 0.059375
0 0.371875 0.23828125 0.0390625 0.0640625
0 0.37421875 0.42265625 0.05 0.0625
0 0.3921875 0.49140625 0.034375 0.05625
0 0.34609375 0.49140625 0.0203125 0.0328125
0 0.378125 0.60390625 0.0265625 0.0296875
0 0.54921875 0.3546875 0.0484375 0.065625
0 0.634375 0.20546875 0.0375 0.0578125
0 0.6453125 0.0953125 0.03125 0.04375
0 0.58125 0.6078125 0.034375 0.0234375
0 0.5171875 0.5734375 0.0296875 0.0328125
0 0.52421875 0.63515625 0.01875 0.040625
0 0.4 0.79921875 0.0234375 0.0328125
0 0.58203125 0.703125 0.0234375 0.021875
0 0.46796875 0.78359375 0.0234375 0.0328125
0 0.4921875 0.87734375 0.0203125 0.0296875
0 0.5703125 0.85078125 0.0296875 0.04375
0 0.66875 0.83984375 0.0265625 0.03125
0 0.69921875 0.94453125 0.034375 0.0390625
0 0.81328125 0.753125 0.0515625 0.03125
0 0.88359375 0.4578125 0.040625 0.046875
0 0.98984375 0.55703125 0.0203125 0.0390625
0 0.953125 0.70859375 0.03125 0.0484375
0 0.91171875 0.94140625 0.03125 0.0421875
1 0.18125 0.52109375 0.0265625 0.109375
1 0.03125 0.5171875 0.0296875 0.115625
1 0.315625 0.14921875 0.0265625 0.1046875
1 0.025 0.3703125 0.028125 0.1015625