0 0.365625 0.42421875 0.0359375 0.04375
0 0.47265625 0.45859375 0.0484375 0.0390625
0 0.6015625 0.50546875 0.0640625 0.059375
0 0.66875 0.45546875 0.0203125 0.0171875
0 0.79921875 0.51484375 0.0125 0.009375
0 0.8546875 0.575 0.0140625 0.0140625
0 0.90078125 0.62890625 0.0171875 0.0171875
0 0.9109375 0.6484375 0.0125 0.0125
0 0.92265625 0.6671875 0.0140625 0.0109375
0 0.90234375 0.69765625 0.0109375 0.00625
0 0.50390625 0.8125 0.0375 0.028125
0 0.59765625 0.85859375 0.0453125 0.04375
0 0.55703125 0.8078125 0.0265625 0.034375
0 0.67890625 0.97109375 0.0359375 0.021875
0 0.42890625 0.59609375 0.0328125 0.03125
0 0.2375 0.27421875 0.0109375 0.00625
0 0.25078125 0.28671875 0.0109375 0.00625
0 0.23359375 0.25078125 0.00625 0.0046875
0 0.43125 0.3078125 0.009375 0.00625
0 0.49921875 0.365625 0.009375 0.00625
0 0.5125 0.38828125 0.0265625 0.021875
0 0.453125 0.41328125 0.0375 0.0328125
0 0.5703125 0.3359375 0.0140625 0.0109375
0 0.94140625 0.89375 0.015625 0.009375
0 0.9953125 0.85703125 0.0078125 0.00625
1 0.77265625 0.8140625 0.028125 0.03125
1 0.90859375 0.809375 0.0234375 0.0234375