0 0.56171875 0.24140625 0.0125 0.0140625
0 0.5671875 0.2578125 0.0125 0.0109375
0 0.55546875 0.225 0.0109375 0.009375
0 0.55078125 0.21171875 0.0109375 0.01875
0 0.5765625 0.2046875 0.0234375 0.0265625
0 0.5828125 0.225 0.0171875 0.01875
0 0.5921875 0.2484375 0.021875 0.0359375
0 0.61796875 0.30625 0.021875 0.0453125
0 0.61640625 0.21875 0.0296875 0.0484375
0 0.6546875 0.2234375 0.021875 0.0390625
0 0.67421875 0.2375 0.0125 0.0171875
0 0.703125 0.215625 0.0265625 0.0203125
0 0.72109375 0.24296875 0.015625 0.0140625
0 0.76640625 0.25859375 0.021875 0.025
0 0.7546875 0.23125 0.0109375 0.0109375
0 0.7484375 0.21015625 0.015625 0.0171875
0 0.784375 0.21484375 0.01875 0.015625
0 0.55 0.13359375 0.01875 0.0125
0 0.5890625 0.1625 0.025 0.0296875
0 0.61875 0.140625 0.0296875 0.028125
0 0.678125 0.1640625 0.028125 0.0296875
0 0.725 0.18046875 0.0234375 0.0234375
0 0.3109375 0.4859375 0.0375 0.046875
0 0.3921875 0.475 0.0296875 0.0359375
0 0.35625 0.409375 0.0296875 0.03125
1 0.74453125 0.36953125 0.0296875 0.04375
1 0.68671875 0.29453125 0.028125 0.0375
1 0.853125 0.29921875 0.0375 0.03125