0 0.421875 0.59375 0.0265625 0.0140625
0 0.45546875 0.5671875 0.025 0.0125
0 0.471875 0.55390625 0.0203125 0.0125
0 0.49453125 0.53515625 0.01875 0.0125
0 0.51875 0.521875 0.0234375 0.009375
0 0.38359375 0.63125 0.0171875 0.0109375
0 0.390625 0.62265625 0.015625 0.0109375
0 0.33359375 0.66640625 0.028125 0.0109375
0 0.2546875 0.75234375 0.053125 0.0203125
0 0.21484375 0.78671875 0.0203125 0.015625
0 0.1828125 0.815625 0.0203125 0.0140625
0 0.24140625 0.8484375 0.0625 0.034375
0 0.50546875 0.6078125 0.03125 0.015625
0 0.5875 0.4890625 0.05625 0.0265625
0 0.71875 0.46484375 0.0625 0.025
0 0.63984375 0.4578125 0.01875 0.0140625
0 0.51875 0.5484375 0.0265625 0.009375
0 0.57265625 0.5640625 0.05 0.0203125
0 0.20078125 0.9265625 0.046875 0.034375
0 0.803125 0.39609375 0.0171875 0.0078125
0 0.81953125 0.453125 0.015625 0.0125
0 0.89765625 0.45078125 0.025 0.009375
0 0.93125 0.4296875 0.025 0.0125
0 0.1546875 0.8546875 0.0203125 0.0140625