0 0.1671875 0.02734375 0.0359375 0.03046875
0 0.096875 0.26015625 0.02578125 0.0359375
0 0.246875 0.22421875 0.0234375 0.0296875
0 0.38515625 0.0265625 0.0375 0.0234375
0 0.40078125 0.12890625 0.02578125 0.0296875
0 0.50703125 0.1296875 0.02734375 0.03046875
0 0.4765625 0.2734375 0.021875 0.0296875
0 0.4625 0.371875 0.025 0.03203125
0 0.53359375 0.41328125 0.02578125 0.03046875
0 0.53203125 0.35078125 0.021875 0.03359375
0 0.46796875 0.634375 0.0375 0.0359375
0 0.38671875 0.67890625 0.02578125 0.0359375
0 0.35859375 0.778125 0.0296875 0.03359375
0 0.33671875 0.8921875 0.0234375 0.0328125
0 0.63671875 0.753125 0.02265625 0.0453125
0 0.6546875 0.57265625 0.03359375 0.03203125
0 0.64921875 0.49921875 0.0234375 0.02578125
0 0.73125 0.61171875 0.01796875 0.03203125
0 0.73515625 0.503125 0.0171875 0.028125
0 0.6984375 0.50234375 0.0109375 0.0203125
0 0.6734375 0.19140625 0.0171875 0.028125
0 0.59765625 0.10859375 0.0078125 0.01328125
0 0.83046875 0.3625 0.0359375 0.03046875
0 0.83046875 0.61796875 0.02265625 0.02734375
0 0.9109375 0.68046875 0.0125 0.0234375
0 0.84140625 0.72421875 0.01484375 0.02265625
0 0.9203125 0.4265625 0.01953125 0.01796875
0 0.6828125 0.3921875 0.028125 0.0234375
1 0.88125 0.23828125 0.015625 0.06640625
1 0.9546875 0.20625 0.0125 0.053125
1 0.8734375 0.52265625 0.01328125 0.07265625
1 0.46484375 0.5296875 0.015625 0.05234375
1 0.265625 0.3171875 0.01796875 0.0484375
0 0.2453125 0.3734375 0.01953125 0.02265625
0 0.13671875 0.52109375 0.02734375 0.03515625