0 0.334375 0.63203125 0.1375 0.125
0 0.09453125 0.22734375 0.04375 0.034375
0 0.625 0.83828125 0.040625 0.0296875
0 0.4859375 0.87578125 0.034375 0.021875
0 0.79921875 0.9484375 0.05 0.0375
0 0.44140625 0.896875 0.034375 0.025
0 0.81875 0.20234375 0.028125 0.0203125
1 0.65234375 0.51796875 0.08125 0.0421875
1 0.7171875 0.6078125 0.0765625 0.03125
1 0.86953125 0.55234375 0.0578125 0.03125
0 0.9109375 0.7375 0.0203125 0.015625
0 0.94296875 0.725 0.0171875 0.0171875
0 0.48359375 0.78125 0.0203125 0.015625
0 0.04921875 0.78984375 0.025 0.0171875
0 0.09375 0.7765625 0.0140625 0.0109375
0 0.11640625 0.76875 0.021875 0.0125
0 0.2671875 0.89375 0.0140625 0.009375