0 0.409375 0.51953125 0.0390625 0.0359375
0 0.51484375 0.56015625 0.03828125 0.0390625
0 0.6 0.51015625 0.0203125 0.0234375
0 0.63984375 0.72890625 0.0265625 0.05390625
0 0.52734375 0.91328125 0.02109375 0.03359375
0 0.5890625 0.96640625 0.01640625 0.03046875
0 0.70625 0.97890625 0.025 0.0359375
0 0.7234375 0.92421875 0.0171875 0.02890625
0 0.5703125 0.5734375 0.01796875 0.04609375
0 0.278125 0.39921875 0.03828125 0.0421875
0 0.6875 0.72265625 0.02421875 0.02578125
0 0.796875 0.6390625 0.01171875 0.02734375