1 0.5015625 0.1484375 0.028125 0.05
1 0.459375 0.203125 0.04609375 0.0359375
0 0.4625 0.51015625 0.0375 0.02109375
0 0.61796875 0.6671875 0.04453125 0.03671875
0 0.5953125 0.50234375 0.025 0.02578125
0 0.2046875 0.40078125 0.025 0.06171875
0 0.253125 0.7015625 0.0421875 0.04140625
0 0.2890625 0.78515625 0.0546875 0.0625
0 0.3015625 0.7265625 0.02265625 0.0265625
0 0.60703125 0.76875 0.0265625 0.0265625
0 0.64140625 0.725 0.02109375 0.0140625
0 0.60625 0.87421875 0.01796875 0.01953125
0 0.4359375 0.90625 0.0296875 0.025
0 0.66640625 0.69609375 0.025 0.0328125
0 0.33125 0.95078125 0.0515625 0.05703125
0 0.5421875 0.97578125 0.028125 0.0484375
0 0.4453125 0.9921875 0.0640625 0.01484375
0 0.390625 0.8375 0.028125 0.01328125
0 0.33046875 0.68515625 0.028125 0.02578125