0 0.096875 0.0546875 0.04375 0.040625
0 0.04609375 0.28984375 0.0265625 0.04296875
0 0.009375 0.43203125 0.01796875 0.01953125
0 0.19453125 0.2515625 0.0296875 0.034375
0 0.25 0.14375 0.02109375 0.01953125
0 0.31171875 0.05078125 0.03984375 0.0328125
0 0.33359375 0.15390625 0.02109375 0.02109375
0 0.25234375 0.11484375 0.01953125 0.01484375
0 0.43359375 0.1484375 0.01953125 0.0265625
0 0.51796875 0.12890625 0.02109375 0.0234375
0 0.42109375 0.29296875 0.025 0.0234375
0 0.41328125 0.38671875 0.0234375 0.03125
0 0.48046875 0.36484375 0.028125 0.03125
0 0.4859375 0.4328125 0.0328125 0.034375
0 0.54140625 0.06171875 0.01484375 0.02109375
0 0.53671875 0.21640625 0.01484375 0.01484375
0 0.60078125 0.20625 0.01796875 0.0234375
0 0.625 0.04453125 0.01484375 0.0296875
0 0.60703125 0.5140625 0.03125 0.04296875
0 0.62109375 0.5859375 0.04296875 0.03828125
0 0.69765625 0.62578125 0.034375 0.04296875
0 0.45078125 0.65078125 0.03828125 0.0359375
0 0.371875 0.69375 0.034375 0.0296875
0 0.35859375 0.79765625 0.034375 0.04921875
0 0.34765625 0.90546875 0.01953125 0.03125
0 0.61640625 0.765625 0.0328125 0.03828125
0 0.68984375 0.515625 0.02109375 0.0265625
0 0.77421875 0.38203125 0.0265625 0.0265625
0 0.80078125 0.62421875 0.01640625 0.0328125
0 0.65234375 0.5125 0.01640625 0.0234375
0 0.75390625 0.16015625 0.01484375 0.01953125
0 0.86953125 0.43515625 0.01796875 0.0265625
0 0.87734375 0.6875 0.01484375 0.0328125
0 0.81796875 0.7359375 0.02109375 0.034375
0 0.84453125 0.95234375 0.01484375 0.0234375
1 0.79921875 0.26328125 0.01953125 0.0625
1 0.91484375 0.28203125 0.01953125 0.07265625
1 0.67109375 0.72109375 0.02109375 0.0875
1 0.43359375 0.8640625 0.0296875 0.0671875