0 0.2859375 0.0453125 0.0359375 0.0375
0 0.1640625 0.1421875 0.0375 0.028125
0 0.425 0.1203125 0.040625 0.034375
0 0.63828125 0.02734375 0.0453125 0.040625
0 0.59765625 0.12109375 0.0328125 0.0453125
0 0.67421875 0.1890625 0.0328125 0.028125
0 0.571875 0.290625 0.0328125 0.025
0 0.5046875 0.3671875 0.0375 0.03125
0 0.575 0.38671875 0.028125 0.040625
0 0.53046875 0.44453125 0.0390625 0.0484375
0 0.28046875 0.5703125 0.0359375 0.028125
0 0.1921875 0.64140625 0.040625 0.04375
0 0.365625 0.59140625 0.04375 0.040625
0 0.1203125 0.71796875 0.0328125 0.0375
0 0.7515625 0.2328125 0.01875 0.021875
0 0.76484375 0.3421875 0.028125 0.028125
0 0.5734375 0.59140625 0.040625 0.040625
0 0.5328125 0.64609375 0.040625 0.0421875
0 0.4203125 0.77890625 0.034375 0.0421875
0 0.5765625 0.728125 0.0375 0.0375
0 0.78359375 0.58515625 0.0359375 0.034375
0 0.64765625 0.796875 0.025 0.0359375
0 0.59609375 0.884375 0.0328125 0.040625
0 0.6359375 0.64140625 0.03125 0.0328125
0 0.6671875 0.89140625 0.01875 0.034375
0 0.7125 0.30625 0.021875 0.0234375
0 0.89609375 0.2359375 0.0140625 0.025
1 0.88828125 0.5328125 0.0109375 0.078125
1 0.434375 0.4640625 0.015625 0.0640625
1 0.2890625 0.28984375 0.015625 0.0640625
0 0.17734375 0.2859375 0.0234375 0.025
0 0.659375 0.515625 0.0171875 0.028125