1 0.92265625 0.2203125 0.025 0.1171875
1 0.8921875 0.7859375 0.040625 0.1890625
1 0.2328125 0.5609375 0.034375 0.1890625
1 0.47421875 0.2203125 0.0359375 0.1640625
1 0.74609375 0.21015625 0.034375 0.1546875
0 0.0359375 0.5203125 0.03125 0.05
0 0.05859375 0.6734375 0.04375 0.0609375
0 0.09921875 0.9234375 0.0484375 0.0515625
0 0.3109375 0.9484375 0.05 0.0453125
0 0.3484375 0.85078125 0.0296875 0.0375
0 0.2125 0.73828125 0.040625 0.0484375
0 0.45390625 0.8765625 0.028125 0.046875
0 0.534375 0.90625 0.0171875 0.028125
0 0.14453125 0.43203125 0.0296875 0.046875
0 0.43984375 0.61953125 0.0328125 0.034375
0 0.4421875 0.72421875 0.0265625 0.034375
0 0.51484375 0.58828125 0.034375 0.034375
0 0.5078125 0.65703125 0.03125 0.0390625
0 0.490625 0.36640625 0.04375 0.053125
0 0.41328125 0.3109375 0.03125 0.0296875
0 0.40625 0.2078125 0.0375 0.0484375
0 0.40078125 0.0890625 0.025 0.028125
0 0.6625 0.45859375 0.0375 0.0421875
0 0.64921875 0.52734375 0.025 0.0265625
0 0.73046875 0.5359375 0.01875 0.0359375
0 0.69375 0.53515625 0.01875 0.0296875
0 0.74609375 0.42578125 0.0234375 0.0359375
0 0.66875 0.27109375 0.028125 0.0546875
0 0.6203125 0.83515625 0.0203125 0.028125
0 0.80390625 0.69140625 0.034375 0.028125
0 0.84609375 0.446875 0.0265625 0.0359375
0 0.87109375 0.3375 0.01875 0.025
0 0.93203125 0.38359375 0.015625 0.0203125
0 0.55390625 0.8203125 0.0171875 0.021875