0 0.2734375 0.3234375 0.065625 0.04375
0 0.134375 0.30625 0.04375 0.0265625
0 0.4 0.34296875 0.040625 0.0375
0 0.1984375 0.475 0.0296875 0.0484375
0 0.31171875 0.5015625 0.046875 0.025
0 0.496875 0.5671875 0.109375 0.0234375
0 0.509375 0.6640625 0.071875 0.0234375
0 0.59296875 0.71015625 0.071875 0.0203125
0 0.546875 0.63046875 0.0625 0.0265625
0 0.69609375 0.709375 0.015625 0.0109375
0 0.66484375 0.709375 0.0296875 0.015625
0 0.51875 0.4296875 0.0265625 0.0125
0 0.52734375 0.35390625 0.0203125 0.0109375
0 0.58671875 0.36484375 0.0125 0.009375
0 0.553125 0.4203125 0.015625 0.0125
0 0.6921875 0.48671875 0.01875 0.009375
0 0.59453125 0.415625 0.01875 0.0125
0 0.6234375 0.4328125 0.015625 0.0125
0 0.4484375 0.44375 0.0203125 0.009375
0 0.41875 0.440625 0.0203125 0.0109375
0 0.3796875 0.4296875 0.03125 0.0125
0 0.36484375 0.23984375 0.0390625 0.01875
0 0.0515625 0.165625 0.0359375 0.028125
0 0.13984375 0.2 0.0296875 0.0234375
0 0.43984375 0.265625 0.0171875 0.0078125
0 0.46328125 0.284375 0.015625 0.0109375
0 0.51875 0.3953125 0.009375 0.009375
0 0.60625 0.4515625 0.0140625 0.009375
1 0.88046875 0.2421875 0.015625 0.0203125
1 0.88984375 0.309375 0.028125 0.021875
1 0.98125 0.31171875 0.015625 0.034375