0 0.37734375 0.40625 0.03046875 0.040625
0 0.47890625 0.45546875 0.04375 0.0328125
0 0.6 0.51953125 0.05703125 0.0515625
0 0.6734375 0.4796875 0.01796875 0.0140625
0 0.79453125 0.55625 0.01171875 0.0078125
0 0.840625 0.6234375 0.0125 0.0125
0 0.87890625 0.68359375 0.01484375 0.015625
0 0.8859375 0.70390625 0.0109375 0.01171875
0 0.8953125 0.72421875 0.0125 0.00859375
0 0.87109375 0.7515625 0.01015625 0.00546875
0 0.46015625 0.81015625 0.034375 0.0234375
0 0.546875 0.86875 0.03984375 0.03828125
0 0.51328125 0.8125 0.021875 0.03203125
0 0.61171875 0.99140625 0.034375 0.0171875
0 0.41640625 0.58515625 0.02890625 0.028125
0 0.271875 0.23984375 0.01015625 0.00546875
0 0.2828125 0.25390625 0.0109375 0.00546875
0 0.27109375 0.21640625 0.00546875 0.00390625
0 0.45859375 0.3 0.00859375 0.00546875
0 0.51796875 0.3671875 0.00859375 0.0046875
0 0.528125 0.39140625 0.025 0.01796875
0 0.465625 0.4078125 0.03359375 0.02890625
0 0.5921875 0.34765625 0.01328125 0.00859375
0 0.88203125 0.9515625 0.0140625 0.0078125
0 0.95390625 0.9328125 0.00859375 0.0078125
0 0.99140625 0.92734375 0.01328125 0.0203125
0 0.940625 0.92265625 0.0078125 0.00546875
1 0.7265625 0.84921875 0.02421875 0.02890625
1 0.86171875 0.86328125 0.0203125 0.0203125
1 0.971875 0.83984375 0.0203125 0.0296875