0 0.4046875 0.1890625 0.025 0.01875
0 0.41328125 0.29765625 0.021875 0.021875
0 0.42421875 0.4546875 0.0296875 0.0328125
0 0.359375 0.3828125 0.025 0.0265625
0 0.35859375 0.52421875 0.0359375 0.0734375
0 0.30859375 0.66171875 0.0171875 0.0140625
0 0.34453125 0.86796875 0.0265625 0.021875
0 0.50546875 0.03359375 0.0171875 0.0125
0 0.00546875 0.221875 0.0109375 0.0125
0 0.03671875 0.38671875 0.034375 0.0171875
0 0.04296875 0.44765625 0.0328125 0.0359375
0 0.16171875 0.33125 0.0140625 0.0453125
1 0.46796875 0.2203125 0.028125 0.04375
1 0.60546875 0.08515625 0.03125 0.0421875
1 0.11328125 0.10859375 0.025 0.028125