1 0.5640625 0.08984375 0.040625 0.0546875
1 0.19609375 0.04375 0.1578125 0.0265625
1 0.05390625 0.11484375 0.1078125 0.0234375
1 0.79375 0.1015625 0.028125 0.0296875
1 0.32734375 0.15390625 0.0421875 0.08125
0 0.3140625 0.3640625 0.021875 0.01875
0 0.3671875 0.3765625 0.0296875 0.0265625
0 0.36171875 0.32109375 0.0109375 0.0078125
0 0.3625 0.3390625 0.0125 0.009375
0 0.36015625 0.35390625 0.015625 0.0125
0 0.41875 0.2859375 0.0125 0.0140625
0 0.4234375 0.34765625 0.0140625 0.0125
0 0.490625 0.35 0.0078125 0.0140625
0 0.5421875 0.4140625 0.028125 0.0265625
0 0.56171875 0.37421875 0.0140625 0.01875
0 0.55546875 0.2 0.0125 0.009375
0 0.60859375 0.2125 0.0203125 0.0140625
0 0.6625 0.2265625 0.0140625 0.0078125
0 0.33203125 0.48359375 0.0203125 0.04375
0 0.396875 0.47734375 0.009375 0.0234375
0 0.390625 0.534375 0.009375 0.021875
0 0.3984375 0.58984375 0.0109375 0.0140625
0 0.40390625 0.60546875 0.0140625 0.0171875
0 0.4078125 0.6328125 0.0203125 0.0390625
0 0.4953125 0.55390625 0.01875 0.0171875
0 0.4953125 0.56875 0.009375 0.0109375
0 0.49296875 0.59375 0.0125 0.009375
0 0.49375 0.62265625 0.0109375 0.0140625
0 0.53515625 0.54140625 0.015625 0.0171875
0 0.53203125 0.57890625 0.0125 0.015625
0 0.9171875 0.0609375 0.0203125 0.0125
0 0.96171875 0.0734375 0.01875 0.009375
0 0.86640625 0.15234375 0.0171875 0.0125
0 0.89140625 0.18125 0.0140625 0.0125
0 0.9359375 0.190625 0.025 0.01875
0 0.87421875 0.20234375 0.015625 0.021875