0 0.14765625 0.41875 0.0375 0.046875
0 0.0328125 0.50390625 0.021875 0.0453125
0 0.053125 0.6578125 0.034375 0.053125
0 0.0890625 0.91171875 0.0421875 0.0421875
0 0.29921875 0.946875 0.053125 0.040625
0 0.334375 0.84609375 0.0234375 0.025
0 0.20234375 0.72421875 0.0328125 0.0328125
0 0.434375 0.721875 0.025 0.025
0 0.43515625 0.61875 0.0296875 0.0296875
0 0.5046875 0.66015625 0.028125 0.0453125
0 0.434375 0.86875 0.025 0.0296875
0 0.5203125 0.90078125 0.015625 0.0265625
0 0.49765625 0.3703125 0.0421875 0.0453125
0 0.42265625 0.30703125 0.0265625 0.03125
0 0.51171875 0.590625 0.0265625 0.0390625
0 0.66015625 0.46015625 0.0359375 0.0390625
0 0.64375 0.5359375 0.0265625 0.0421875
0 0.67578125 0.2765625 0.0328125 0.05
0 0.41875 0.21328125 0.03125 0.0453125
0 0.4140625 0.08203125 0.0265625 0.034375
0 0.74609375 0.43515625 0.0203125 0.0421875
0 0.72734375 0.54296875 0.0140625 0.034375
0 0.6890625 0.53828125 0.015625 0.021875
0 0.65625 0.64296875 0.01875 0.021875
0 0.60859375 0.83984375 0.025 0.028125
0 0.79609375 0.70078125 0.025 0.0421875
0 0.846875 0.4515625 0.0234375 0.025
0 0.8734375 0.35078125 0.0203125 0.028125
0 0.93828125 0.4015625 0.0171875 0.0234375
1 0.73515625 0.26484375 0.0140625 0.06484375
1 0.95546875 0.22265625 0.0140625 0.08046875
1 0.47890625 0.178125 0.0171875 0.09296875
1 0.73125 0.13125 0.015625 0.07734375
1 0.83984375 0.5890625 0.021875 0.09609375
0 0.9046875 0.66171875 0.021875 0.0296875