0 0.096875 0.45234375 0.034375 0.025
0 0.35703125 0.321875 0.0296875 0.0375
0 0.02265625 0.4421875 0.0359375 0.0171875
0 0.415625 0.615625 0.046875 0.046875
0 0.39296875 0.67109375 0.040625 0.0390625
0 0.35390625 0.7234375 0.040625 0.040625
0 0.2203125 0.421875 0.0578125 0.03125
0 0.5125 0.4703125 0.0296875 0.0171875
0 0.4578125 0.459375 0.0109375 0.0078125
0 0.48515625 0.459375 0.009375 0.00625
0 0.46015625 0.39375 0.0171875 0.0125
0 0.48671875 0.40625 0.0140625 0.0109375
0 0.54453125 0.37890625 0.015625 0.0109375
0 0.56171875 0.3671875 0.00625 0.0046875
0 0.484375 0.37265625 0.0109375 0.009375
0 0.50625 0.3828125 0.0125 0.009375
0 0.39375 0.32265625 0.025 0.0140625
0 0.396875 0.35078125 0.021875 0.028125
0 0.415625 0.31328125 0.015625 0.015625
0 0.275 0.31015625 0.0265625 0.0140625
0 0.3171875 0.4390625 0.034375 0.0171875
0 0.553125 0.4390625 0.0125 0.0140625
0 0.5828125 0.45234375 0.0171875 0.0125
0 0.60546875 0.46328125 0.0234375 0.0140625
0 0.6984375 0.48125 0.0328125 0.0234375
0 0.73984375 0.4984375 0.0265625 0.015625
0 0.7734375 0.5203125 0.025 0.021875
0 0.75390625 0.465625 0.0140625 0.0078125
0 0.80625 0.4640625 0.028125 0.0171875
0 0.53515625 0.5484375 0.0203125 0.01875
0 0.30546875 0.46953125 0.0328125 0.01875
1 0.3859375 0.46484375 0.0421875 0.01875
1 0.45078125 0.4875 0.0140625 0.0125