1 0.0875 0.18984375 0.03359375 0.0921875
1 0.159375 0.60546875 0.03671875 0.1046875
0 0.51171875 0.55859375 0.04921875 0.02109375
0 0.48203125 0.628125 0.02265625 0.01171875
0 0.671875 0.59140625 0.04453125 0.01484375
0 0.54921875 0.61328125 0.0296875 0.01328125
0 0.5296875 0.68046875 0.0625 0.01328125
0 0.4765625 0.6953125 0.025 0.02109375
0 0.43671875 0.70703125 0.025 0.01953125
0 0.46875 0.5109375 0.0296875 0.01328125
0 0.665625 0.3609375 0.025 0.01875
0 0.84375 0.09375 0.02265625 0.01328125
0 0.3 0.71015625 0.025 0.01171875
0 0.38671875 0.7125 0.0328125 0.01328125
0 0.3703125 0.734375 0.0265625 0.01015625