1 0.0359375 0.27421875 0.05 0.096875
1 0.1859375 0.66875 0.05625 0.109375
0 0.52265625 0.55546875 0.0515625 0.0296875
0 0.50703125 0.62890625 0.025 0.015625
0 0.6859375 0.55703125 0.046875 0.0234375
0 0.5703125 0.6015625 0.03125 0.01875
0 0.56328125 0.671875 0.0640625 0.025
0 0.5140625 0.69609375 0.028125 0.025
0 0.47734375 0.715625 0.028125 0.0234375
0 0.47109375 0.51640625 0.03125 0.01875
0 0.6359375 0.33203125 0.028125 0.0234375
0 0.76015625 0.0359375 0.025 0.0171875
0 0.34375 0.74453125 0.0265625 0.015625
0 0.4296875 0.73046875 0.034375 0.01875
0 0.4171875 0.7546875 0.028125 0.015625