1 0.440625 0.153125 0.0359375 0.0546875
1 0.40859375 0.21484375 0.0515625 0.04375
0 0.46484375 0.51640625 0.040625 0.0265625
0 0.6453125 0.64453125 0.05 0.04375
0 0.59453125 0.4859375 0.0296875 0.0296875
0 0.1921875 0.45390625 0.0359375 0.065625
0 0.2921875 0.74140625 0.0484375 0.0484375
0 0.34140625 0.8171875 0.0640625 0.0703125
0 0.34375 0.7578125 0.0265625 0.0296875
0 0.65234375 0.74609375 0.03125 0.03125
0 0.678125 0.696875 0.0234375 0.0171875
0 0.66953125 0.85 0.0203125 0.021875
0 0.5078125 0.9109375 0.0328125 0.0296875
0 0.69765625 0.6640625 0.0296875 0.0359375
0 0.41171875 0.9703125 0.0609375 0.059375
0 0.62421875 0.9609375 0.0359375 0.053125
0 0.53125 0.990625 0.065625 0.01875
0 0.45078125 0.8515625 0.0296875 0.0171875
0 0.36484375 0.71171875 0.0328125 0.0296875