0 0.35703125 0.2078125 0.028125 0.021875
0 0.3828125 0.3140625 0.0234375 0.025
0 0.41796875 0.4671875 0.034375 0.0359375
0 0.34296875 0.40625 0.028125 0.0296875
0 0.3640625 0.54609375 0.0453125 0.0765625
0 0.33671875 0.6890625 0.01875 0.015625
0 0.40390625 0.88828125 0.028125 0.025
0 0.43203125 0.03828125 0.01875 0.0140625
0 0.02421875 0.4609375 0.0359375 0.021875
0 0.03984375 0.51953125 0.0375 0.0390625
0 0.13984375 0.3859375 0.0203125 0.0453125
1 0.425 0.22890625 0.034375 0.046875
1 0.5390625 0.0734375 0.0375 0.0453125
1 0.05703125 0.17421875 0.028125 0.03125