1 0.8328125 0.74140625 0.021875 0.0640625
1 0.80234375 0.7015625 0.0171875 0.0578125
1 0.8921875 0.6859375 0.015625 0.0625
0 0.834375 0.2890625 0.0265625 0.0171875
0 0.7453125 0.30078125 0.0875 0.028125
0 0.7203125 0.5125 0.03125 0.034375
0 0.709375 0.58359375 0.0203125 0.0328125
0 0.69765625 0.615625 0.075 0.0328125
0 0.4953125 0.446875 0.0109375 0.0125
0 0.50625 0.4546875 0.0109375 0.0125
0 0.54609375 0.4625 0.0140625 0.021875
0 0.29140625 0.39921875 0.021875 0.01875
0 0.35390625 0.40625 0.0125 0.015625
0 0.36953125 0.4015625 0.0125 0.0203125
0 0.403125 0.39453125 0.0109375 0.0125
0 0.4203125 0.3203125 0.015625 0.021875
0 0.425 0.29140625 0.0125 0.0140625
0 0.25625 0.55546875 0.040625 0.0265625
0 0.20078125 0.609375 0.0859375 0.0515625
0 0.3125 0.59921875 0.0734375 0.040625
0 0.40234375 0.64140625 0.0125 0.0171875
0 0.4171875 0.646875 0.0140625 0.015625
0 0.56171875 0.62578125 0.065625 0.0328125
0 0.47890625 0.63359375 0.0546875 0.0265625
0 0.675 0.98671875 0.0171875 0.0109375
0 0.6421875 0.959375 0.0171875 0.021875
0 0.55703125 0.8953125 0.0171875 0.0171875
0 0.5390625 0.91796875 0.0140625 0.0125
0 0.5765625 0.87265625 0.015625 0.0171875
0 0.7046875 0.7296875 0.0203125 0.021875
0 0.725 0.70390625 0.015625 0.01875
0 0.61640625 0.2515625 0.040625 0.0171875