0 0.39921875 0.6859375 0.13125 0.1171875
0 0.0203125 0.4078125 0.040625 0.03125
0 0.746875 0.7625 0.0390625 0.0265625
0 0.63359375 0.8515625 0.0328125 0.0203125
0 0.95 0.79609375 0.0484375 0.034375
0 0.60078125 0.88828125 0.034375 0.0234375
0 0.67734375 0.1015625 0.028125 0.0171875
1 0.64765625 0.45703125 0.0796875 0.0359375
1 0.7421875 0.51484375 0.0765625 0.025
1 0.86015625 0.40390625 0.0578125 0.0265625
0 0.97109375 0.55859375 0.0203125 0.0140625
0 0.99375 0.5328125 0.0125 0.015625
0 0.5953125 0.76484375 0.01875 0.0140625
0 0.1984375 0.94296875 0.025 0.015625
0 0.234375 0.91328125 0.0140625 0.0109375
0 0.25234375 0.89765625 0.021875 0.009375
0 0.15390625 0.97890625 0.0140625 0.0125
0 0.43984375 0.953125 0.0140625 0.009375