1 0.56015625 0.628125 0.096875 0.05
1 0.75546875 0.50234375 0.121875 0.0453125
1 0.76796875 0.33203125 0.109375 0.0359375
1 0.50234375 0.39296875 0.1125 0.0328125
1 0.71796875 0.69609375 0.05 0.0578125
0 0.40390625 0.66640625 0.03125 0.021875
0 0.309375 0.7109375 0.0296875 0.01875
0 0.26640625 0.675 0.025 0.01875
0 0.58828125 0.821875 0.0765625 0.0484375
0 0.1921875 0.21875 0.03125 0.021875
0 0.2703125 0.23828125 0.0265625 0.0125
0 0.3734375 0.26640625 0.046875 0.028125
0 0.42421875 0.284375 0.0265625 0.0203125
0 0.4984375 0.11015625 0.0359375 0.0234375
0 0.3109375 0.25 0.01875 0.0140625