1 0.90703125 0.4046875 0.0203125 0.0390625
1 0.96796875 0.45546875 0.0296875 0.034375
0 0.57421875 0.43203125 0.046875 0.015625
0 0.46015625 0.4171875 0.034375 0.0140625
0 0.528125 0.45078125 0.0734375 0.0234375
0 0.61640625 0.47109375 0.0421875 0.015625
0 0.4046875 0.43125 0.0234375 0.015625
0 0.38515625 0.43203125 0.0171875 0.0125
0 0.25546875 0.40859375 0.075 0.0203125
0 0.31875 0.41484375 0.0234375 0.009375
0 0.1484375 0.3984375 0.053125 0.0203125
0 0.07578125 0.38671875 0.040625 0.0171875
0 0.025 0.38203125 0.0203125 0.0171875
0 0.046875 0.42578125 0.0359375 0.0265625
0 0.02578125 0.3625 0.0203125 0.015625
0 0.09375 0.36875 0.0296875 0.0109375
0 0.3234375 0.44609375 0.0984375 0.028125
0 0.46171875 0.4984375 0.0515625 0.025
0 0.77109375 0.5234375 0.0359375 0.0140625
0 0.80859375 0.53203125 0.03125 0.0171875
0 0.57109375 0.5203125 0.05625 0.0265625
0 0.6796875 0.5421875 0.1390625 0.0375
0 0.56796875 0.65625 0.025 0.01875
0 0.67578125 0.60390625 0.0296875 0.0171875
0 0.7484375 0.615625 0.0265625 0.0125
0 0.834375 0.6359375 0.021875 0.0125
0 0.190625 0.52109375 0.0578125 0.0265625