0 0.2078125 0.19453125 0.028125 0.0265625
0 0.28125 0.1765625 0.0234375 0.0265625
0 0.26171875 0.284375 0.025 0.0390625
0 0.478125 0.21484375 0.03125 0.0515625
0 0.353125 0.315625 0.0390625 0.0484375
0 0.4140625 0.38125 0.0453125 0.0515625
0 0.32578125 0.42109375 0.025 0.0390625
0 0.3625 0.4359375 0.0171875 0.021875
0 0.40078125 0.4515625 0.034375 0.034375
0 0.20390625 0.521875 0.0359375 0.046875
0 0.13203125 0.43671875 0.0203125 0.025
0 0.34921875 0.5484375 0.021875 0.021875
0 0.3359375 0.6671875 0.01875 0.025
0 0.3046875 0.74609375 0.021875 0.028125
0 0.35546875 0.8390625 0.01875 0.025
0 0.440625 0.85390625 0.0265625 0.034375
0 0.3671875 0.7578125 0.021875 0.021875
0 0.47109375 0.63203125 0.0296875 0.0328125
0 0.49140625 0.56875 0.034375 0.0453125
0 0.5421875 0.634375 0.0265625 0.034375
0 0.590625 0.38515625 0.0390625 0.046875
0 0.7296875 0.271875 0.0390625 0.0578125
0 0.68515625 0.36171875 0.025 0.034375
0 0.7828125 0.1703125 0.025 0.03125
0 0.87421875 0.596875 0.0296875 0.0453125
0 0.70078125 0.84375 0.0328125 0.034375
0 0.5375 0.88515625 0.01875 0.025
0 0.53046875 0.9859375 0.0421875 0.028125
0 0.85234375 0.8546875 0.0265625 0.0296875
0 0.9375 0.73125 0.0265625 0.03125
0 0.615625 0.921875 0.021875 0.021875
1 0.0484375 0.52109375 0.0359375 0.0828125
1 0.0875 0.32578125 0.034375 0.071875
1 0.14453125 0.58046875 0.0296875 0.090625
0 0.1484375 0.73359375 0.0171875 0.0234375
0 0.1875 0.63671875 0.0171875 0.0234375
0 0.22265625 0.8875 0.021875 0.028125
0 0.3265625 0.8515625 0.01875 0.0234375
1 0.23984375 0.75234375 0.0296875 0.06875
1 0.2921875 0.5578125 0.025 0.0484375
1 0.5609375 0.4875 0.040625 0.078125
0 0.72734375 0.15390625 0.0171875 0.0171875
0 0.734375 0.12421875 0.025 0.01875