0 0.26875 0.14921875 0.0359375 0.034375
0 0.31171875 0.25234375 0.0515625 0.0625
0 0.35546875 0.346875 0.0375 0.0484375
0 0.44453125 0.378125 0.05625 0.0625
0 0.58203125 0.23203125 0.040625 0.059375
0 0.1484375 0.5625 0.0546875 0.0578125
0 0.14296875 0.81796875 0.04375 0.0484375
0 0.30859375 0.8171875 0.034375 0.0375
0 0.48046875 0.9859375 0.0484375 0.028125
0 0.48515625 0.6375 0.034375 0.0359375
0 0.546875 0.5765625 0.040625 0.040625
0 0.5640625 0.6453125 0.0375 0.0515625
0 0.52109375 0.725 0.0265625 0.0296875
0 0.58203125 0.8734375 0.0484375 0.0484375
0 0.4765625 0.88984375 0.0328125 0.04375
0 0.671875 0.8640625 0.0265625 0.028125
0 0.64921875 0.4703125 0.028125 0.0375
0 0.64140625 0.4015625 0.05 0.0359375
0 0.728125 0.453125 0.034375 0.046875
0 0.7078125 0.35 0.0296875 0.0421875
0 0.80625 0.3203125 0.021875 0.0359375
0 0.8515625 0.5734375 0.0359375 0.0390625
0 0.73046875 0.77421875 0.0234375 0.025
0 0.79140625 0.21875 0.0265625 0.028125
0 0.875 0.24375 0.028125 0.0359375
1 0.29765625 0.675 0.040625 0.0921875
1 0.06171875 0.37890625 0.0390625 0.078125
1 0.7609375 0.62265625 0.034375 0.0890625
1 0.8625 0.40078125 0.0296875 0.065625
1 0.93046875 0.728125 0.0375 0.103125