0 0.03359375 0.45625 0.0234375 0.03984375
0 0.04296875 0.61640625 0.03828125 0.06875
0 0.04765625 0.87109375 0.03984375 0.05078125
0 0.26015625 0.9203125 0.0578125 0.04765625
0 0.184375 0.69375 0.03125 0.03828125
0 0.3046875 0.82890625 0.01640625 0.04375
0 0.1578125 0.38125 0.02578125 0.03828125
0 0.2125 0.5546875 0.01796875 0.021875
0 0.42734375 0.6125 0.05078125 0.03671875
0 0.4125 0.7109375 0.021875 0.02890625
0 0.4046875 0.8609375 0.0234375 0.0421875
0 0.48359375 0.9046875 0.021875 0.034375
0 0.48984375 0.65703125 0.03125 0.0453125
0 0.5078125 0.3671875 0.04921875 0.0578125
0 0.50546875 0.58828125 0.0328125 0.034375
0 0.5125 0.82421875 0.01796875 0.0234375
0 0.43671875 0.3015625 0.03671875 0.03671875
0 0.43984375 0.18984375 0.03984375 0.0671875
0 0.4515625 0.07578125 0.0203125 0.0203125
0 0.54765625 0.07421875 0.021875 0.03984375
0 0.21484375 0.81640625 0.01796875 0.021875
0 0.578125 0.8421875 0.021875 0.03671875
0 0.6421875 0.66171875 0.01796875 0.021875
0 0.64453125 0.540625 0.02734375 0.034375
0 0.6984375 0.2953125 0.03671875 0.04921875
0 0.7515625 0.45625 0.034375 0.03984375
0 0.67109375 0.4796875 0.0328125 0.03671875
0 0.6875 0.5546875 0.01796875 0.021875
0 0.72578125 0.5609375 0.021875 0.0421875
0 0.778125 0.72265625 0.0328125 0.034375
0 0.85078125 0.484375 0.02578125 0.034375
0 0.884375 0.37578125 0.01640625 0.02734375
0 0.9421875 0.43828125 0.01796875 0.02890625
1 0.834375 0.61328125 0.0109375 0.053125
1 0.89453125 0.865625 0.01484375 0.06875
1 0.4484375 0.453125 0.01640625 0.07265625
1 0.69453125 0.3890625 0.01484375 0.0546875
1 0.23828125 0.46015625 0.021875 0.0765625