0 0.25703125 0.15703125 0.0359375 0.0359375
0 0.303125 0.259375 0.053125 0.0625
0 0.35078125 0.35234375 0.0390625 0.0484375
0 0.440625 0.38046875 0.0578125 0.0640625
0 0.57265625 0.22890625 0.0421875 0.0609375
0 0.15078125 0.575 0.05625 0.059375
0 0.15390625 0.83046875 0.0453125 0.0484375
0 0.31953125 0.8234375 0.0359375 0.0390625
0 0.4984375 0.98515625 0.05 0.0296875
0 0.48984375 0.6375 0.0359375 0.0359375
0 0.54921875 0.575 0.0421875 0.0421875
0 0.56953125 0.64296875 0.0390625 0.0515625
0 0.52890625 0.7234375 0.028125 0.0296875
0 0.59453125 0.8703125 0.05 0.05
0 0.490625 0.890625 0.034375 0.04375
0 0.684375 0.85859375 0.0265625 0.028125
0 0.6484375 0.465625 0.0296875 0.0390625
0 0.6375 0.39609375 0.05 0.0375
0 0.7265625 0.4453125 0.0359375 0.0484375
0 0.70234375 0.3421875 0.03125 0.04375
0 0.79921875 0.309375 0.0234375 0.0359375
0 0.85390625 0.56171875 0.0375 0.0390625
0 0.73984375 0.76640625 0.0234375 0.025
0 0.78125 0.20859375 0.0265625 0.028125
0 0.86640625 0.23046875 0.0296875 0.0375
1 0.30390625 0.68203125 0.0421875 0.0921875
1 0.0578125 0.39453125 0.0421875 0.078125
1 0.76484375 0.61328125 0.0375 0.0890625
1 0.85859375 0.38828125 0.03125 0.065625
1 0.93828125 0.7125 0.0421875 0.103125