0 0.3625 0.44609375 0.015625 0.015625
0 0.3703125 0.43203125 0.0265625 0.01875
0 0.32578125 0.63359375 0.0109375 0.0109375
0 0.33671875 0.646875 0.0171875 0.015625
0 0.1703125 0.746875 0.0171875 0.0140625
0 0.19765625 0.53359375 0.0109375 0.0109375
0 0.20859375 0.50546875 0.015625 0.0125
0 0.2390625 0.5421875 0.015625 0.0109375
0 0.3046875 0.45625 0.015625 0.01875
0 0.49609375 0.5046875 0.0171875 0.0140625
0 0.5375 0.528125 0.015625 0.015625
0 0.59609375 0.44375 0.0234375 0.0265625
0 0.21015625 0.315625 0.028125 0.0171875
0 0.23828125 0.3125 0.0265625 0.015625
0 0.2703125 0.3109375 0.0265625 0.015625
0 0.29453125 0.309375 0.03125 0.015625
0 0.09296875 0.16640625 0.0421875 0.01875
0 0.07265625 0.1890625 0.025 0.0296875
0 0.16328125 0.18046875 0.0625 0.021875
0 0.8421875 0.553125 0.0453125 0.021875
0 0.94375 0.540625 0.028125 0.0171875
0 0.95625 0.52734375 0.015625 0.0109375
0 0.94453125 0.503125 0.0203125 0.0125
0 0.40234375 0.62265625 0.0171875 0.0171875
0 0.3953125 0.56484375 0.0125 0.0109375
0 0.41796875 0.5734375 0.0140625 0.0125
0 0.2296875 0.4578125 0.0125 0.0109375
0 0.246875 0.43828125 0.015625 0.0109375
0 0.1546875 0.56015625 0.015625 0.021875
0 0.13515625 0.59765625 0.0140625 0.0296875