0 0.034375 0.1140625 0.0296875 0.053125
0 0.01640625 0.425 0.03046875 0.04375
0 0.08359375 0.46875 0.0296875 0.03515625
0 0.12421875 0.5234375 0.040625 0.03671875
0 0.2125 0.65 0.03125 0.03125
0 0.2703125 0.6921875 0.03125 0.0328125
0 0.34609375 0.78515625 0.0390625 0.03828125
0 0.46640625 0.8328125 0.01875 0.0109375
0 0.57109375 0.86328125 0.01484375 0.01328125
0 0.684375 0.62890625 0.01484375 0.03828125
0 0.7125 0.5796875 0.0296875 0.02421875
0 0.75 0.59609375 0.0171875 0.0078125
0 0.76640625 0.61796875 0.0140625 0.025
0 0.80703125 0.58203125 0.01640625 0.0359375
0 0.765625 0.5140625 0.01015625 0.01015625
0 0.76796875 0.49921875 0.0140625 0.0109375
0 0.73828125 0.5046875 0.0140625 0.00703125
0 0.803125 0.5296875 0.01953125 0.0125
0 0.6015625 0.490625 0.01328125 0.02265625
0 0.571875 0.4578125 0.01015625 0.0359375
0 0.68046875 0.3 0.0203125 0.04296875
0 0.68203125 0.22578125 0.0453125 0.034375
0 0.7734375 0.2546875 0.040625 0.04765625
0 0.81328125 0.18828125 0.03125 0.0328125
0 0.86953125 0.17421875 0.040625 0.04921875
0 0.7265625 0.36328125 0.00859375 0.0078125
0 0.73828125 0.534375 0.01171875 0.01015625
0 0.73671875 0.56640625 0.01328125 0.01015625
0 0.746875 0.55390625 0.01875 0.00546875
1 0.58125 0.571875 0.01171875 0.0296875
0 0.45703125 0.5828125 0.01171875 0.009375
0 0.51015625 0.553125 0.0078125 0.00625
1 0.70859375 0.43125 0.0203125 0.028125