0 0.365625 0.47890625 0.0171875 0.0125
0 0.33203125 0.3703125 0.01875 0.01875
0 0.396875 0.3515625 0.0109375 0.0203125
0 0.421875 0.33125 0.0203125 0.0109375
0 0.434375 0.31015625 0.015625 0.0171875
0 0.38046875 0.38046875 0.0140625 0.009375
0 0.35703125 0.40625 0.0109375 0.015625
0 0.33984375 0.434375 0.0078125 0.0171875
0 0.3171875 0.46640625 0.0125 0.0234375
0 0.39453125 0.478125 0.015625 0.0125
0 0.35078125 0.5046875 0.021875 0.0140625
0 0.70859375 0.17421875 0.034375 0.0125
0 0.61796875 0.20390625 0.0203125 0.0203125
0 0.58046875 0.21875 0.0171875 0.0140625
0 0.61015625 0.27109375 0.0265625 0.0296875
0 0.7078125 0.3359375 0.01875 0.025
0 0.71328125 0.38046875 0.0125 0.021875
0 0.665625 0.28515625 0.0078125 0.00625
0 0.7015625 0.303125 0.0078125 0.0046875
0 0.5859375 0.40625 0.0109375 0.0109375
0 0.403125 0.290625 0.009375 0.0078125
0 0.45234375 0.303125 0.009375 0.009375
0 0.38515625 0.43984375 0.0125 0.0109375
0 0.26015625 0.4109375 0.0109375 0.0109375
0 0.3796875 0.59140625 0.0171875 0.015625
0 0.29609375 0.5328125 0.009375 0.0078125
0 0.32890625 0.7921875 0.015625 0.025
0 0.41796875 0.853125 0.040625 0.0171875
0 0.54296875 0.9015625 0.065625 0.0265625
0 0.553125 0.87109375 0.0234375 0.0140625
0 0.57890625 0.875 0.0171875 0.009375
0 0.66640625 0.93125 0.0515625 0.028125
0 0.703125 0.98515625 0.059375 0.0296875
0 0.51640625 0.946875 0.01875 0.0109375
0 0.4484375 0.94375 0.0171875 0.0109375
0 0.3109375 0.9109375 0.0203125 0.0109375
0 0.24140625 0.6953125 0.009375 0.0234375
1 0.5125 0.365625 0.0203125 0.0484375
1 0.453125 0.4 0.015625 0.0296875