1 0.9203125 0.2546875 0.021875 0.128125
1 0.8453125 0.5671875 0.028125 0.128125
1 0.3984375 0.565625 0.021875 0.14375
1 0.15625 0.5296875 0.025 0.171875
0 0.0828125 0.06953125 0.040625 0.0390625
0 0.0375 0.3078125 0.03671875 0.03515625
0 0.01015625 0.45703125 0.0203125 0.0546875
0 0.41328125 0.30078125 0.02734375 0.02734375
0 0.4796875 0.365625 0.03046875 0.0515625
0 0.409375 0.4015625 0.0390625 0.03203125
0 0.4859375 0.43515625 0.03359375 0.03203125
0 0.46015625 0.65390625 0.03359375 0.0546875
0 0.38046875 0.70703125 0.02890625 0.03515625
0 0.42734375 0.15859375 0.01953125 0.03046875
0 0.2328125 0.15625 0.01484375 0.02578125
0 0.2890625 0.05859375 0.04375 0.03046875
0 0.18515625 0.26796875 0.02265625 0.03359375
0 0.32578125 0.1578125 0.02578125 0.02578125
0 0.50859375 0.13203125 0.02109375 0.02265625
0 0.525 0.21484375 0.01640625 0.02421875
0 0.59140625 0.20625 0.02265625 0.02578125
0 0.62265625 0.4015625 0.02109375 0.02578125
0 0.61171875 0.51484375 0.03671875 0.053125
0 0.62265625 0.58125 0.040625 0.05
0 0.3703125 0.80859375 0.0421875 0.0578125
0 0.359375 0.91640625 0.02265625 0.03671875
0 0.41796875 0.91171875 0.02109375 0.01953125
0 0.63359375 0.771875 0.02890625 0.0515625
0 0.70625 0.62109375 0.02734375 0.04375
0 0.6953125 0.509375 0.02421875 0.03515625
0 0.65546875 0.51171875 0.01953125 0.03359375
0 0.76953125 0.371875 0.02421875 0.02578125
0 0.80390625 0.62109375 0.01640625 0.03046875
0 0.82734375 0.7265625 0.02109375 0.03203125
0 0.88984375 0.68125 0.02265625 0.02578125
0 0.7421875 0.1546875 0.01484375 0.01640625
0 0.6125 0.0359375 0.02265625 0.02109375