0 0.33671875 0.559375 0.034375 0.0171875
0 0.45859375 0.5390625 0.0234375 0.01484375
0 0.134375 0.10703125 0.02890625 0.03828125
0 0.1078125 0.12109375 0.01796875 0.0375
0 0.084375 0.115625 0.01796875 0.04375
0 0.10859375 0.05703125 0.0234375 0.0234375
0 0.24296875 0.1984375 0.01640625 0.01328125
0 0.084375 0.478125 0.021875 0.01796875
0 0.1359375 0.01953125 0.034375 0.03828125
1 0.1203125 0.72421875 0.0609375 0.0765625
0 0.390625 0.75390625 0.0234375 0.025
1 0.1328125 0.85078125 0.03984375 0.06953125
1 0.43984375 0.92890625 0.025 0.04375