1 0.58515625 0.6125 0.0921875 0.03125
1 0.75 0.44921875 0.11953125 0.02109375
1 0.72734375 0.2796875 0.109375 0.01328125
1 0.4796875 0.39453125 0.1125 0.009375
1 0.75390625 0.646875 0.03984375 0.05078125
0 0.440625 0.6828125 0.028125 0.015625
0 0.35703125 0.74609375 0.028125 0.0125
0 0.3078125 0.71953125 0.02265625 0.01484375
0 0.653125 0.796875 0.07109375 0.03515625
0 0.140625 0.2890625 0.028125 0.01640625
0 0.22109375 0.29140625 0.02578125 0.0078125
0 0.32734375 0.29765625 0.04375 0.01953125
0 0.38125 0.3046875 0.02421875 0.01640625
0 0.4171875 0.11875 0.0328125 0.0171875
0 0.26328125 0.29453125 0.0171875 0.0109375