0 0.9484375 0.26484375 0.040625 0.0359375
0 0.73203125 0.2015625 0.0234375 0.0109375
0 0.7046875 0.165625 0.0140625 0.009375
0 0.70078125 0.290625 0.0140625 0.0109375
0 0.70703125 0.3046875 0.0171875 0.0078125
0 0.72734375 0.31640625 0.0125 0.0078125
0 0.7859375 0.359375 0.0171875 0.009375
0 0.78671875 0.36796875 0.015625 0.0125
0 0.85234375 0.45546875 0.015625 0.0125
0 0.9390625 0.484375 0.0171875 0.009375
0 0.91484375 0.50859375 0.0140625 0.009375
0 0.70859375 0.43515625 0.01875 0.0109375
0 0.97890625 0.56015625 0.0125 0.0109375
0 0.84296875 0.62734375 0.0125 0.0109375
0 0.73359375 0.53984375 0.0140625 0.009375
0 0.696875 0.5796875 0.0125 0.009375
0 0.653125 0.6 0.0140625 0.009375
0 0.62109375 0.49921875 0.0109375 0.0078125
0 0.6765625 0.48046875 0.0125 0.0078125
0 0.709375 0.5125 0.009375 0.00625
0 0.54609375 0.40859375 0.00625 0.003125
0 0.55 0.40703125 0.0046875 0.003125
0 0.53046875 0.41875 0.0046875 0.003125
0 0.6609375 0.3421875 0.0078125 0.00625
0 0.7078125 0.2515625 0.0203125 0.0140625
0 0.69140625 0.1015625 0.0140625 0.009375
0 0.26328125 0.05390625 0.015625 0.0078125
0 0.28671875 0.04296875 0.0171875 0.009375
0 0.3203125 0.02265625 0.0171875 0.00625
0 0.3046875 0.0890625 0.015625 0.0109375
0 0.0046875 0.1953125 0.009375 0.009375
0 0.0921875 0.153125 0.0171875 0.0109375
0 0.19765625 0.20546875 0.0140625 0.0125
0 0.13671875 0.27265625 0.0125 0.0078125
0 0.290625 0.22890625 0.0140625 0.009375
0 0.34140625 0.17109375 0.021875 0.0109375
0 0.2765625 0.21640625 0.0125 0.0078125
0 0.10234375 0.31796875 0.0125 0.0078125
0 0.3453125 0.34609375 0.0140625 0.009375
0 0.32734375 0.35390625 0.0046875 0.00625
0 0.23671875 0.4140625 0.0125 0.0046875
0 0.2375 0.421875 0.0078125 0.0046875
0 0.165625 0.45625 0.00625 0.0046875
0 0.275 0.4484375 0.00625 0.0046875
0 0.071875 0.44765625 0.015625 0.0078125
0 0.09296875 0.3953125 0.0078125 0.0046875
0 0.04140625 0.65078125 0.009375 0.00625
0 0.08515625 0.6078125 0.0078125 0.0078125
0 0.01171875 0.5734375 0.0140625 0.009375
0 0.16796875 0.55546875 0.0125 0.00625
0 0.10703125 0.58125 0.00625 0.0046875
0 0.0828125 0.5859375 0.0078125 0.0046875
0 0.07265625 0.6234375 0.0109375 0.00625
0 0.05390625 0.63515625 0.0078125 0.00625
0 0.209375 0.5296875 0.009375 0.00625
0 0.27578125 0.54453125 0.00625 0.00625
0 0.2203125 0.61015625 0.0109375 0.00625
0 0.1875 0.59609375 0.0109375 0.0078125
0 0.16875 0.6609375 0.0109375 0.0078125
0 0.1546875 0.66328125 0.0109375 0.0078125
0 0.1671875 0.67265625 0.009375 0.0078125
0 0.15859375 0.67421875 0.00625 0.00625
0 0.209375 0.62109375 0.009375 0.0046875
0 0.38359375 0.55859375 0.0125 0.0046875
0 0.43203125 0.4890625 0.009375 0.0046875
0 0.36796875 0.528125 0.0125 0.0140625
0 0.3734375 0.55625 0.00625 0.0046875
0 0.4625 0.51796875 0.009375 0.00625
0 0.4703125 0.55859375 0.0109375 0.009375
0 0.440625 0.61640625 0.0078125 0.00625
0 0.421875 0.63125 0.0078125 0.00625
0 0.50859375 0.53671875 0.0078125 0.00625
0 0.5125 0.55234375 0.0078125 0.00625
0 0.5359375 0.5796875 0.0078125 0.0078125
0 0.5578125 0.53984375 0.0078125 0.00625
0 0.5609375 0.49609375 0.0078125 0.0046875
0 0.5625 0.4765625 0.00625 0.0046875
0 0.38203125 0.45078125 0.0109375 0.00625
0 0.4296875 0.6484375 0.0109375 0.0078125
0 0.48671875 0.7015625 0.0109375 0.0078125
0 0.4515625 0.725 0.0125 0.0078125
0 0.45546875 0.7328125 0.0109375 0.0078125
0 0.4546875 0.74140625 0.0078125 0.009375
0 0.46875 0.734375 0.0125 0.0109375
0 0.559375 0.75078125 0.0203125 0.015625
0 0.553125 0.73515625 0.0078125 0.00625
0 0.59453125 0.70078125 0.0078125 0.00625
0 0.6171875 0.64453125 0.0078125 0.00625
0 0.67265625 0.67578125 0.009375 0.009375
0 0.625 0.66484375 0.0109375 0.0140625
0 0.690625 0.765625 0.0125 0.0078125
0 0.6921875 0.81484375 0.009375 0.0078125
0 0.6453125 0.740625 0.00625 0.0046875
0 0.70234375 0.71796875 0.00625 0.0046875
0 0.7328125 0.69140625 0.009375 0.0078125
0 0.7875 0.76015625 0.009375 0.0078125
0 0.78359375 0.74609375 0.009375 0.0109375
0 0.77578125 0.77734375 0.0078125 0.00625
0 0.8546875 0.809375 0.0125 0.0078125
0 0.875 0.94453125 0.009375 0.00625
0 0.78359375 0.93671875 0.0125 0.0078125
0 0.92578125 0.92734375 0.0140625 0.009375
0 0.9546875 0.840625 0.00625 0.0046875
0 0.9421875 0.66328125 0.015625 0.0125
0 0.9796875 0.69453125 0.0109375 0.0078125
0 0.9234375 0.75234375 0.0125 0.0125
1 0.940625 0.6125 0.0265625 0.0265625
1 0.659375 0.5328125 0.0296875 0.0265625
1 0.89609375 0.8328125 0.0234375 0.025
1 0.75625 0.4078125 0.03125 0.0421875
1 0.684375 0.371875 0.0265625 0.0296875
1 0.3453125 0.4109375 0.0265625 0.04375