0 0.1640625 0.00703125 0.034375 0.0140625
0 0.075 0.23671875 0.0375 0.0453125
0 0.021875 0.36953125 0.0203125 0.034375
0 0.23203125 0.21328125 0.0359375 0.0375
0 0.29765625 0.11484375 0.021875 0.01875
0 0.37109375 0.0296875 0.0390625 0.0234375
0 0.38203125 0.134375 0.03125 0.0296875
0 0.48125 0.14609375 0.01875 0.0359375
0 0.45234375 0.2875 0.021875 0.028125
0 0.57265625 0.13828125 0.021875 0.021875
0 0.57734375 0.225 0.0203125 0.028125
0 0.50390625 0.3671875 0.021875 0.0484375
0 0.43671875 0.3875 0.0296875 0.028125
0 0.5 0.4359375 0.0265625 0.0265625
0 0.42890625 0.64609375 0.0375 0.04375
0 0.3421875 0.6796875 0.0359375 0.0296875
0 0.31640625 0.778125 0.0359375 0.05
0 0.28984375 0.8921875 0.021875 0.0328125
0 0.63984375 0.2265625 0.015625 0.0234375
0 0.60390625 0.53203125 0.0453125 0.0515625
0 0.609375 0.60625 0.034375 0.0515625
0 0.64765625 0.54140625 0.01875 0.028125
0 0.68359375 0.54765625 0.021875 0.03125
0 0.68125 0.65703125 0.0265625 0.034375
0 0.78515625 0.41875 0.025 0.025
0 0.77890625 0.6671875 0.025 0.03125
0 0.8515625 0.7453125 0.01875 0.0328125
0 0.7828125 0.778125 0.01875 0.021875
0 0.8734375 0.48828125 0.0234375 0.021875
0 0.640625 0.4265625 0.01875 0.028125
0 0.58203125 0.78203125 0.0375 0.0515625
0 0.35 0.8953125 0.0265625 0.0234375
1 0.2859375 0.240625 0.028125 0.08125
0 0.1125 0.48984375 0.0328125 0.04375
1 0.39296875 0.50390625 0.0296875 0.090625
1 0.64609375 0.7921875 0.0296875 0.0859375
1 0.81796875 0.57421875 0.0390625 0.065625
1 0.91015625 0.61953125 0.040625 0.0890625
1 0.8375 0.90703125 0.0390625 0.09375
0 0.78203125 0.99296875 0.0234375 0.0140625