0 0.3 0.29375 0.0703125 0.0515625
0 0.16484375 0.25703125 0.046875 0.0328125
0 0.4234375 0.33046875 0.04375 0.0421875
0 0.20546875 0.4328125 0.0359375 0.05
0 0.3140625 0.475 0.0484375 0.03125
0 0.4875 0.56640625 0.109375 0.0375
0 0.48671875 0.6640625 0.0734375 0.0328125
0 0.5625 0.72109375 0.071875 0.0296875
0 0.528125 0.6359375 0.0640625 0.034375
0 0.665625 0.734375 0.0171875 0.0125
0 0.634375 0.7296875 0.03125 0.0203125
0 0.528125 0.4328125 0.0265625 0.015625
0 0.54765625 0.35859375 0.021875 0.0140625
0 0.6046875 0.378125 0.0125 0.0109375
0 0.5640625 0.428125 0.015625 0.0140625
0 0.6921875 0.51328125 0.01875 0.0109375
0 0.60546875 0.4296875 0.01875 0.0140625
0 0.63125 0.45078125 0.0171875 0.015625
0 0.45703125 0.43671875 0.021875 0.0125
0 0.428125 0.4296875 0.021875 0.0140625
0 0.390625 0.4140625 0.03125 0.015625
0 0.40234375 0.2234375 0.040625 0.0234375
0 0.10234375 0.10625 0.0375 0.0328125
0 0.18515625 0.15234375 0.0328125 0.0265625
0 0.47265625 0.259375 0.01875 0.009375
0 0.49375 0.28125 0.0171875 0.0125
0 0.53359375 0.3984375 0.0109375 0.009375
0 0.6125 0.46640625 0.015625 0.0109375
1 0.9125 0.29765625 0.01875 0.021875
1 0.9125 0.365625 0.0296875 0.025
1 0.99609375 0.3796875 0.0078125 0.034375