0 0.1234375 0.68984375 0.0578125 0.0421875
0 0.0875 0.6296875 0.0625 0.0390625
0 0.046875 0.58125 0.028125 0.015625
0 0.290625 0.57109375 0.0234375 0.0171875
0 0.23203125 0.553125 0.021875 0.01875
0 0.771875 0.5328125 0.10625 0.0484375
0 0.73984375 0.5921875 0.0390625 0.0375
0 0.77421875 0.703125 0.059375 0.0484375
0 0.79140625 0.94765625 0.05 0.0375
0 0.2546875 0.40703125 0.0296875 0.0265625
0 0.16015625 0.1921875 0.0453125 0.0265625
0 0.35078125 0.24765625 0.04375 0.0265625
0 0.14765625 0.1 0.1015625 0.04375
0 0.103125 0.1828125 0.0484375 0.03125
0 0.18359375 0.28046875 0.0359375 0.0234375
0 0.2875 0.29296875 0.034375 0.021875
0 0.8609375 0.5796875 0.028125 0.01875
1 0.13359375 0.3234375 0.0890625 0.046875
1 0.2484375 0.17109375 0.0578125 0.0375
1 0.090625 0.45234375 0.0953125 0.0515625
0 0.41640625 0.246875 0.0484375 0.025