0 0.15390625 0.39453125 0.040625 0.05
0 0.03359375 0.47109375 0.025 0.046875
0 0.04296875 0.6265625 0.0375 0.0546875
0 0.06171875 0.88203125 0.0453125 0.0453125
0 0.26875 0.93203125 0.05625 0.04375
0 0.3109375 0.83359375 0.025 0.0265625
0 0.1875 0.703125 0.034375 0.034375
0 0.41875 0.71640625 0.0265625 0.0265625
0 0.42734375 0.6140625 0.03125 0.03125
0 0.49375 0.66015625 0.03125 0.046875
0 0.40859375 0.86328125 0.0265625 0.03125
0 0.4921875 0.9015625 0.0171875 0.028125
0 0.50703125 0.3703125 0.0453125 0.0484375
0 0.4359375 0.30234375 0.028125 0.0328125
0 0.50546875 0.59140625 0.0296875 0.040625
0 0.6625 0.47109375 0.0390625 0.0421875
0 0.640625 0.54609375 0.0296875 0.04375
0 0.690625 0.2890625 0.0359375 0.0515625
0 0.4390625 0.20859375 0.034375 0.046875
0 0.44375 0.07734375 0.028125 0.0359375
0 0.75 0.45234375 0.0234375 0.04375
0 0.7234375 0.55859375 0.0171875 0.0359375
0 0.6859375 0.5515625 0.0171875 0.0234375
0 0.64609375 0.65390625 0.0203125 0.0234375
0 0.584375 0.846875 0.0265625 0.0296875
0 0.78125 0.72109375 0.028125 0.04375
0 0.84921875 0.47578125 0.025 0.0265625
0 0.8828125 0.37734375 0.021875 0.0296875
0 0.94375 0.43203125 0.01875 0.025
1 0.75078125 0.28203125 0.01875 0.065625
1 0.9734375 0.25546875 0.0203125 0.08125
1 0.5015625 0.17734375 0.0234375 0.09375
1 0.75625 0.1484375 0.0203125 0.078125
1 0.8328125 0.6125 0.028125 0.096875
0 0.8921875 0.68984375 0.0234375 0.03125