0 0.15390625 0.61640625 0.0484375 0.053125
0 0.203125 0.87421875 0.0546875 0.0578125
0 0.36328125 0.8515625 0.046875 0.053125
0 0.54765625 0.884375 0.040625 0.0515625
0 0.56484375 0.9796875 0.059375 0.040625
0 0.64453125 0.84765625 0.053125 0.0484375
0 0.56640625 0.725 0.03125 0.034375
0 0.50859375 0.6390625 0.05625 0.0453125
0 0.5828125 0.62890625 0.046875 0.0546875
0 0.559375 0.56640625 0.053125 0.0546875
0 0.42578125 0.39140625 0.065625 0.0671875
0 0.33671875 0.378125 0.0390625 0.046875
0 0.265625 0.290625 0.0609375 0.0625
0 0.20703125 0.1890625 0.0328125 0.04375
0 0.53125 0.2171875 0.05625 0.0640625
0 0.61640625 0.378125 0.0421875 0.0515625
0 0.6375 0.44921875 0.040625 0.053125
0 0.6734375 0.31875 0.0375 0.040625
0 0.715625 0.41875 0.0328125 0.05
0 0.76953125 0.271875 0.028125 0.0328125
0 0.8515625 0.50703125 0.0390625 0.0484375
0 0.76953125 0.73671875 0.034375 0.0484375
0 0.73359375 0.8359375 0.0296875 0.025
0 0.7390625 0.17265625 0.0296875 0.0328125
0 0.81640625 0.18359375 0.0296875 0.0328125
0 0.70546875 0.54375 0.03125 0.0359375
1 0.84140625 0.3625 0.040625 0.090625
1 0.4375 0.5203125 0.034375 0.0796875
1 0.35625 0.753125 0.0328125 0.121875