0 0.253125 0.60546875 0.065625 0.0484375
0 0.21171875 0.99375 0.0265625 0.0125
0 0.06640625 0.8484375 0.0265625 0.021875
0 0.634375 0.85703125 0.0265625 0.021875
0 0.72890625 0.71328125 0.0421875 0.028125
0 0.50859375 0.63984375 0.03125 0.025
0 0.20390625 0.7328125 0.0171875 0.0234375
0 0.2578125 0.81875 0.0765625 0.0484375
0 0.296875 0.23671875 0.078125 0.0421875
0 0.275 0.309375 0.084375 0.053125
0 0.64765625 0.55390625 0.0265625 0.01875
0 0.28515625 0.39375 0.046875 0.0359375
0 0.40078125 0.3484375 0.0640625 0.0375
0 0.33203125 0.98359375 0.0578125 0.0328125
0 0.346875 0.86796875 0.05 0.0359375
0 0.4359375 0.75625 0.0234375 0.01875
0 0.54609375 0.7984375 0.0421875 0.028125
0 0.61171875 0.82421875 0.0390625 0.028125
0 0.68359375 0.85078125 0.04375 0.0296875
0 0.759375 0.8875 0.05625 0.053125
0 0.73046875 0.71328125 0.0328125 0.01875
0 0.5109375 0.640625 0.025 0.015625
0 0.47421875 0.70859375 0.0171875 0.015625
0 0.59921875 0.66796875 0.01875 0.0140625
0 0.7078125 0.609375 0.0125 0.009375
0 0.83203125 0.61875 0.01875 0.015625
0 0.91171875 0.62109375 0.0171875 0.0125
0 0.95546875 0.63515625 0.0171875 0.015625
0 0.81953125 0.58984375 0.021875 0.0140625
0 0.79140625 0.5234375 0.021875 0.0125
0 0.834375 0.54921875 0.0140625 0.0078125
0 0.70234375 0.5328125 0.0140625 0.0078125
0 0.74296875 0.5546875 0.0234375 0.0171875
0 0.56171875 0.52109375 0.009375 0.0078125
0 0.3890625 0.59375 0.028125 0.01875
0 0.54375 0.7359375 0.028125 0.0203125
0 0.175 0.6828125 0.0203125 0.0203125
0 0.2734375 0.70625 0.0125 0.009375
0 0.05234375 0.76015625 0.021875 0.0140625
0 0.11015625 0.78046875 0.0265625 0.01875
0 0.05625 0.53125 0.028125 0.0140625
0 0.40625 0.475 0.028125 0.0140625
0 0.353125 0.4734375 0.01875 0.0109375
0 0.2125 0.4859375 0.040625 0.0234375
0 0.375 0.53671875 0.040625 0.03125
0 0.0703125 0.6859375 0.0375 0.0296875
0 0.36953125 0.20625 0.05 0.028125
0 0.15234375 0.35625 0.059375 0.03125
0 0.50546875 0.3890625 0.0703125 0.040625
0 0.11015625 0.13828125 0.053125 0.03125
0 0.07109375 0.2703125 0.0265625 0.0171875
0 0.25546875 0.44453125 0.0171875 0.0109375
0 0.28671875 0.44765625 0.0109375 0.009375
0 0.4359375 0.60625 0.0140625 0.0125
0 0.16875 0.90234375 0.028125 0.0140625
0 0.38671875 0.78125 0.03125 0.025