0 0.17890625 0.42734375 0.046875 0.0328125
0 0.29375 0.42421875 0.03984375 0.0296875
0 0.35625 0.46015625 0.03984375 0.03046875
0 0.4578125 0.39453125 0.03046875 0.01953125
0 0.446875 0.44296875 0.02109375 0.015625
0 0.3421875 0.2671875 0.06015625 0.0265625
0 0.0984375 0.434375 0.05703125 0.02421875
0 0.57265625 0.60390625 0.01875 0.02578125
0 0.50703125 0.67890625 0.0796875 0.0171875
0 0.4984375 0.24609375 0.0328125 0.015625
0 0.57421875 0.6046875 0.0234375 0.0171875
0 0.334375 0.74609375 0.03515625 0.02265625
0 0.50390625 0.678125 0.084375 0.0140625
0 0.30859375 0.84375 0.075 0.02890625
0 0.5515625 0.1546875 0.01328125 0.009375
0 0.4421875 0.0640625 0.07421875 0.01328125
0 0.5703125 0.09140625 0.025 0.01796875
0 0.6265625 0.10546875 0.025 0.01015625
0 0.6171875 0.090625 0.01953125 0.01171875
1 0.34921875 0.10625 0.06328125 0.0140625
1 0.63125 0.19375 0.046875 0.02265625
1 0.49765625 0.03828125 0.0703125 0.0125