0 0.0953125 0.36875 0.053125 0.0640625
0 0.159375 0.31953125 0.03125 0.0390625
0 0.10078125 0.10703125 0.03125 0.028125
0 0.18359375 0.4203125 0.046875 0.0578125
0 0.24921875 0.65859375 0.0484375 0.065625
0 0.3078125 0.51328125 0.04375 0.0609375
0 0.28671875 0.40703125 0.0515625 0.0625
0 0.34140625 0.25546875 0.046875 0.06875
0 0.365625 0.43828125 0.05625 0.0671875
0 0.3921875 0.5046875 0.040625 0.059375
0 0.34609375 0.51015625 0.025 0.034375
0 0.39140625 0.61796875 0.0296875 0.03125
0 0.53125 0.35 0.0546875 0.0703125
0 0.59765625 0.19140625 0.04375 0.0609375
0 0.5953125 0.08046875 0.0359375 0.046875
0 0.59375 0.596875 0.0375 0.0265625
0 0.52578125 0.5703125 0.0328125 0.0359375
0 0.540625 0.63125 0.0234375 0.0421875
0 0.4375 0.809375 0.0265625 0.034375
0 0.60625 0.69140625 0.0265625 0.025
0 0.503125 0.78515625 0.0265625 0.034375
0 0.53828125 0.87578125 0.0234375 0.03125
0 0.6125 0.83984375 0.034375 0.0453125
0 0.70859375 0.81640625 0.0296875 0.0328125
0 0.75234375 0.91640625 0.0375 0.0421875
0 0.84140625 0.71328125 0.0546875 0.0359375
0 0.87578125 0.4109375 0.0453125 0.05
0 0.98984375 0.496875 0.0203125 0.040625
0 0.975 0.65234375 0.0359375 0.05
0 0.9625 0.8875 0.0359375 0.0453125
1 0.1859375 0.559375 0.0390625 0.1109375
1 0.03671875 0.57421875 0.0421875 0.1171875
1 0.27421875 0.17421875 0.0375 0.10625
1 0.015625 0.42890625 0.03125 0.1015625