0 0.146875 0.26796875 0.0234375 0.021875
0 0.2140625 0.234375 0.01796875 0.0234375
0 0.21953125 0.34375 0.01796875 0.03671875
0 0.41484375 0.22734375 0.0203125 0.04765625
0 0.315625 0.353125 0.03046875 0.0421875
0 0.38984375 0.40390625 0.0359375 0.0453125
0 0.3125 0.4625 0.01796875 0.0359375
0 0.3515625 0.46875 0.0140625 0.01875
0 0.3921875 0.475 0.02890625 0.02890625
0 0.21640625 0.58828125 0.02734375 0.04140625
0 0.12734375 0.52109375 0.01640625 0.021875
0 0.3640625 0.58125 0.01796875 0.01875
0 0.378125 0.7 0.01484375 0.021875
0 0.36484375 0.78359375 0.01640625 0.025
0 0.43515625 0.86328125 0.0140625 0.021875
0 0.521875 0.8578125 0.0203125 0.03046875
0 0.42890625 0.78125 0.01796875 0.01875
0 0.5015625 0.63515625 0.0234375 0.02890625
0 0.50703125 0.56875 0.025 0.04140625
0 0.57109375 0.621875 0.0203125 0.03046875
0 0.5625 0.36796875 0.03125 0.04140625
0 0.67265625 0.22578125 0.02734375 0.05234375
0 0.64921875 0.3234375 0.01875 0.03125
0 0.7015625 0.11484375 0.01875 0.02734375
0 0.88671875 0.51015625 0.0203125 0.04140625
0 0.77265625 0.78984375 0.02734375 0.02890625
0 0.6234375 0.8671875 0.0140625 0.021875
0 0.64140625 0.97421875 0.0359375 0.034375
0 0.9234375 0.76640625 0.021875 0.02578125
0 0.978125 0.62734375 0.0203125 0.02734375
0 0.840625 0.9890625 0.028125 0.021875
0 0.7078125 0.88515625 0.01796875 0.01875
1 0.06484375 0.621875 0.01796875 0.08046875
1 0.05859375 0.4234375 0.01875 0.06953125
1 0.171875 0.65859375 0.009375 0.09140625
0 0.21015625 0.80703125 0.0125 0.021875
0 0.2265625 0.703125 0.0125 0.021875
0 0.3171875 0.93984375 0.01640625 0.025
0 0.41015625 0.88125 0.0140625 0.0203125
1 0.303125 0.8046875 0.01484375 0.0671875
1 0.31015625 0.603125 0.0140625 0.046875
1 0.55625 0.47421875 0.025 0.075
0 0.64375 0.11171875 0.01484375 0.01484375
0 0.64375 0.08125 0.021875 0.01484375
0 0.21484375 0.015625 0.0140625 0.01796875