0 0.37109375 0.41484375 0.0328125 0.0421875
0 0.47578125 0.45703125 0.0453125 0.0359375
0 0.60078125 0.5125 0.0609375 0.0546875
0 0.671875 0.46796875 0.01875 0.015625
0 0.79765625 0.5359375 0.0125 0.009375
0 0.8484375 0.59921875 0.0140625 0.0140625
0 0.890625 0.65703125 0.015625 0.0171875
0 0.89921875 0.6765625 0.0125 0.0125
0 0.91015625 0.69609375 0.0125 0.009375
0 0.8875 0.725 0.0109375 0.00625
0 0.48203125 0.8125 0.0359375 0.025
0 0.57265625 0.86484375 0.0421875 0.040625
0 0.53515625 0.8109375 0.0234375 0.0328125
0 0.64609375 0.98203125 0.0359375 0.0203125
0 0.42265625 0.590625 0.03125 0.0296875
0 0.25390625 0.25625 0.0109375 0.00625
0 0.26640625 0.26953125 0.0109375 0.00625
0 0.2515625 0.2328125 0.00625 0.0046875
0 0.44453125 0.303125 0.009375 0.00625
0 0.50859375 0.36640625 0.009375 0.0046875
0 0.5203125 0.38984375 0.0265625 0.0203125
0 0.459375 0.41015625 0.0359375 0.03125
0 0.58125 0.34140625 0.0140625 0.009375
0 0.9125 0.9234375 0.0140625 0.009375
0 0.9828125 0.9 0.009375 0.0078125
0 0.96875 0.890625 0.0078125 0.00625
1 0.75 0.8328125 0.0265625 0.03125
1 0.8859375 0.8375 0.021875 0.021875
1 0.99140625 0.80625 0.0171875 0.03125