1 0.82421875 0.753125 0.0234375 0.0640625
1 0.7953125 0.7125 0.0203125 0.0578125
1 0.88515625 0.69921875 0.01875 0.0625
0 0.84140625 0.30078125 0.0265625 0.01875
0 0.75234375 0.31015625 0.0875 0.03125
0 0.7203125 0.51953125 0.0328125 0.034375
0 0.70625 0.59140625 0.0203125 0.0328125
0 0.69375 0.62265625 0.075 0.0359375
0 0.49765625 0.446875 0.0109375 0.0125
0 0.5078125 0.4546875 0.0109375 0.0125
0 0.54765625 0.4640625 0.0140625 0.021875
0 0.29453125 0.3921875 0.021875 0.01875
0 0.35703125 0.4015625 0.0125 0.015625
0 0.3734375 0.396875 0.0125 0.0203125
0 0.40625 0.39140625 0.0109375 0.0125
0 0.4265625 0.3171875 0.0171875 0.021875
0 0.43203125 0.2890625 0.0125 0.0140625
0 0.2546875 0.546875 0.040625 0.028125
0 0.196875 0.59921875 0.0875 0.0546875
0 0.30859375 0.5921875 0.0734375 0.04375
0 0.39765625 0.63828125 0.0125 0.0171875
0 0.4125 0.64375 0.0140625 0.0171875
0 0.55703125 0.62734375 0.065625 0.0359375
0 0.47421875 0.6328125 0.05625 0.028125
0 0.6578125 0.9921875 0.0171875 0.0109375
0 0.62578125 0.9640625 0.01875 0.021875
0 0.54296875 0.896875 0.0171875 0.0171875
0 0.52421875 0.91953125 0.0140625 0.0125
0 0.56328125 0.87578125 0.015625 0.0171875
0 0.696875 0.73671875 0.0203125 0.021875
0 0.71796875 0.71171875 0.015625 0.0203125
0 0.625 0.25546875 0.040625 0.01875