1 0.86015625 0.69921875 0.0140625 0.06328125
1 0.825 0.66328125 0.0109375 0.05703125
1 0.91171875 0.63671875 0.00859375 0.06171875
0 0.80625 0.25 0.02421875 0.01484375
0 0.71953125 0.27265625 0.0859375 0.01796875
0 0.7203125 0.48515625 0.028125 0.03046875
0 0.71796875 0.5578125 0.01640625 0.03046875
0 0.71015625 0.590625 0.071875 0.02421875
0 0.4890625 0.44765625 0.009375 0.01171875
0 0.50078125 0.45390625 0.009375 0.01171875
0 0.54140625 0.45703125 0.0109375 0.02109375
0 0.28046875 0.42578125 0.0203125 0.01640625
0 0.34375 0.425 0.0109375 0.01484375
0 0.35859375 0.41796875 0.01015625 0.01953125
0 0.390625 0.40703125 0.009375 0.01171875
0 0.39921875 0.33125 0.0140625 0.01953125
0 0.4 0.30234375 0.0109375 0.01328125
0 0.26484375 0.584375 0.03828125 0.02265625
0 0.21640625 0.6453125 0.08125 0.0421875
0 0.32578125 0.62109375 0.06953125 0.0328125
0 0.4203125 0.65234375 0.01015625 0.01640625
0 0.4359375 0.65546875 0.01171875 0.01484375
0 0.5765625 0.6171875 0.0625 0.02578125
0 0.4953125 0.63515625 0.053125 0.01953125
0 0.7328125 0.96171875 0.015625 0.009375
0 0.696875 0.93828125 0.015625 0.01953125
0 0.6046875 0.88515625 0.015625 0.01484375
0 0.58984375 0.91015625 0.0125 0.0109375
0 0.62109375 0.8609375 0.0140625 0.01484375
0 0.73125 0.703125 0.01796875 0.01953125
0 0.7484375 0.675 0.01328125 0.01796875
0 0.58515625 0.2390625 0.0390625 0.01328125