0 0.07421875 0.0765625 0.0453125 0.0421875
0 0.0359375 0.3140625 0.028125 0.04375
0 0.0078125 0.45703125 0.015625 0.0203125
0 0.18203125 0.26796875 0.03125 0.0359375
0 0.23203125 0.15703125 0.021875 0.0203125
0 0.28828125 0.0609375 0.0421875 0.034375
0 0.315625 0.16328125 0.021875 0.021875
0 0.2328125 0.128125 0.0203125 0.015625
0 0.415625 0.15234375 0.0203125 0.028125
0 0.4984375 0.128125 0.021875 0.025
0 0.41015625 0.29765625 0.0265625 0.025
0 0.4078125 0.39140625 0.025 0.0328125
0 0.4734375 0.36640625 0.0296875 0.0328125
0 0.4828125 0.43359375 0.034375 0.0359375
0 0.51875 0.06015625 0.015625 0.021875
0 0.521875 0.21484375 0.015625 0.015625
0 0.58515625 0.2015625 0.01875 0.025
0 0.60078125 0.03828125 0.015625 0.0296875
0 0.6078125 0.50859375 0.0328125 0.0453125
0 0.62578125 0.5796875 0.0453125 0.040625
0 0.70390625 0.615625 0.0359375 0.0453125
0 0.45859375 0.653125 0.040625 0.0375
0 0.38203125 0.7 0.0359375 0.03125
0 0.37421875 0.8046875 0.0375 0.0515625
0 0.36875 0.9125 0.021875 0.0328125
0 0.63046875 0.759375 0.034375 0.040625
0 0.690625 0.50546875 0.021875 0.028125
0 0.76796875 0.36796875 0.028125 0.028125
0 0.80703125 0.60859375 0.01875 0.034375
0 0.653125 0.5046875 0.0171875 0.025
0 0.7359375 0.14765625 0.015625 0.0203125
0 0.865625 0.415625 0.01875 0.028125
0 0.88671875 0.6671875 0.0171875 0.0328125
0 0.8296875 0.71875 0.0234375 0.0359375
0 0.86796875 0.93359375 0.015625 0.0234375
1 0.78671875 0.24765625 0.0234375 0.0640625
1 0.903125 0.2609375 0.0234375 0.0734375
1 0.6828125 0.71171875 0.025 0.0890625
1 0.453125 0.8671875 0.0328125 0.06875