0 0.1359375 0.471875 0.0515625 0.05625
0 0.08046875 0.72890625 0.0578125 0.0609375
0 0.23671875 0.7703125 0.05 0.0546875
0 0.39375 0.871875 0.04375 0.053125
0 0.37265625 0.96640625 0.0609375 0.0453125
0 0.496875 0.87578125 0.05625 0.0515625
0 0.4734375 0.73359375 0.034375 0.0359375
0 0.453125 0.63203125 0.0578125 0.05
0 0.52578125 0.6515625 0.05 0.05625
0 0.52890625 0.584375 0.0578125 0.0578125
0 0.47421875 0.37109375 0.0703125 0.071875
0 0.39765625 0.32421875 0.0421875 0.0484375
0 0.36640625 0.215625 0.0640625 0.065625
0 0.3515625 0.09921875 0.0359375 0.0453125
0 0.6390625 0.25234375 0.0609375 0.0671875
0 0.65546875 0.43359375 0.046875 0.0546875
0 0.64609375 0.50703125 0.04375 0.0546875
0 0.73046875 0.4015625 0.0390625 0.0421875
0 0.73046875 0.509375 0.0359375 0.0515625
0 0.83671875 0.3953125 0.0296875 0.034375
0 0.82109375 0.64375 0.0421875 0.0515625
0 0.65546875 0.82265625 0.0375 0.05
0 0.58359375 0.9 0.03125 0.0265625
0 0.8484375 0.2921875 0.0328125 0.034375
0 0.91484375 0.33203125 0.0328125 0.034375
0 0.671875 0.6203125 0.0328125 0.0375
1 0.86796875 0.50703125 0.046875 0.090625
1 0.434375 0.49453125 0.040625 0.0796875
1 0.26875 0.6765625 0.04375 0.1203125