0 0.3640625 0.14453125 0.0625 0.05
0 0.4375 0.15078125 0.0671875 0.109375
0 0.553125 0.06796875 0.0328125 0.0265625
0 0.540625 0.16171875 0.028125 0.028125
0 0.64375 0.19609375 0.028125 0.0328125
0 0.7046875 0.31796875 0.0453125 0.046875
0 0.34375 0.31015625 0.0234375 0.025
0 0.34453125 0.3375 0.0203125 0.0296875
0 0.36015625 0.4296875 0.0390625 0.04375
0 0.4140625 0.43125 0.021875 0.0234375
0 0.403125 0.534375 0.01875 0.0265625
0 0.40078125 0.56796875 0.025 0.028125
0 0.39609375 0.61328125 0.0421875 0.065625
0 0.575 0.52265625 0.028125 0.0296875
0 0.56953125 0.5484375 0.0203125 0.0234375
0 0.5578125 0.58828125 0.0265625 0.0265625
0 0.54296875 0.6390625 0.0234375 0.028125
0 0.6453125 0.51875 0.0203125 0.028125
0 0.6234375 0.5796875 0.025 0.0296875
0 0.7046875 0.38046875 0.0171875 0.0140625
0 0.3890625 0.72734375 0.0390625 0.0390625
0 0.33984375 0.73515625 0.028125 0.0328125
0 0.36796875 0.746875 0.025 0.01875
0 0.3953125 0.77578125 0.028125 0.0265625
0 0.4375 0.7109375 0.034375 0.0390625
1 0.621875 0.0609375 0.0390625 0.0515625
1 0.87265625 0.1484375 0.0375 0.0625
1 0.28046875 0.2109375 0.0296875 0.0671875