0 0.159375 0.01328125 0.05 0.0265625
0 0.0828125 0.23515625 0.040625 0.040625
0 0.025 0.36328125 0.01875 0.0265625
0 0.37265625 0.028125 0.05 0.0359375
0 0.3015625 0.1125 0.021875 0.025
0 0.38828125 0.13359375 0.025 0.03125
0 0.228125 0.2109375 0.034375 0.0421875
0 0.11796875 0.4921875 0.0328125 0.0484375
0 0.321875 0.7765625 0.0515625 0.065625
0 0.34765625 0.678125 0.03125 0.0359375
0 0.43046875 0.3828125 0.028125 0.0390625
0 0.42890625 0.640625 0.046875 0.0640625
0 0.496875 0.4328125 0.0296875 0.034375
0 0.45234375 0.2859375 0.025 0.03125
0 0.50078125 0.3640625 0.0359375 0.0421875
0 0.4828125 0.146875 0.0328125 0.0421875
0 0.6484375 0.22734375 0.03125 0.034375
0 0.575 0.140625 0.0234375 0.0296875
0 0.60625 0.53515625 0.0515625 0.059375
0 0.6109375 0.603125 0.0625 0.0578125
0 0.5796875 0.77421875 0.05 0.075
0 0.6796875 0.64453125 0.0375 0.05625
0 0.684375 0.54453125 0.0328125 0.04375
0 0.65390625 0.5390625 0.01875 0.0375
0 0.6359375 0.42265625 0.0375 0.040625
0 0.78671875 0.4140625 0.0375 0.0484375
0 0.7765625 0.66015625 0.0375 0.0421875
0 0.8515625 0.734375 0.0234375 0.0390625
0 0.77890625 0.77265625 0.0328125 0.03125
1 0.825 0.540625 0.04375 0.1203125
1 0.92578125 0.3171875 0.040625 0.1015625
1 0.403125 0.52421875 0.0421875 0.1015625
1 0.2046875 0.4484375 0.034375 0.1015625