0 0.034375 0.4484375 0.0234375 0.040625
0 0.040625 0.60859375 0.0390625 0.06875
0 0.04140625 0.86328125 0.040625 0.0515625
0 0.253125 0.91640625 0.059375 0.0484375
0 0.18125 0.68828125 0.03125 0.0390625
0 0.29921875 0.82578125 0.0171875 0.04375
0 0.16015625 0.375 0.0265625 0.0390625
0 0.21171875 0.55 0.01875 0.021875
0 0.42578125 0.6109375 0.0515625 0.0375
0 0.40859375 0.709375 0.021875 0.0296875
0 0.3984375 0.859375 0.0234375 0.0421875
0 0.4765625 0.9046875 0.021875 0.034375
0 0.48671875 0.65703125 0.0328125 0.0453125
0 0.51015625 0.3671875 0.05 0.059375
0 0.50390625 0.58828125 0.0328125 0.034375
0 0.50703125 0.82421875 0.01875 0.0234375
0 0.43984375 0.30078125 0.0375 0.0375
0 0.4453125 0.1890625 0.040625 0.0671875
0 0.45859375 0.075 0.0203125 0.0203125
0 0.55546875 0.075 0.021875 0.040625
0 0.209375 0.81171875 0.01875 0.021875
0 0.571875 0.84375 0.021875 0.0375
0 0.6390625 0.6640625 0.01875 0.021875
0 0.64375 0.54296875 0.028125 0.034375
0 0.70234375 0.2984375 0.0375 0.05
0 0.75234375 0.4609375 0.034375 0.040625
0 0.67109375 0.4828125 0.0328125 0.0375
0 0.68671875 0.5578125 0.01875 0.021875
0 0.725 0.56484375 0.021875 0.0421875
0 0.77421875 0.72734375 0.0328125 0.034375
0 0.85078125 0.490625 0.0265625 0.034375
0 0.88671875 0.3828125 0.0171875 0.028125
0 0.94296875 0.44609375 0.01875 0.0296875
1 0.83203125 0.61875 0.0125 0.053125
1 0.88828125 0.87265625 0.015625 0.06875
1 0.44921875 0.45234375 0.0171875 0.0734375
1 0.69609375 0.3921875 0.015625 0.0546875
1 0.2390625 0.45546875 0.0234375 0.0765625