1 0.5921875 0.0953125 0.0375 0.0515625
1 0.22890625 0.0234375 0.15703125 0.01640625
1 0.07578125 0.08515625 0.11953125 0.01484375
1 0.82109375 0.12265625 0.0265625 0.028125
1 0.3515625 0.14296875 0.0359375 0.0796875
0 0.32421875 0.3515625 0.0203125 0.01796875
0 0.37578125 0.3671875 0.028125 0.025
0 0.37421875 0.31171875 0.01015625 0.0078125
0 0.37421875 0.3296875 0.01171875 0.00859375
0 0.3703125 0.34453125 0.01484375 0.01171875
0 0.43359375 0.28046875 0.01171875 0.01328125
0 0.434375 0.34296875 0.0125 0.01171875
0 0.50078125 0.35 0.00703125 0.01328125
0 0.5484375 0.4171875 0.0265625 0.025
0 0.5703125 0.37890625 0.0125 0.01796875
0 0.5765625 0.2046875 0.0125 0.00859375
0 0.628125 0.22109375 0.01875 0.01328125
0 0.68125 0.23828125 0.0140625 0.00703125
0 0.33359375 0.471875 0.01796875 0.0421875
0 0.3984375 0.4703125 0.00703125 0.0234375
0 0.38828125 0.5265625 0.00859375 0.021875
0 0.3921875 0.5828125 0.01015625 0.01328125
0 0.396875 0.5984375 0.0125 0.015625
0 0.3984375 0.62578125 0.0171875 0.0375
0 0.49140625 0.553125 0.0171875 0.015625
0 0.490625 0.56796875 0.009375 0.0109375
0 0.48671875 0.59296875 0.01171875 0.00859375
0 0.48515625 0.621875 0.009375 0.01328125
0 0.53203125 0.54375 0.0140625 0.015625
0 0.5265625 0.58125 0.01171875 0.0140625
0 0.946875 0.09140625 0.0203125 0.0109375
0 0.990625 0.10703125 0.01875 0.0078125
0 0.88984375 0.17890625 0.0171875 0.0109375
0 0.9125 0.209375 0.0140625 0.0109375
0 0.95625 0.221875 0.0234375 0.0171875
0 0.89375 0.22890625 0.01484375 0.0203125