0 0.29296875 0.18046875 0.05625 0.0390625
0 0.36640625 0.17109375 0.04765625 0.10234375
0 0.4625 0.06640625 0.028125 0.021875
0 0.46953125 0.1609375 0.02421875 0.0234375
0 0.57734375 0.17265625 0.02265625 0.028125
0 0.6625 0.2796875 0.0375 0.040625
0 0.3078125 0.346875 0.01875 0.02109375
0 0.3140625 0.3734375 0.01484375 0.0265625
0 0.3484375 0.46015625 0.03203125 0.0375
0 0.4015625 0.45078125 0.01875 0.0203125
0 0.4125 0.55390625 0.01484375 0.0234375
0 0.4171875 0.58671875 0.0203125 0.02421875
0 0.421875 0.63203125 0.0296875 0.0609375
0 0.578125 0.50625 0.02421875 0.025
0 0.578125 0.5328125 0.0171875 0.0203125
0 0.575 0.57421875 0.02265625 0.021875
0 0.57109375 0.62734375 0.01875 0.025
0 0.64609375 0.48828125 0.01484375 0.025
0 0.6375 0.55234375 0.0203125 0.0265625
0 0.67578125 0.340625 0.01484375 0.01171875
0 0.4390625 0.7453125 0.03359375 0.0328125
0 0.3921875 0.76328125 0.02265625 0.028125
0 0.421875 0.76875 0.02265625 0.01484375
0 0.4546875 0.79140625 0.02421875 0.021875
0 0.4828125 0.71953125 0.028125 0.03359375
1 0.528125 0.0453125 0.0296875 0.04609375
1 0.79140625 0.07890625 0.02578125 0.05859375
1 0.225 0.26328125 0.0171875 0.06484375