0 0.7796875 0.4625 0.05625 0.028125
0 0.521875 0.21171875 0.0390625 0.028125
0 0.375 0.35234375 0.025 0.015625
0 0.3078125 0.52578125 0.03984375 0.04609375
0 0.4328125 0.49296875 0.02109375 0.0140625
0 0.43828125 0.51484375 0.01640625 0.015625
0 0.3890625 0.3296875 0.0328125 0.01953125
0 0.265625 0.553125 0.0265625 0.01171875
0 0.43984375 0.65546875 0.0234375 0.0203125
0 0.47265625 0.7734375 0.01953125 0.01015625
0 0.21640625 0.7015625 0.025 0.01484375
0 0.39140625 0.3890625 0.01484375 0.01015625
0 0.1359375 0.74296875 0.02109375 0.01953125
0 0.075 0.734375 0.02109375 0.01171875
0 0.525 0.76796875 0.02109375 0.015625
0 0.515625 0.8015625 0.0234375 0.0265625
0 0.50859375 0.878125 0.02109375 0.01796875
0 0.59921875 0.9828125 0.03125 0.02421875
0 0.03828125 0.84140625 0.01953125 0.0140625
0 0.61875 0.8671875 0.02109375 0.01953125
0 0.5140625 0.14296875 0.0375 0.02890625
1 0.8328125 0.6328125 0.040625 0.06953125
1 0.47890625 0.4484375 0.0375 0.06171875
1 0.3390625 0.7203125 0.03203125 0.07578125