0 0.35390625 0.48125 0.01328125 0.0125
0 0.3578125 0.465625 0.025 0.0125
0 0.36328125 0.671875 0.00859375 0.00859375
0 0.37734375 0.68203125 0.01484375 0.0125
0 0.23984375 0.81953125 0.0140625 0.01171875
0 0.21484375 0.60546875 0.00859375 0.00859375
0 0.21875 0.57578125 0.01328125 0.009375
0 0.25703125 0.60390625 0.01328125 0.00859375
0 0.3 0.5046875 0.01171875 0.01640625
0 0.49765625 0.50546875 0.01484375 0.0109375
0 0.54296875 0.51796875 0.01328125 0.0125
0 0.5796875 0.421875 0.01875 0.02265625
0 0.17421875 0.39140625 0.0265625 0.01171875
0 0.20078125 0.38125 0.02578125 0.009375
0 0.23125 0.371875 0.02421875 0.01015625
0 0.2546875 0.36484375 0.0296875 0.00859375
0 0.02421875 0.275 0.040625 0.009375
0 0.01015625 0.3015625 0.01875 0.0265625
0 0.09609375 0.27109375 0.0625 0.00703125
0 0.84453125 0.46875 0.04375 0.01171875
0 0.940625 0.43203125 0.02578125 0.0109375
0 0.94921875 0.41640625 0.0140625 0.0078125
0 0.93203125 0.3953125 0.01953125 0.00859375
0 0.43515625 0.6421875 0.0140625 0.0140625
0 0.4140625 0.58828125 0.01015625 0.00859375
0 0.43828125 0.59140625 0.01171875 0.009375
0 0.22734375 0.52421875 0.0109375 0.00859375
0 0.23984375 0.5015625 0.01484375 0.0078125
0 0.1796875 0.6421875 0.01171875 0.0203125
0 0.16953125 0.6828125 0.0078125 0.028125