0 0.425 0.596875 0.028125 0.015625
0 0.4578125 0.56875 0.025 0.0125
0 0.47421875 0.55546875 0.021875 0.0140625
0 0.4953125 0.53515625 0.0203125 0.0140625
0 0.51953125 0.52109375 0.0234375 0.0109375
0 0.3875 0.6359375 0.0171875 0.0109375
0 0.39453125 0.6265625 0.015625 0.0109375
0 0.3390625 0.671875 0.028125 0.0125
0 0.26328125 0.7609375 0.053125 0.021875
0 0.225 0.79609375 0.0203125 0.0171875
0 0.19453125 0.8265625 0.0203125 0.015625
0 0.25390625 0.8578125 0.0625 0.0359375
0 0.50859375 0.60703125 0.03125 0.0171875
0 0.5875 0.4859375 0.05625 0.028125
0 0.71796875 0.45703125 0.0625 0.028125
0 0.63828125 0.453125 0.01875 0.0140625
0 0.5203125 0.54765625 0.0265625 0.009375
0 0.575 0.56171875 0.05 0.021875
0 0.215625 0.93671875 0.046875 0.034375
0 0.79921875 0.38515625 0.0171875 0.0078125
0 0.8171875 0.4421875 0.015625 0.0140625
0 0.89609375 0.43671875 0.025 0.009375
0 0.928125 0.4140625 0.025 0.0140625
0 0.1671875 0.86640625 0.0203125 0.0140625