0 0.23359375 0.16328125 0.0328125 0.025
0 0.33828125 0.21484375 0.0359375 0.021875
0 0.3640625 0.26015625 0.046875 0.0390625
0 0.425 0.26328125 0.03125 0.028125
0 0.5234375 0.29453125 0.021875 0.0140625
0 0.44609375 0.3046875 0.0265625 0.0203125
0 0.30859375 0.2953125 0.03125 0.0234375
0 0.34453125 0.32265625 0.028125 0.01875
0 0.4140625 0.34609375 0.05625 0.0390625
0 0.46953125 0.34609375 0.034375 0.03125
0 0.5421875 0.38203125 0.0453125 0.0453125
0 0.58125 0.36875 0.0328125 0.03125
0 0.5953125 0.40078125 0.0125 0.0125
0 0.58125 0.4890625 0.034375 0.0515625
0 0.52734375 0.5234375 0.0453125 0.034375
0 0.54609375 0.109375 0.0234375 0.015625
0 0.6171875 0.15234375 0.04375 0.0265625
0 0.74765625 0.19140625 0.0953125 0.05625
0 0.8765625 0.2421875 0.0546875 0.040625
0 0.95078125 0.28515625 0.0609375 0.0484375
0 0.23359375 0.0984375 0.0234375 0.01875