0 0.115625 0.36953125 0.03125 0.01875
0 0.396875 0.29609375 0.02265625 0.0328125
0 0.0453125 0.34453125 0.034375 0.0109375
0 0.39375 0.5953125 0.03984375 0.0390625
0 0.359375 0.6453125 0.034375 0.03203125
0 0.3109375 0.68828125 0.034375 0.034375
0 0.24296875 0.365625 0.05546875 0.0203125
0 0.51875 0.4734375 0.02734375 0.0125
0 0.4671875 0.4515625 0.009375 0.00625
0 0.49375 0.45703125 0.00859375 0.00390625
0 0.4828125 0.3875 0.01640625 0.00859375
0 0.50625 0.40546875 0.01328125 0.00859375
0 0.56875 0.390625 0.01484375 0.0078125
0 0.58828125 0.3828125 0.00625 0.00390625
0 0.5109375 0.371875 0.009375 0.00703125
0 0.53046875 0.38671875 0.0109375 0.0078125
0 0.4328125 0.3046875 0.0234375 0.01015625
0 0.43046875 0.3328125 0.01640625 0.02578125
0 0.45625 0.3 0.0140625 0.0125
0 0.31953125 0.2671875 0.025 0.009375
0 0.33359375 0.40234375 0.0328125 0.01015625
0 0.56484375 0.4515625 0.0109375 0.01171875
0 0.590625 0.4703125 0.015625 0.01015625
0 0.6109375 0.4859375 0.021875 0.009375
0 0.6984375 0.52265625 0.03046875 0.0171875
0 0.73515625 0.5484375 0.02421875 0.01015625
0 0.76328125 0.5765625 0.02109375 0.01796875
0 0.75546875 0.51953125 0.0125 0.00546875
0 0.80703125 0.528125 0.0265625 0.0125
0 0.52421875 0.5546875 0.01796875 0.015625
0 0.31640625 0.4296875 0.03046875 0.0125
1 0.3953125 0.4421875 0.040625 0.0109375
1 0.4546875 0.47734375 0.01171875 0.0109375