0 0.4078125 0.58046875 0.02578125 0.0109375
0 0.4453125 0.559375 0.02421875 0.00859375
0 0.4640625 0.54921875 0.01953125 0.01015625
0 0.4890625 0.53359375 0.01796875 0.01015625
0 0.51484375 0.52421875 0.02265625 0.00625
0 0.3640625 0.61171875 0.015625 0.0078125
0 0.37265625 0.60390625 0.0140625 0.00859375
0 0.309375 0.63828125 0.02734375 0.00703125
0 0.21796875 0.7109375 0.0515625 0.0125
0 0.1734375 0.73828125 0.01875 0.01328125
0 0.1375 0.7625 0.01875 0.01171875
0 0.18984375 0.80390625 0.05859375 0.025
0 0.48828125 0.60703125 0.0296875 0.01171875
0 0.58828125 0.503125 0.05390625 0.01875
0 0.721875 0.49921875 0.06015625 0.01640625
0 0.64453125 0.48046875 0.0171875 0.0109375
0 0.5109375 0.55078125 0.02578125 0.0046875
0 0.56171875 0.575 0.0484375 0.0125
0 0.1375 0.87421875 0.04296875 0.02734375
0 0.815625 0.44453125 0.0171875 0.0046875
0 0.82265625 0.50390625 0.0140625 0.0109375
0 0.90078125 0.51328125 0.02421875 0.00546875
0 0.93671875 0.49765625 0.02421875 0.009375
0 0.103125 0.79609375 0.01875 0.0109375