0 0.346875 0.10859375 0.03046875 0.02890625
0 0.3671875 0.21875 0.04140625 0.0546875
0 0.390625 0.3203125 0.02890625 0.04296875
0 0.47109375 0.36953125 0.04609375 0.0546875
0 0.6359375 0.2546875 0.03046875 0.0546875
0 0.14296875 0.48828125 0.04609375 0.04921875
0 0.084375 0.73671875 0.0359375 0.04140625
0 0.246875 0.7703125 0.02890625 0.0328125
0 0.37890625 0.978125 0.04296875 0.034375
0 0.159375 0.97265625 0.04453125 0.03046875
0 0.45703125 0.63125 0.02890625 0.03046875
0 0.5296875 0.584375 0.034375 0.034375
0 0.5328125 0.65546875 0.02890625 0.04609375
0 0.47421875 0.72421875 0.021875 0.02578125
0 0.50234375 0.88203125 0.04140625 0.04140625
0 0.39609375 0.8765625 0.02578125 0.0390625
0 0.5921875 0.8921875 0.021875 0.02421875
0 0.65234375 0.50234375 0.021875 0.034375
0 0.65859375 0.4328125 0.04453125 0.02734375
0 0.7328125 0.5015625 0.02578125 0.04296875
0 0.734375 0.39609375 0.021875 0.0390625
0 0.83671875 0.3875 0.015625 0.0328125
0 0.82890625 0.6453125 0.03046875 0.0328125
0 0.66796875 0.81640625 0.01875 0.021875
0 0.84375 0.28515625 0.021875 0.02421875
0 0.9203125 0.32734375 0.021875 0.0328125
1 0.265625 0.62890625 0.021875 0.0890625
1 0.09609375 0.290625 0.02421875 0.075
1 0.7296875 0.67421875 0.0171875 0.0875
1 0.875 0.478125 0.0171875 0.06328125
1 0.8734375 0.8125 0.0171875 0.10234375