0 0.14921875 0.734375 0.0546875 0.0359375
0 0.10625 0.67890625 0.0609375 0.0328125
0 0.06015625 0.6359375 0.028125 0.0125
0 0.30078125 0.59609375 0.0234375 0.0140625
0 0.240625 0.58515625 0.0203125 0.0171875
0 0.77421875 0.49921875 0.1046875 0.0375
0 0.74921875 0.56171875 0.034375 0.034375
0 0.796875 0.66796875 0.05625 0.0421875
0 0.84375 0.90859375 0.046875 0.03125
0 0.2453125 0.4375 0.0265625 0.025
0 0.125 0.2359375 0.04375 0.021875
0 0.32109375 0.2671875 0.0421875 0.021875
0 0.1015625 0.1453125 0.0984375 0.0328125
0 0.0671875 0.23359375 0.0453125 0.025
0 0.159375 0.3203125 0.034375 0.0203125
0 0.26328125 0.3203125 0.0328125 0.0171875
0 0.86796875 0.53515625 0.0265625 0.0171875
1 0.11484375 0.36953125 0.0859375 0.0375
1 0.2109375 0.20390625 0.0546875 0.03125
1 0.0875 0.50234375 0.0921875 0.040625
0 0.3859375 0.25859375 0.046875 0.0203125