0 0.15859375 0.01640625 0.05390625 0.0328125
0 0.02109375 0.371875 0.0234375 0.02734375
0 0.0734375 0.23984375 0.0390625 0.05390625
0 0.1125 0.49453125 0.04296875 0.04453125
0 0.2296875 0.21171875 0.040625 0.04453125
0 0.28984375 0.1125 0.025 0.01953125
0 0.3640625 0.03125 0.04296875 0.03125
0 0.48359375 0.14921875 0.04453125 0.05
0 0.44765625 0.2859375 0.02734375 0.025
0 0.3796875 0.1375 0.03125 0.03515625
0 0.43125 0.384375 0.0328125 0.03671875
0 0.496875 0.42890625 0.03671875 0.040625
0 0.496875 0.3640625 0.0328125 0.0390625
0 0.43515625 0.64609375 0.04453125 0.0640625
0 0.3546875 0.6828125 0.03515625 0.0328125
0 0.3234375 0.77890625 0.0390625 0.065625
0 0.5875 0.771875 0.0328125 0.05625
0 0.609375 0.59921875 0.040625 0.0484375
0 0.68046875 0.64765625 0.025 0.040625
0 0.609375 0.53125 0.02890625 0.03671875
0 0.690625 0.5390625 0.02109375 0.03671875
0 0.63359375 0.2234375 0.0234375 0.02109375
0 0.5671875 0.13671875 0.0234375 0.025
0 0.78125 0.4140625 0.040625 0.04296875
0 0.3 0.88984375 0.04296875 0.03671875
0 0.8609375 0.7390625 0.025 0.04453125
0 0.78515625 0.66796875 0.025 0.02734375
0 0.78984375 0.77109375 0.0234375 0.015625
1 0.9265625 0.33828125 0.02109375 0.08359375
1 0.8328125 0.29609375 0.015625 0.1046875
1 0.4 0.534375 0.009375 0.08515625
1 0.13046875 0.61875 0.0171875 0.0984375