0 0.403125 0.41328125 0.04296875 0.06953125
0 0.36875 0.54296875 0.040625 0.0578125
0 0.28515625 0.6453125 0.040625 0.06171875
0 0.54609375 0.4109375 0.02421875 0.05390625
0 0.05234375 0.0640625 0.05703125 0.0296875
0 0.13828125 0.0859375 0.06171875 0.03515625
1 0.31640625 0.19921875 0.08828125 0.00703125
1 0.30859375 0.16171875 0.065625 0.01328125
1 0.53671875 0.1390625 0.059375 0.01484375
1 0.51875 0.27890625 0.01875 0.0265625
0 0.859375 0.278125 0.02890625 0.02265625
0 0.18125 0.15625 0.05703125 0.0171875