0 0.23203125 0.11484375 0.02109375 0.009375
0 0.275 0.1265625 0.00859375 0.00546875
0 0.071875 0.20234375 0.01171875 0.00703125
0 0.01640625 0.259375 0.01015625 0.00859375
0 0.00625 0.21015625 0.0125 0.0078125
0 0.5640625 0.0296875 0.0109375 0.00546875
0 0.83125 0.0671875 0.01640625 0.01015625
0 0.8671875 0.03671875 0.01328125 0.00546875
0 0.865625 0.0453125 0.00859375 0.00546875
0 0.878125 0.04375 0.009375 0.00546875
0 0.87890625 0.025 0.0140625 0.00625
0 0.58984375 0.1875 0.015625 0.0078125
0 0.6 0.17578125 0.00859375 0.0046875
0 0.4796875 0.3125 0.01171875 0.00703125
0 0.515625 0.30546875 0.009375 0.0078125
0 0.5453125 0.30390625 0.01015625 0.0078125
0 0.5859375 0.30546875 0.0109375 0.0078125
0 0.39765625 0.3953125 0.0140625 0.00703125
0 0.27734375 0.48125 0.0125 0.01015625
0 0.29375 0.51875 0.00859375 0.00390625
0 0.20078125 0.575 0.009375 0.0078125
0 0.15 0.70390625 0.009375 0.00625
0 0.14765625 0.72578125 0.009375 0.00625
0 0.16640625 0.759375 0.00859375 0.00703125
0 0.2890625 0.70625 0.0125 0.0078125
0 0.2265625 0.753125 0.00859375 0.00625
0 0.19296875 0.80390625 0.009375 0.00703125
0 0.23828125 0.62421875 0.0140625 0.00625
0 0.47265625 0.55546875 0.0171875 0.03046875
0 0.475 0.68359375 0.01015625 0.00625
0 0.4921875 0.6828125 0.01328125 0.00625
0 0.50625 0.66640625 0.0109375 0.00859375
0 0.47890625 0.62421875 0.0109375 0.009375
0 0.5265625 0.6390625 0.00859375 0.00625
0 0.48515625 0.60703125 0.01171875 0.00625
0 0.5765625 0.5375 0.0125 0.00703125
0 0.58125 0.5296875 0.01015625 0.00546875
0 0.45 0.5640625 0.009375 0.0046875
0 0.40859375 0.50859375 0.0109375 0.00546875
0 0.55625 0.515625 0.0078125 0.009375
0 0.54375 0.51796875 0.009375 0.00703125
0 0.51171875 0.553125 0.01015625 0.0046875
0 0.7359375 0.746875 0.01015625 0.00625
0 0.78046875 0.72578125 0.009375 0.00859375
0 0.72734375 0.68203125 0.01640625 0.0078125
0 0.78125 0.640625 0.0109375 0.00703125
0 0.80859375 0.634375 0.015625 0.0078125
0 0.72265625 0.61640625 0.0109375 0.00625
0 0.728125 0.60390625 0.0078125 0.0078125
0 0.68203125 0.58515625 0.01015625 0.00859375
0 0.69296875 0.56875 0.009375 0.00625
0 0.73203125 0.5578125 0.01015625 0.00546875
0 0.640625 0.575 0.0140625 0.00625
0 0.740625 0.57890625 0.0125 0.00546875
0 0.63125 0.590625 0.0109375 0.009375
0 0.67890625 0.6328125 0.01015625 0.00703125
0 0.6953125 0.609375 0.00625 0.0046875
0 0.7015625 0.60078125 0.009375 0.00703125
0 0.70703125 0.5890625 0.0109375 0.00625
0 0.66328125 0.5578125 0.01171875 0.00703125
0 0.67109375 0.5484375 0.009375 0.0078125
0 0.9328125 0.5875 0.01015625 0.0078125
0 0.94921875 0.590625 0.01328125 0.0109375
0 0.96328125 0.59765625 0.00546875 0.0078125
0 0.86796875 0.565625 0.01015625 0.00546875
0 0.715625 0.415625 0.0109375 0.009375
0 0.715625 0.45546875 0.01015625 0.009375
0 0.69921875 0.475 0.01171875 0.00546875
0 0.8640625 0.44765625 0.00703125 0.00390625
0 0.84921875 0.43984375 0.00625 0.0046875
0 0.92734375 0.46015625 0.0109375 0.00625
0 0.95546875 0.4546875 0.01015625 0.00703125
0 0.9140625 0.4265625 0.00703125 0.00546875
0 0.8796875 0.35625 0.00859375 0.00859375
0 0.7984375 0.34296875 0.0078125 0.00625
0 0.809375 0.33984375 0.009375 0.00703125
0 0.75390625 0.32109375 0.01015625 0.01015625
0 0.82578125 0.3171875 0.0109375 0.00703125
0 0.83359375 0.30390625 0.0078125 0.00546875
0 0.84296875 0.29296875 0.00546875 0.00625
0 0.91953125 0.31484375 0.009375 0.00625
0 0.9703125 0.22265625 0.0078125 0.00546875
0 0.7578125 0.24765625 0.01171875 0.00625
0 0.83828125 0.17578125 0.01171875 0.00703125
0 0.84296875 0.15390625 0.009375 0.00546875
0 0.88046875 0.15625 0.00703125 0.00546875
0 0.86796875 0.140625 0.00703125 0.0046875
0 0.80390625 0.2 0.0125 0.0078125
0 0.87578125 0.259375 0.01015625 0.0078125
1 0.74453125 0.1578125 0.028125 0.03203125
1 0.4140625 0.078125 0.03671875 0.0453125