1 0.1734375 0.4484375 0.0234375 0.06953125
1 0.1578125 0.10078125 0.025 0.06953125
1 0.57734375 0.13828125 0.021875 0.0484375
1 0.8625 0.19140625 0.053125 0.040625
0 0.3453125 0.615625 0.04609375 0.0296875
0 0.3 0.43125 0.0546875 0.0234375
0 0.915625 0.52734375 0.0265625 0.02109375
0 0.965625 0.5578125 0.03828125 0.02265625
0 0.46484375 0.57578125 0.028125 0.0421875
0 0.5703125 0.45 0.0265625 0.0375
0 0.27109375 0.728125 0.0234375 0.01796875
0 0.3046875 0.6734375 0.01484375 0.01171875
0 0.06953125 0.43359375 0.0234375 0.02109375
0 0.73984375 0.3671875 0.021875 0.0109375