0 0.4375 0.18046875 0.02421875 0.015625
0 0.43515625 0.28984375 0.01953125 0.0203125
0 0.4296875 0.446875 0.02734375 0.0296875
0 0.37265625 0.36875 0.02265625 0.02421875
0 0.35703125 0.509375 0.028125 0.07109375
0 0.29296875 0.640625 0.01640625 0.01171875
0 0.30703125 0.85 0.02421875 0.01875
0 0.55390625 0.03671875 0.01640625 0.01015625
0 0.0359375 0.17265625 0.01484375 0.01171875
0 0.05078125 0.3390625 0.0328125 0.0140625
0 0.05078125 0.4 0.0296875 0.0328125
0 0.18125 0.296875 0.009375 0.04453125
1 0.49765625 0.21875 0.02421875 0.0421875
1 0.6484375 0.0984375 0.02734375 0.03984375
1 0.15625 0.0703125 0.02265625 0.02578125