1 0.55625 0.0890625 0.0421875 0.0546875
1 0.18828125 0.04921875 0.1578125 0.0296875
1 0.05078125 0.1234375 0.1015625 0.025
1 0.78671875 0.09609375 0.0296875 0.0296875
1 0.32109375 0.15703125 0.0421875 0.0828125
0 0.31171875 0.3671875 0.021875 0.0203125
0 0.36484375 0.37890625 0.0296875 0.028125
0 0.35859375 0.3234375 0.0109375 0.009375
0 0.36015625 0.34140625 0.0125 0.009375
0 0.35703125 0.35625 0.015625 0.0125
0 0.41484375 0.28671875 0.0125 0.0140625
0 0.42109375 0.34921875 0.0140625 0.0125
0 0.4875 0.35078125 0.0078125 0.0140625
0 0.54140625 0.41328125 0.028125 0.0265625
0 0.559375 0.3734375 0.0140625 0.01875
0 0.55078125 0.19921875 0.0125 0.009375
0 0.603125 0.2109375 0.0203125 0.015625
0 0.6578125 0.2234375 0.0140625 0.0078125
0 0.33203125 0.48671875 0.021875 0.04375
0 0.39609375 0.47890625 0.009375 0.0234375
0 0.39140625 0.5359375 0.0109375 0.021875
0 0.4 0.5921875 0.0109375 0.0140625
0 0.40546875 0.60703125 0.0140625 0.0171875
0 0.41015625 0.634375 0.0203125 0.0390625
0 0.49609375 0.55390625 0.01875 0.0171875
0 0.496875 0.56875 0.0109375 0.0109375
0 0.49453125 0.59375 0.0125 0.009375
0 0.49609375 0.62265625 0.0109375 0.0140625
0 0.5359375 0.540625 0.015625 0.0171875
0 0.53359375 0.57890625 0.0125 0.015625
0 0.909375 0.05390625 0.021875 0.0125
0 0.9546875 0.065625 0.01875 0.009375
0 0.86015625 0.14609375 0.01875 0.0125
0 0.8859375 0.17421875 0.015625 0.0125
0 0.93046875 0.1828125 0.025 0.01875
0 0.86875 0.1953125 0.0171875 0.021875