0 0.2015625 0.5640625 0.0859375 0.034375
0 0.09453125 0.53203125 0.1421875 0.0390625
0 0.2921875 0.63203125 0.0515625 0.021875
0 0.415625 0.62265625 0.04375 0.0234375
0 0.575 0.528125 0.034375 0.0328125
0 0.56328125 0.47421875 0.028125 0.0265625
0 0.66171875 0.5875 0.0640625 0.0359375
0 0.70234375 0.52265625 0.0515625 0.0234375
0 0.7484375 0.55625 0.0375 0.03125
0 0.684375 0.4828125 0.0421875 0.025
0 0.52890625 0.39375 0.021875 0.040625
0 0.596875 0.41171875 0.0203125 0.0171875
0 0.62734375 0.48046875 0.015625 0.009375
0 0.41328125 0.29453125 0.0875 0.0390625
1 0.15859375 0.65703125 0.096875 0.0296875
0 0.5125 0.79375 0.0265625 0.01875
0 0.3140625 0.875 0.0265625 0.0453125
0 0.8703125 0.90546875 0.046875 0.065625
0 0.69609375 0.8453125 0.0265625 0.0234375
0 0.85234375 0.5953125 0.01875 0.0171875
0 0.8828125 0.63046875 0.0171875 0.015625
0 0.965625 0.73046875 0.0359375 0.05625