0 0.20390625 0.57421875 0.0859375 0.03125
0 0.09609375 0.54609375 0.140625 0.034375
0 0.296875 0.6390625 0.05 0.0203125
0 0.41953125 0.62578125 0.04375 0.021875
0 0.57578125 0.525 0.034375 0.03125
0 0.56171875 0.471875 0.0265625 0.0265625
0 0.6640625 0.58125 0.0640625 0.034375
0 0.70234375 0.515625 0.05 0.021875
0 0.75 0.54765625 0.0375 0.0296875
0 0.68359375 0.4765625 0.0421875 0.0234375
0 0.525 0.39296875 0.0203125 0.040625
0 0.59375 0.40859375 0.01875 0.015625
0 0.6265625 0.4765625 0.015625 0.009375
0 0.40625 0.29765625 0.0875 0.0359375
1 0.1640625 0.66875 0.0953125 0.0265625
0 0.52265625 0.79296875 0.025 0.0171875
0 0.32734375 0.88125 0.025 0.0453125
0 0.884375 0.8921875 0.0453125 0.0640625
0 0.7078125 0.83828125 0.025 0.021875
0 0.85546875 0.5828125 0.0171875 0.015625
0 0.88671875 0.61640625 0.015625 0.015625
0 0.9734375 0.7140625 0.034375 0.05625