0 0.35234375 0.5921875 0.0375 0.0234375
0 0.46796875 0.546875 0.0265625 0.01875
0 0.0609375 0.19140625 0.0359375 0.04375
0 0.0375 0.2109375 0.025 0.040625
0 0.01328125 0.21015625 0.0265625 0.046875
0 0.025 0.1484375 0.028125 0.028125
0 0.1859375 0.25859375 0.01875 0.015625
0 0.0890625 0.56484375 0.025 0.021875
0 0.04375 0.10546875 0.0421875 0.0453125
1 0.175 0.7984375 0.075 0.0875
0 0.44609375 0.77109375 0.028125 0.0296875
1 0.2140625 0.91953125 0.053125 0.0765625
1 0.53046875 0.93203125 0.0328125 0.0484375