0 0.02421875 0.10859375 0.0484375 0.0265625
0 0.178125 0.20546875 0.0296875 0.0203125
0 0.03359375 0.17578125 0.034375 0.0265625
0 0.0734375 0.1421875 0.065625 0.025
0 0.284375 0.1890625 0.075 0.04375
0 0.70859375 0.0109375 0.1328125 0.021875
0 0.76953125 0.01875 0.0953125 0.0375
0 0.84765625 0.20703125 0.103125 0.05625
0 0.025 0.5 0.0328125 0.0234375
0 0.41640625 0.73671875 0.05 0.0328125
0 0.49140625 0.7578125 0.046875 0.034375
0 0.359375 0.77421875 0.0359375 0.0234375
0 0.2484375 0.75625 0.0328125 0.0234375
0 0.42734375 0.828125 0.0296875 0.021875
0 0.921875 0.659375 0.0359375 0.021875
0 0.90390625 0.6140625 0.03125 0.021875
0 0.48671875 0.24453125 0.025 0.015625
0 0.48125 0.22890625 0.0265625 0.0171875
0 0.55234375 0.19765625 0.1265625 0.0421875
0 0.45390625 0.19140625 0.09375 0.03125
0 0.59375 0.16796875 0.0140625 0.0109375
0 0.8921875 0.24140625 0.0234375 0.0171875