0 0.61015625 0.2578125 0.0109375 0.0125
0 0.61171875 0.275 0.0109375 0.009375
0 0.60703125 0.240625 0.0109375 0.0078125
0 0.6046875 0.2265625 0.009375 0.0171875
0 0.63125 0.225 0.0203125 0.025
0 0.63359375 0.24609375 0.0140625 0.0171875
0 0.63828125 0.2703125 0.01875 0.034375
0 0.653125 0.3328125 0.0171875 0.04375
0 0.6671875 0.24609375 0.025 0.0453125
0 0.7046875 0.2578125 0.0171875 0.0375
0 0.72109375 0.27578125 0.0109375 0.015625
0 0.75390625 0.259375 0.025 0.0171875
0 0.76640625 0.28984375 0.0140625 0.0125
0 0.8078125 0.3140625 0.01875 0.0234375
0 0.8015625 0.284375 0.0109375 0.009375
0 0.79921875 0.2625 0.0140625 0.015625
0 0.83359375 0.27421875 0.0171875 0.0125
0 0.61953125 0.15 0.01875 0.0109375
0 0.6515625 0.1859375 0.021875 0.0265625
0 0.68515625 0.16953125 0.028125 0.0265625
0 0.73828125 0.20390625 0.025 0.028125
0 0.78125 0.22890625 0.021875 0.021875
0 0.3171875 0.45 0.0328125 0.04375
0 0.39921875 0.4546875 0.0265625 0.034375
0 0.37578125 0.38359375 0.0265625 0.0296875
1 0.76484375 0.41875 0.025 0.040625
1 0.72265625 0.334375 0.0234375 0.034375
1 0.88515625 0.3703125 0.034375 0.028125