0 0.37109375 0.66796875 0.1171875 0.1
0 0.040625 0.33359375 0.03828125 0.02578125
0 0.703125 0.79765625 0.0359375 0.02109375
0 0.57734375 0.86796875 0.03125 0.01484375
0 0.8984375 0.8625 0.0453125 0.028125
0 0.5390625 0.89921875 0.03125 0.01875
0 0.7375 0.134375 0.02578125 0.0140625
1 0.65234375 0.48046875 0.07734375 0.0234375
1 0.73671875 0.55234375 0.07578125 0.0140625
1 0.87109375 0.46171875 0.05546875 0.01796875
0 0.95625 0.63125 0.01875 0.0109375
0 0.984375 0.6109375 0.01484375 0.01328125
0 0.55234375 0.7765625 0.01796875 0.0109375
0 0.1328125 0.890625 0.02265625 0.0125
0 0.17265625 0.86640625 0.0125 0.00859375
0 0.19296875 0.85390625 0.0203125 0.00703125
0 0.08359375 0.91875 0.01328125 0.01015625
0 0.36953125 0.93828125 0.01328125 0.00703125