1 0.628125 0.58671875 0.025 0.0796875
1 0.6109375 0.4234375 0.0265625 0.0828125
1 0.64765625 0.77578125 0.0265625 0.0828125
0 0.3390625 0.3265625 0.0328125 0.1125
0 0.390625 0.37265625 0.0484375 0.090625
0 0.36796875 0.24296875 0.0484375 0.096875
0 0.42734375 0.28828125 0.0453125 0.096875
0 0.42890625 0.5625 0.0515625 0.1125
0 0.4203125 0.66015625 0.05 0.08125
0 0.44765625 0.871875 0.0515625 0.09375
0 0.56640625 0.446875 0.0296875 0.0734375
0 0.65234375 0.3703125 0.0359375 0.0828125
0 0.5859375 0.0828125 0.0265625 0.04375
0 0.5890625 0.43515625 0.01875 0.046875
0 0.60078125 0.57421875 0.0265625 0.05
0 0.53984375 0.509375 0.021875 0.03125
0 0.5703125 0.51171875 0.0140625 0.0234375
0 0.4703125 0.43671875 0.028125 0.0453125
0 0.61796875 0.8359375 0.021875 0.04375