0 0.140625 0.4625 0.0421875 0.0515625
0 0.03671875 0.5609375 0.0265625 0.046875
0 0.07578125 0.7109375 0.040625 0.05625
0 0.1421875 0.95859375 0.046875 0.046875
0 0.35546875 0.96796875 0.0578125 0.046875
0 0.378125 0.8640625 0.0265625 0.028125
0 0.23203125 0.75859375 0.0359375 0.0359375
0 0.46171875 0.728125 0.028125 0.028125
0 0.45 0.62578125 0.0328125 0.0328125
0 0.52421875 0.65859375 0.0328125 0.0484375
0 0.4796875 0.87421875 0.028125 0.0328125
0 0.56875 0.8953125 0.01875 0.028125
0 0.48203125 0.371875 0.046875 0.05
0 0.4 0.31796875 0.0296875 0.034375
0 0.52265625 0.58828125 0.03125 0.0421875
0 0.65390625 0.440625 0.040625 0.04375
0 0.646875 0.51796875 0.03125 0.0453125
0 0.646875 0.25703125 0.0390625 0.053125
0 0.384375 0.225 0.0359375 0.0484375
0 0.3640625 0.0953125 0.03125 0.0375
0 0.73671875 0.40546875 0.025 0.04375
0 0.73125 0.51484375 0.01875 0.0359375
0 0.6921875 0.51484375 0.01875 0.0234375
0 0.67265625 0.62265625 0.021875 0.0234375
0 0.64921875 0.82421875 0.028125 0.03125
0 0.81796875 0.66328125 0.0296875 0.0453125
0 0.83828125 0.409375 0.0265625 0.028125
0 0.85234375 0.30625 0.0234375 0.0296875
0 0.92265625 0.34921875 0.0203125 0.025
1 0.7046875 0.23828125 0.021875 0.065625
1 0.91796875 0.16953125 0.0234375 0.08125
1 0.43984375 0.1828125 0.028125 0.09375
1 0.684375 0.10546875 0.025 0.078125
1 0.8484375 0.546875 0.0328125 0.0984375
0 0.92109375 0.6109375 0.025 0.0328125