0 0.771875 0.42421875 0.059375 0.0359375
0 0.48125 0.21171875 0.0421875 0.0328125
0 0.35546875 0.37109375 0.0265625 0.01875
0 0.31328125 0.55234375 0.0453125 0.0515625
0 0.4328125 0.50234375 0.0234375 0.0171875
0 0.440625 0.5234375 0.01875 0.0171875
0 0.36640625 0.346875 0.0359375 0.0234375
0 0.275 0.58515625 0.028125 0.015625
0 0.46171875 0.6625 0.0265625 0.0234375
0 0.5109375 0.77421875 0.0203125 0.0125
0 0.246875 0.7390625 0.0265625 0.01875
0 0.37734375 0.40546875 0.015625 0.0125
0 0.1734375 0.79140625 0.0234375 0.021875
0 0.11171875 0.79140625 0.021875 0.0140625
0 0.56171875 0.76171875 0.0234375 0.01875
0 0.5578125 0.79609375 0.0265625 0.0296875
0 0.5609375 0.8734375 0.0234375 0.0203125
0 0.665625 0.9640625 0.034375 0.028125
0 0.090625 0.90234375 0.021875 0.0171875
0 0.66875 0.846875 0.0234375 0.021875
0 0.4640625 0.14453125 0.040625 0.034375
1 0.8484375 0.58515625 0.05 0.075
1 0.471875 0.4515625 0.0453125 0.065625
1 0.37109375 0.740625 0.0421875 0.0796875