0 0.36484375 0.48828125 0.0171875 0.01171875
0 0.3234375 0.38203125 0.0171875 0.01796875
0 0.38671875 0.359375 0.01015625 0.01953125
0 0.41015625 0.3375 0.0203125 0.009375
0 0.42109375 0.31484375 0.01484375 0.015625
0 0.37265625 0.3890625 0.0140625 0.00859375
0 0.35078125 0.41640625 0.009375 0.015625
0 0.3359375 0.4453125 0.00703125 0.0171875
0 0.315625 0.47890625 0.01171875 0.02265625
0 0.39296875 0.4859375 0.015625 0.0109375
0 0.3515625 0.51484375 0.0203125 0.01328125
0 0.68515625 0.16015625 0.034375 0.009375
0 0.596875 0.19609375 0.01953125 0.01953125
0 0.5609375 0.2140625 0.015625 0.0125
0 0.59375 0.2640625 0.025 0.028125
0 0.69609375 0.321875 0.0171875 0.02421875
0 0.7046875 0.365625 0.01171875 0.02109375
0 0.65 0.27421875 0.0078125 0.00625
0 0.6875 0.28984375 0.0078125 0.0046875
0 0.57890625 0.40078125 0.01015625 0.0109375
0 0.3890625 0.29765625 0.009375 0.00703125
0 0.4390625 0.30703125 0.009375 0.009375
0 0.38125 0.44765625 0.01171875 0.009375
0 0.2546875 0.428125 0.0109375 0.0109375
0 0.38671875 0.59921875 0.01640625 0.01484375
0 0.29921875 0.546875 0.009375 0.00703125
0 0.35 0.803125 0.0140625 0.0234375
0 0.44296875 0.8578125 0.0390625 0.0140625
0 0.57109375 0.89765625 0.06484375 0.02265625
0 0.57890625 0.86640625 0.0234375 0.01171875
0 0.6046875 0.86875 0.01640625 0.0078125
0 0.69609375 0.91875 0.04921875 0.02421875
0 0.73671875 0.97109375 0.0578125 0.02890625
0 0.54765625 0.94453125 0.01796875 0.009375
0 0.4796875 0.94609375 0.0171875 0.01015625
0 0.33984375 0.9234375 0.01953125 0.01015625
0 0.25546875 0.7125 0.0078125 0.0234375
1 0.503125 0.36484375 0.01640625 0.046875
1 0.44609375 0.40390625 0.01328125 0.028125