1 0.9015625 0.19140625 0.0328125 0.1171875
1 0.9109375 0.7578125 0.0546875 0.1890625
1 0.2375 0.5796875 0.0484375 0.1875
1 0.4546875 0.22265625 0.046875 0.1640625
1 0.725 0.19375 0.0453125 0.1546875
0 0.03828125 0.55234375 0.034375 0.0515625
0 0.071875 0.70390625 0.046875 0.0625
0 0.1296875 0.95 0.05 0.0546875
0 0.34296875 0.9609375 0.0515625 0.0484375
0 0.3734375 0.86015625 0.03125 0.0390625
0 0.2296875 0.7578125 0.04375 0.05
0 0.48046875 0.87890625 0.03125 0.0484375
0 0.56328125 0.903125 0.0203125 0.028125
0 0.140625 0.45703125 0.0328125 0.0484375
0 0.4484375 0.6234375 0.034375 0.0359375
0 0.4578125 0.72734375 0.028125 0.0359375
0 0.52109375 0.58671875 0.0359375 0.0359375
0 0.51875 0.65625 0.0328125 0.040625
0 0.48125 0.36796875 0.046875 0.0546875
0 0.40078125 0.3171875 0.0328125 0.03125
0 0.3859375 0.21484375 0.040625 0.05
0 0.371875 0.096875 0.0265625 0.0296875
0 0.659375 0.446875 0.040625 0.0453125
0 0.65078125 0.51640625 0.0265625 0.028125
0 0.7328125 0.5203125 0.0203125 0.0359375
0 0.6953125 0.52109375 0.0203125 0.0296875
0 0.740625 0.40859375 0.0265625 0.0375
0 0.65234375 0.26015625 0.03125 0.05625
0 0.64375 0.82578125 0.0234375 0.0296875
0 0.81640625 0.66953125 0.0359375 0.0296875
0 0.84140625 0.42265625 0.028125 0.0375
0 0.85859375 0.31171875 0.0203125 0.0265625
0 0.92265625 0.35390625 0.015625 0.021875
0 0.57578125 0.815625 0.01875 0.0234375