0 0.20703125 0.584375 0.084375 0.028125
0 0.09765625 0.56015625 0.13984375 0.02890625
0 0.3015625 0.64609375 0.05 0.01875
0 0.42421875 0.628125 0.04296875 0.02109375
0 0.5765625 0.52265625 0.0328125 0.03046875
0 0.5609375 0.46953125 0.02578125 0.025
0 0.6671875 0.57578125 0.0625 0.03203125
0 0.703125 0.50859375 0.05 0.01953125
0 0.7515625 0.5390625 0.0359375 0.02890625
0 0.6828125 0.4703125 0.04140625 0.02265625
0 0.52109375 0.3921875 0.01875 0.03984375
0 0.590625 0.40546875 0.01875 0.015625
0 0.62578125 0.471875 0.01484375 0.00859375
0 0.39921875 0.30078125 0.0859375 0.03359375
1 0.1703125 0.68046875 0.0953125 0.02265625
0 0.5328125 0.7921875 0.025 0.01640625
0 0.340625 0.88671875 0.0234375 0.04375
0 0.89765625 0.87890625 0.04296875 0.0625
0 0.71953125 0.83046875 0.025 0.02109375
0 0.8578125 0.5703125 0.0171875 0.015625
0 0.890625 0.603125 0.015625 0.01484375
0 0.98046875 0.69765625 0.0328125 0.0546875