1 0.59921875 0.61875 0.0078125 0.08125
1 0.628125 0.45703125 0.009375 0.084375
1 0.565625 0.80546875 0.009375 0.084375
0 0.39296875 0.2890625 0.009375 0.115625
0 0.43046875 0.34765625 0.03125 0.0875
0 0.44453125 0.21640625 0.0296875 0.0953125
0 0.48828125 0.27578125 0.0265625 0.09375
0 0.4140625 0.540625 0.0296875 0.1109375
0 0.3796875 0.63203125 0.034375 0.0765625
0 0.34765625 0.84296875 0.0328125 0.0890625
0 0.57890625 0.4671875 0.015625 0.071875
0 0.68203125 0.4171875 0.0203125 0.08125
0 0.69765625 0.1234375 0.01875 0.0421875
0 0.60390625 0.4625 0.009375 0.046875
0 0.5765625 0.5984375 0.0171875 0.046875
0 0.5359375 0.5203125 0.015625 0.028125
0 0.56484375 0.53046875 0.009375 0.021875
0 0.4890625 0.43046875 0.0203125 0.0421875
0 0.5203125 0.85546875 0.0140625 0.0421875