0 0.14453125 0.19375 0.03125 0.040625
0 0.2984375 0.184375 0.028125 0.0328125
0 0.46875 0.0140625 0.040625 0.028125
0 0.46640625 0.1171875 0.03125 0.034375
0 0.57109375 0.13671875 0.0328125 0.034375
0 0.51640625 0.27265625 0.0265625 0.0328125
0 0.48515625 0.3671875 0.0296875 0.0359375
0 0.5484375 0.4203125 0.03125 0.034375
0 0.5578125 0.35859375 0.028125 0.0375
0 0.4453125 0.6265625 0.04375 0.0421875
0 0.35703125 0.65625 0.03125 0.040625
0 0.3125 0.74921875 0.034375 0.0375
0 0.27109375 0.8578125 0.028125 0.0359375
0 0.590625 0.77265625 0.0296875 0.0484375
0 0.63984375 0.5984375 0.0390625 0.0375
0 0.646875 0.525 0.028125 0.0296875
0 0.70859375 0.65 0.0234375 0.034375
0 0.73125 0.54375 0.021875 0.03125
0 0.6953125 0.53671875 0.0140625 0.021875
0 0.72421875 0.2265625 0.021875 0.03125
0 0.6640625 0.13125 0.009375 0.0140625
0 0.84921875 0.421875 0.040625 0.0359375
0 0.8046875 0.6734375 0.0265625 0.03125
0 0.8734375 0.74921875 0.015625 0.025
0 0.79765625 0.78046875 0.01875 0.025
0 0.9265625 0.50078125 0.021875 0.0203125
0 0.6984375 0.42578125 0.03125 0.028125
1 0.92109375 0.30859375 0.0265625 0.06875
1 0.99375 0.28984375 0.0125 0.0546875
1 0.8640625 0.5875 0.025 0.0734375
1 0.46015625 0.5234375 0.025 0.0546875
1 0.30078125 0.27890625 0.0265625 0.0515625
0 0.27109375 0.33125 0.0234375 0.025
0 0.13828125 0.4578125 0.0328125 0.0390625