0 0.1578125 0.17890625 0.021875 0.0140625
0 0.20234375 0.18125 0.009375 0.0078125
0 0.01953125 0.29765625 0.0125 0.009375
0 0.46484375 0.0265625 0.0125 0.0078125
0 0.734375 0.0078125 0.01875 0.0140625
0 0.52265625 0.17578125 0.0171875 0.0109375
0 0.53046875 0.16171875 0.009375 0.00625
0 0.44140625 0.32109375 0.0125 0.009375
0 0.475 0.30625 0.0109375 0.009375
0 0.50390625 0.2984375 0.0109375 0.009375
0 0.54375 0.2921875 0.0125 0.009375
0 0.378125 0.41875 0.015625 0.009375
0 0.278125 0.528125 0.0140625 0.0125
0 0.30234375 0.5609375 0.009375 0.00625
0 0.22265625 0.6359375 0.0109375 0.009375
0 0.2 0.771875 0.0109375 0.0078125
0 0.20234375 0.79375 0.0109375 0.0078125
0 0.22734375 0.8234375 0.009375 0.009375
0 0.33671875 0.7453125 0.0140625 0.0109375
0 0.28515625 0.8046875 0.009375 0.0078125
0 0.2625 0.8609375 0.0109375 0.009375
0 0.26953125 0.67578125 0.015625 0.009375
0 0.48515625 0.56015625 0.0234375 0.0328125
0 0.5140625 0.68515625 0.0109375 0.0078125
0 0.53046875 0.68046875 0.0140625 0.009375
0 0.540625 0.66171875 0.0125 0.0109375
0 0.50546875 0.62578125 0.0125 0.0109375
0 0.5546875 0.63046875 0.009375 0.0078125
0 0.5078125 0.6078125 0.0125 0.0078125
0 0.5828125 0.52109375 0.0140625 0.009375
0 0.5859375 0.5125 0.0109375 0.0078125
0 0.4640625 0.5734375 0.009375 0.00625
0 0.4125 0.52734375 0.0125 0.0078125
0 0.55859375 0.50390625 0.009375 0.0109375
0 0.546875 0.50859375 0.0109375 0.009375
0 0.52265625 0.54921875 0.0109375 0.00625
0 0.78203125 0.6921875 0.0109375 0.0078125
0 0.82109375 0.6625 0.0109375 0.0109375
0 0.76015625 0.63046875 0.0171875 0.0109375
0 0.8046875 0.57890625 0.0125 0.009375
0 0.8296875 0.5671875 0.0171875 0.0109375
0 0.7421875 0.5671875 0.0125 0.0078125
0 0.74453125 0.55390625 0.009375 0.009375
0 0.69609375 0.5453125 0.0125 0.0109375
0 0.703125 0.52734375 0.0109375 0.0078125
0 0.7390625 0.50859375 0.0109375 0.0078125
0 0.653125 0.54375 0.015625 0.009375
0 0.7515625 0.52734375 0.0140625 0.0078125
0 0.646875 0.56171875 0.0125 0.0109375
0 0.70234375 0.59296875 0.0109375 0.009375
0 0.7140625 0.56640625 0.0078125 0.00625
0 0.71796875 0.55703125 0.0109375 0.009375
0 0.72109375 0.54375 0.0125 0.0078125
0 0.671875 0.52265625 0.0125 0.009375
0 0.67734375 0.51171875 0.0109375 0.009375
0 0.94140625 0.4953125 0.0109375 0.009375
0 0.95859375 0.4953125 0.015625 0.0140625
0 0.9734375 0.49921875 0.00625 0.009375
0 0.8734375 0.4875 0.0109375 0.0078125
0 0.69375 0.37265625 0.0125 0.0109375
0 0.7015625 0.41171875 0.0125 0.0109375
0 0.68984375 0.434375 0.0125 0.0078125
0 0.8453125 0.3734375 0.0078125 0.0046875
0 0.82890625 0.36875 0.0078125 0.00625
0 0.909375 0.371875 0.0125 0.0078125
0 0.9359375 0.3609375 0.0109375 0.009375
0 0.88984375 0.3421875 0.0078125 0.00625
0 0.84140625 0.28046875 0.0109375 0.0109375
0 0.759375 0.284375 0.009375 0.0078125
0 0.76953125 0.27890625 0.0109375 0.009375
0 0.7109375 0.271875 0.0125 0.0125
0 0.78046875 0.253125 0.0125 0.009375
0 0.78515625 0.2390625 0.009375 0.00625
0 0.7921875 0.2265625 0.00625 0.0078125
0 0.871875 0.23203125 0.0109375 0.0078125
0 0.90234375 0.13125 0.009375 0.00625
0 0.7 0.19921875 0.0125 0.0078125
0 0.76328125 0.1125 0.0125 0.009375
0 0.76328125 0.08984375 0.0109375 0.0078125
0 0.80078125 0.084375 0.0078125 0.00625
0 0.78515625 0.071875 0.0078125 0.00625
0 0.73515625 0.14375 0.0140625 0.0109375
0 0.8171875 0.18671875 0.0109375 0.009375
1 0.66796875 0.1140625 0.034375 0.0375
1 0.328125 0.10546875 0.0453125 0.0515625