0 0.0578125 0.275 0.028125 0.03125
0 0.13671875 0.15703125 0.05 0.0609375
0 0.121875 0.4140625 0.0515625 0.053125
0 0.2953125 0.16171875 0.0484375 0.0515625
0 0.375 0.07734375 0.028125 0.025
0 0.46484375 0.01640625 0.0484375 0.0328125
0 0.55703125 0.153125 0.0546875 0.0578125
0 0.49296875 0.2796875 0.03125 0.0296875
0 0.4578125 0.1203125 0.0375 0.040625
0 0.45703125 0.37265625 0.0390625 0.0421875
0 0.51171875 0.4296875 0.04375 0.046875
0 0.525 0.36640625 0.040625 0.0453125
0 0.40625 0.6296875 0.05625 0.071875
0 0.31953125 0.6484375 0.040625 0.0390625
0 0.26953125 0.7359375 0.0515625 0.071875
0 0.52890625 0.784375 0.04375 0.0625
0 0.58671875 0.61953125 0.05 0.05625
0 0.64609375 0.68203125 0.0328125 0.0453125
0 0.60078125 0.553125 0.0359375 0.0421875
0 0.678125 0.578125 0.028125 0.040625
0 0.68828125 0.25703125 0.0265625 0.025
0 0.64140625 0.15859375 0.028125 0.0296875
0 0.79296875 0.47421875 0.0484375 0.05
0 0.2234375 0.83984375 0.05 0.0453125
0 0.803125 0.80859375 0.034375 0.0484375
0 0.74375 0.7234375 0.0296875 0.03125
0 0.72734375 0.82578125 0.0265625 0.0203125
1 0.95078125 0.43046875 0.0375 0.0859375
1 0.86796875 0.36953125 0.0375 0.10625
1 0.3953125 0.5125 0.0265625 0.0859375
1 0.1140625 0.5390625 0.0375 0.1