0 0.9734375 0.32109375 0.03671875 0.03203125
0 0.76640625 0.23203125 0.021875 0.0078125
0 0.74375 0.19296875 0.01328125 0.0078125
0 0.725 0.31640625 0.01328125 0.009375
0 0.7296875 0.33125 0.01640625 0.00625
0 0.74765625 0.3453125 0.01171875 0.00703125
0 0.80078125 0.3953125 0.01640625 0.00703125
0 0.80078125 0.40390625 0.0140625 0.01015625
0 0.85546875 0.4984375 0.0140625 0.01015625
0 0.9375 0.53828125 0.015625 0.0078125
0 0.9109375 0.559375 0.0125 0.0078125
0 0.71484375 0.4609375 0.0171875 0.00859375
0 0.96796875 0.61796875 0.01171875 0.01015625
0 0.825 0.66796875 0.01171875 0.009375
0 0.72734375 0.56796875 0.01328125 0.0078125
0 0.6859375 0.603125 0.01171875 0.0078125
0 0.63984375 0.61796875 0.0125 0.0078125
0 0.6203125 0.5140625 0.01015625 0.00625
0 0.67734375 0.50234375 0.01171875 0.00625
0 0.70625 0.53828125 0.00859375 0.0046875
0 0.55703125 0.41484375 0.00546875 0.00234375
0 0.5609375 0.4140625 0.00390625 0.003125
0 0.53984375 0.42265625 0.0046875 0.003125
0 0.67890625 0.36328125 0.00703125 0.00546875
0 0.73671875 0.27890625 0.01875 0.0125
0 0.73828125 0.128125 0.01328125 0.00859375
0 0.31953125 0.028125 0.01484375 0.00625
0 0.34375 0.0203125 0.01640625 0.00703125
0 0.3796875 0.0046875 0.01640625 0.0046875
0 0.35625 0.06796875 0.01484375 0.00859375
0 0.04375 0.13671875 0.0125 0.00859375
0 0.1375 0.10625 0.015625 0.00859375
0 0.01796875 0.153125 0.01953125 0.0109375
0 0.2359375 0.17109375 0.0125 0.0109375
0 0.1671875 0.23046875 0.01171875 0.00703125
0 0.325 0.20546875 0.01328125 0.00703125
0 0.3828125 0.15390625 0.02109375 0.00859375
0 0.3125 0.19140625 0.01171875 0.00625
0 0.12734375 0.27109375 0.0125 0.00625
0 0.365625 0.328125 0.0125 0.0078125
0 0.34609375 0.33359375 0.0046875 0.00546875
0 0.24921875 0.3828125 0.0125 0.00390625
0 0.24921875 0.390625 0.0078125 0.00390625
0 0.1734375 0.415625 0.00625 0.00390625
0 0.2828125 0.42109375 0.00546875 0.0046875
0 0.08125 0.39609375 0.01484375 0.00546875
0 0.10859375 0.34609375 0.0078125 0.00390625
0 0.0265625 0.59375 0.009375 0.0046875
0 0.075 0.55625 0.00703125 0.00625
0 0.00625 0.51328125 0.0125 0.0078125
0 0.16328125 0.51484375 0.0125 0.00546875
0 0.1 0.5328125 0.00625 0.0046875
0 0.07578125 0.534375 0.0078125 0.00390625
0 0.0609375 0.5703125 0.0109375 0.0046875
0 0.040625 0.5796875 0.0078125 0.00546875
0 0.2078125 0.49375 0.009375 0.00546875
0 0.271875 0.5171875 0.00625 0.00546875
0 0.209375 0.575 0.0109375 0.0046875
0 0.178125 0.55703125 0.01015625 0.00625
0 0.1515625 0.61953125 0.009375 0.00703125
0 0.1375 0.6203125 0.009375 0.00703125
0 0.1484375 0.63046875 0.009375 0.00625
0 0.13984375 0.63125 0.00546875 0.00546875
0 0.196875 0.58515625 0.009375 0.00390625
0 0.37734375 0.54375 0.0125 0.00390625
0 0.43359375 0.48046875 0.009375 0.00390625
0 0.365625 0.51171875 0.0109375 0.0125
0 0.3671875 0.540625 0.00546875 0.00390625
0 0.4609375 0.51328125 0.009375 0.0046875
0 0.46328125 0.5546875 0.01015625 0.00859375
0 0.4265625 0.60859375 0.0078125 0.00546875
0 0.40625 0.62109375 0.0078125 0.0046875
0 0.50390625 0.5375 0.00703125 0.00546875
0 0.50625 0.553125 0.0078125 0.00546875
0 0.52578125 0.58359375 0.00703125 0.00703125
0 0.55234375 0.546875 0.0078125 0.0046875
0 0.5609375 0.50390625 0.00703125 0.00390625
0 0.56484375 0.484375 0.00625 0.00390625
0 0.3890625 0.43671875 0.0109375 0.00546875
0 0.41171875 0.6390625 0.0109375 0.00625
0 0.4625 0.6984375 0.01015625 0.00703125
0 0.42421875 0.7171875 0.01171875 0.00703125
0 0.42734375 0.72578125 0.0109375 0.00625
0 0.42578125 0.734375 0.00703125 0.0078125
0 0.440625 0.72890625 0.01171875 0.009375
0 0.528125 0.75625 0.01796875 0.0140625
0 0.52421875 0.73984375 0.00703125 0.00546875
0 0.56953125 0.7109375 0.0078125 0.00546875
0 0.5984375 0.6578125 0.00703125 0.0046875
0 0.65 0.6953125 0.0078125 0.0078125
0 0.60390625 0.67890625 0.01015625 0.0125
0 0.65703125 0.78671875 0.01171875 0.00703125
0 0.65234375 0.8359375 0.00859375 0.00703125
0 0.61484375 0.75625 0.00625 0.0046875
0 0.67421875 0.740625 0.00625 0.0046875
0 0.7078125 0.71796875 0.00859375 0.00625
0 0.75390625 0.79296875 0.00859375 0.00625
0 0.7515625 0.77890625 0.00859375 0.009375
0 0.73984375 0.80859375 0.00703125 0.0046875
0 0.8140625 0.85 0.0125 0.00703125
0 0.81796875 0.98671875 0.00859375 0.0046875
0 0.728125 0.96796875 0.01171875 0.00625
0 0.8703125 0.97578125 0.0125 0.0078125
0 0.909375 0.89375 0.00546875 0.00390625
0 0.91875 0.715625 0.01484375 0.0109375
0 0.95234375 0.7515625 0.01015625 0.00703125
0 0.88984375 0.80234375 0.01171875 0.0109375
1 0.9234375 0.665625 0.0234375 0.0234375
1 0.65390625 0.55234375 0.02734375 0.02265625
1 0.85234375 0.87890625 0.0203125 0.0234375
1 0.98828125 0.9796875 0.01796875 0.02578125
1 0.765625 0.43984375 0.0265625 0.03984375
1 0.6984375 0.3953125 0.0234375 0.0265625
1 0.35703125 0.39296875 0.02109375 0.04140625