0 0.36796875 0.46953125 0.01875 0.0140625
0 0.34140625 0.35859375 0.01875 0.0203125
0 0.40703125 0.3453125 0.0125 0.0203125
0 0.43359375 0.3265625 0.021875 0.0125
0 0.44765625 0.30546875 0.0171875 0.0171875
0 0.3890625 0.37265625 0.015625 0.0109375
0 0.3640625 0.39609375 0.0109375 0.0171875
0 0.3453125 0.42265625 0.009375 0.01875
0 0.3203125 0.453125 0.0140625 0.0234375
0 0.39609375 0.47109375 0.0171875 0.0125
0 0.35078125 0.49375 0.021875 0.015625
0 0.73046875 0.1890625 0.0359375 0.0140625
0 0.63828125 0.2125 0.021875 0.021875
0 0.6 0.225 0.0171875 0.0140625
0 0.62578125 0.2796875 0.028125 0.03125
0 0.71875 0.35078125 0.0203125 0.0265625
0 0.72109375 0.3953125 0.0140625 0.021875
0 0.6796875 0.29765625 0.009375 0.0078125
0 0.71484375 0.31796875 0.0078125 0.00625
0 0.5921875 0.4125 0.0109375 0.0125
0 0.41796875 0.284375 0.0109375 0.0078125
0 0.46640625 0.30078125 0.0109375 0.0109375
0 0.38984375 0.43125 0.0125 0.0109375
0 0.2671875 0.39453125 0.0125 0.0125
0 0.37421875 0.5828125 0.01875 0.0171875
0 0.29453125 0.51875 0.0109375 0.0078125
0 0.309375 0.7796875 0.0171875 0.025
0 0.39375 0.84609375 0.040625 0.01875
0 0.51484375 0.90390625 0.0671875 0.03125
0 0.52734375 0.8734375 0.025 0.015625
0 0.55234375 0.8796875 0.0171875 0.009375
0 0.6359375 0.9421875 0.0515625 0.03125
0 0.66796875 0.990625 0.0609375 0.01875
0 0.48515625 0.946875 0.01875 0.0125
0 0.41796875 0.9390625 0.01875 0.0125
0 0.2828125 0.896875 0.0203125 0.0125
0 0.228125 0.6765625 0.0109375 0.025
1 0.521875 0.36640625 0.0234375 0.0484375
1 0.46015625 0.39765625 0.0171875 0.0296875