0 0.203125 0.35703125 0.053125 0.0421875
0 0.31640625 0.3796875 0.0453125 0.0375
0 0.36875 0.42890625 0.0453125 0.0390625
0 0.4828125 0.3875 0.034375 0.0265625
0 0.4609375 0.4328125 0.0234375 0.0203125
0 0.3984375 0.2375 0.0640625 0.0390625
0 0.1234375 0.34609375 0.0609375 0.0359375
0 0.54765625 0.61796875 0.0234375 0.0296875
0 0.46640625 0.67578125 0.08125 0.034375
0 0.55546875 0.25234375 0.0359375 0.021875
0 0.5484375 0.61875 0.0265625 0.021875
0 0.28359375 0.70234375 0.0390625 0.0296875
0 0.4640625 0.67421875 0.0859375 0.0328125
0 0.2359375 0.7921875 0.0796875 0.0453125
0 0.628125 0.175 0.015625 0.0125
0 0.54140625 0.0625 0.075 0.0296875
0 0.66015625 0.11796875 0.028125 0.0234375
0 0.71171875 0.14375 0.0265625 0.015625
0 0.70625 0.12734375 0.021875 0.015625
1 0.44140625 0.0828125 0.0640625 0.028125
1 0.696875 0.23125 0.05 0.0328125
1 0.6015625 0.04921875 0.071875 0.028125