1 0.6640625 0.9875 0.0203125 0.01953125
1 0.76328125 0.7859375 0.01171875 0.040625
1 0.884375 0.796875 0.01640625 0.03125
0 0.7515625 0.69921875 0.01640625 0.0140625
0 0.6671875 0.578125 0.0390625 0.03671875
0 0.584375 0.5140625 0.03984375 0.03203125
0 0.603125 0.5546875 0.01640625 0.0296875
0 0.584375 0.57265625 0.01328125 0.0140625
0 0.57265625 0.4546875 0.028125 0.021875
0 0.5515625 0.42578125 0.03671875 0.03125
0 0.53125 0.38359375 0.034375 0.04140625
0 0.5734375 0.36875 0.03203125 0.0328125
0 0.640625 0.40703125 0.03671875 0.02578125
0 0.67109375 0.45390625 0.03203125 0.0375
0 0.65859375 0.38515625 0.0328125 0.03203125
0 0.684375 0.42265625 0.02578125 0.0328125
0 0.70234375 0.45234375 0.0140625 0.01796875
0 0.7234375 0.50078125 0.02265625 0.01953125
0 0.59609375 0.421875 0.0109375 0.00703125
0 0.621875 0.4296875 0.01328125 0.0140625
0 0.6109375 0.30546875 0.025 0.01953125
0 0.5765625 0.259375 0.0328125 0.02421875
0 0.53671875 0.25546875 0.02109375 0.0171875
0 0.55859375 0.2828125 0.02109375 0.01953125
0 0.57734375 0.31328125 0.02734375 0.02734375
0 0.45078125 0.33984375 0.02578125 0.03125
0 0.4421875 0.1390625 0.0203125 0.015625
0 0.4671875 0.15546875 0.01171875 0.0078125
0 0.490625 0.17265625 0.028125 0.01953125
0 0.465625 0.196875 0.02734375 0.03515625
0 0.5625 0.20703125 0.028125 0.01640625
0 0.4015625 0.24453125 0.01875 0.0296875
0 0.35703125 0.24453125 0.028125 0.03828125