0 0.09375 0.228125 0.05 0.05
0 0.146875 0.2890625 0.01875 0.0234375
0 0.10546875 0.4515625 0.02421875 0.0296875
0 0.32734375 0.36875 0.021875 0.02734375
0 0.3734375 0.4578125 0.034375 0.03125
0 0.415625 0.4 0.01875 0.03828125
0 0.45390625 0.45234375 0.02578125 0.0265625
0 0.49921875 0.734375 0.0234375 0.02578125
0 0.53671875 0.828125 0.04296875 0.04140625
0 0.54140625 0.65390625 0.04609375 0.04140625
0 0.17578125 0.29609375 0.01875 0.0171875
0 0.26015625 0.23828125 0.02421875 0.03359375
0 0.325 0.178125 0.01875 0.0234375
0 0.384375 0.2421875 0.01640625 0.0171875
0 0.4328125 0.2 0.01953125 0.02109375
0 0.3640625 0.04140625 0.0171875 0.01640625
0 0.5375 0.08046875 0.0125 0.01484375
0 0.6703125 0.2546875 0.02578125 0.02890625
0 0.67265625 0.41484375 0.02578125 0.02734375
0 0.63984375 0.4359375 0.01171875 0.01484375
0 0.6015625 0.4578125 0.02578125 0.0234375
0 0.6484375 0.51328125 0.03125 0.02578125
0 0.73828125 0.50078125 0.02578125 0.021875
0 0.82265625 0.45 0.01640625 0.02421875
0 0.89375 0.534375 0.009375 0.0265625
0 0.92734375 0.46328125 0.02734375 0.01875
0 0.74375 0.6640625 0.0359375 0.0296875
0 0.6390625 0.90078125 0.01875 0.01953125
0 0.58671875 0.9359375 0.02578125 0.02734375
0 0.19375 0.7453125 0.02890625 0.0296875
0 0.0515625 0.709375 0.02890625 0.03671875
0 0.01015625 0.5609375 0.0203125 0.05
0 0.18984375 0.5703125 0.02421875 0.0234375
0 0.09765625 0.33828125 0.02421875 0.02109375
1 0.2 0.4078125 0.02578125 0.0625
1 0.4359375 0.56640625 0.01953125 0.071875
1 0.78125 0.35 0.01171875 0.07421875
1 0.90625 0.39296875 0.01953125 0.0796875
1 0.6984375 0.584375 0.021875 0.0578125