0 0.23671875 0.55234375 0.0625 0.0453125
0 0.11484375 0.92734375 0.025 0.01875
0 0.0078125 0.74921875 0.015625 0.0203125
0 0.55703125 0.87734375 0.025 0.0203125
0 0.6796875 0.75625 0.040625 0.0265625
0 0.4796875 0.6390625 0.0296875 0.0234375
0 0.16171875 0.665625 0.015625 0.0234375
0 0.196875 0.76171875 0.075 0.04375
0 0.35546875 0.2 0.0765625 0.0375
0 0.31953125 0.26640625 0.0828125 0.046875
0 0.63359375 0.58359375 0.025 0.0171875
0 0.3125 0.3515625 0.0453125 0.0328125
0 0.434375 0.33125 0.0625 0.0328125
0 0.23515625 0.94296875 0.0546875 0.0359375
0 0.2734375 0.828125 0.0484375 0.0328125
0 0.38359375 0.73671875 0.0234375 0.0171875
0 0.4828125 0.80078125 0.040625 0.0265625
0 0.5421875 0.840625 0.0375 0.0265625
0 0.60625 0.88125 0.04375 0.0265625
0 0.6734375 0.9328125 0.053125 0.05
0 0.68125 0.75625 0.0328125 0.0171875
0 0.48125 0.63984375 0.025 0.0140625
0 0.43125 0.6984375 0.0171875 0.0140625
0 0.5625 0.68515625 0.0171875 0.0125
0 0.68046875 0.65078125 0.0125 0.009375
0 0.8 0.68515625 0.01875 0.015625
0 0.87734375 0.70390625 0.015625 0.0109375
0 0.9171875 0.7265625 0.0171875 0.0140625
0 0.79375 0.6546875 0.0203125 0.0125
0 0.7796875 0.58359375 0.0203125 0.0109375
0 0.81640625 0.61796875 0.0140625 0.0078125
0 0.69140625 0.57421875 0.0140625 0.0078125
0 0.72578125 0.6046875 0.0234375 0.015625
0 0.55546875 0.53359375 0.009375 0.0078125
0 0.371875 0.56875 0.0265625 0.0171875
0 0.49375 0.73984375 0.0265625 0.01875
0 0.14375 0.61171875 0.0203125 0.01875
0 0.23515625 0.6546875 0.0125 0.009375
0 0.00859375 0.6609375 0.0171875 0.0125
0 0.06015625 0.69296875 0.025 0.0171875
0 0.059375 0.43828125 0.028125 0.0125
0 0.4140625 0.45625 0.028125 0.0125
0 0.3625 0.44375 0.0171875 0.009375
0 0.221875 0.4265625 0.040625 0.021875
0 0.3703125 0.509375 0.0390625 0.028125
0 0.040625 0.5921875 0.0359375 0.0265625
0 0.43359375 0.18515625 0.0484375 0.025
0 0.18984375 0.2875 0.0578125 0.0265625
0 0.52890625 0.3921875 0.06875 0.0359375
0 0.19375 0.06484375 0.0515625 0.028125
0 0.128125 0.1859375 0.025 0.015625
0 0.27265625 0.39453125 0.015625 0.0109375
0 0.30234375 0.4046875 0.0109375 0.0078125
0 0.415625 0.590625 0.0140625 0.0109375
0 0.0921875 0.825 0.028125 0.0125
0 0.33046875 0.7515625 0.0296875 0.0234375