0 0.40859375 0.41796875 0.040625 0.0328125
0 0.62890625 0.740625 0.05390625 0.05703125
0 0.665625 0.82265625 0.0390625 0.0296875
0 0.4421875 0.6140625 0.01640625 0.01640625
0 0.0203125 0.25625 0.040625 0.0265625
0 0.5046875 0.4703125 0.01953125 0.0125
0 0.3296875 0.503125 0.02578125 0.021875
0 0.4375 0.64765625 0.01953125 0.0140625
0 0.534375 0.5125 0.028125 0.015625
0 0.4390625 0.54140625 0.03828125 0.03671875
0 0.4 0.53203125 0.01015625 0.01015625
0 0.36875 0.5296875 0.01640625 0.0078125
0 0.503125 0.41875 0.01484375 0.00703125