0 0.77421875 0.43359375 0.059375 0.034375
0 0.49140625 0.2109375 0.0421875 0.0328125
0 0.36015625 0.36640625 0.0265625 0.01875
0 0.31171875 0.54609375 0.04375 0.05
0 0.4328125 0.5 0.021875 0.015625
0 0.43984375 0.52109375 0.0171875 0.0171875
0 0.371875 0.3421875 0.034375 0.0234375
0 0.27265625 0.57734375 0.028125 0.0140625
0 0.45625 0.6609375 0.025 0.021875
0 0.5015625 0.775 0.0203125 0.0125
0 0.2390625 0.73046875 0.0265625 0.0171875
0 0.38046875 0.40078125 0.015625 0.0109375
0 0.16328125 0.7796875 0.0234375 0.021875
0 0.1015625 0.77734375 0.021875 0.0140625
0 0.553125 0.7640625 0.021875 0.0171875
0 0.546875 0.7984375 0.0265625 0.028125
0 0.5484375 0.875 0.0234375 0.0203125
0 0.64921875 0.96953125 0.034375 0.028125
0 0.0765625 0.8875 0.0203125 0.015625
0 0.65625 0.853125 0.0234375 0.021875
0 0.4765625 0.14375 0.040625 0.0328125
1 0.84453125 0.59765625 0.0484375 0.0734375
1 0.4734375 0.45078125 0.04375 0.065625
1 0.36328125 0.7359375 0.0390625 0.078125