1 0.95 0.315625 0.0390625 0.1296875
1 0.8328125 0.61484375 0.0453125 0.13125
1 0.390625 0.55078125 0.0421875 0.1453125
1 0.15546875 0.48125 0.0484375 0.1734375
0 0.14609375 0.01875 0.0453125 0.0375
0 0.06875 0.2453125 0.040625 0.040625
0 0.02109375 0.3890625 0.028125 0.05625
0 0.4421875 0.290625 0.03125 0.03125
0 0.4984375 0.3640625 0.0375 0.0546875
0 0.42421875 0.38984375 0.04375 0.0375
0 0.4953125 0.43359375 0.0375 0.0359375
0 0.4390625 0.646875 0.040625 0.059375
0 0.353125 0.68828125 0.0328125 0.0390625
0 0.47578125 0.1515625 0.0234375 0.0328125
0 0.28359375 0.12265625 0.01875 0.028125
0 0.35234375 0.03359375 0.046875 0.0359375
0 0.2203125 0.2265625 0.0265625 0.0359375
0 0.375 0.13671875 0.0296875 0.0296875
0 0.559375 0.13671875 0.0234375 0.025
0 0.5640625 0.22109375 0.0203125 0.0265625
0 0.63125 0.221875 0.0265625 0.028125
0 0.63515625 0.41953125 0.025 0.028125
0 0.60859375 0.53046875 0.04375 0.0578125
0 0.61015625 0.59765625 0.046875 0.0546875
0 0.32890625 0.7875 0.05 0.0625
0 0.303125 0.89296875 0.028125 0.0390625
0 0.36171875 0.89609375 0.0234375 0.021875
0 0.59453125 0.7875 0.0359375 0.0546875
0 0.6875 0.6484375 0.0328125 0.046875
0 0.6921875 0.53671875 0.028125 0.0375
0 0.65234375 0.53359375 0.0234375 0.0359375
0 0.784375 0.4109375 0.028125 0.028125
0 0.784375 0.6625 0.0203125 0.0328125
0 0.79296875 0.76953125 0.025 0.034375
0 0.8609375 0.73359375 0.0265625 0.028125
0 0.7875 0.19140625 0.0171875 0.01875
0 0.67578125 0.05625 0.025 0.0234375