1 0.878125 0.32265625 0.0171875 0.0375
1 0.9484375 0.359375 0.028125 0.0328125
0 0.55859375 0.41875 0.046875 0.0125
0 0.44375 0.42734375 0.034375 0.0125
0 0.5171875 0.44609375 0.0734375 0.01875
0 0.6078125 0.44765625 0.040625 0.0125
0 0.3921875 0.45234375 0.0234375 0.0140625
0 0.3734375 0.45703125 0.0171875 0.0109375
0 0.2421875 0.46171875 0.075 0.0140625
0 0.3046875 0.45390625 0.0234375 0.009375
0 0.13515625 0.47421875 0.053125 0.015625
0 0.06171875 0.47734375 0.0390625 0.0140625
0 0.0109375 0.48359375 0.0203125 0.015625
0 0.04140625 0.521875 0.034375 0.0234375
0 0.00859375 0.46328125 0.0171875 0.0140625
0 0.07578125 0.45625 0.0296875 0.009375
0 0.31640625 0.48359375 0.0984375 0.021875
0 0.46171875 0.50625 0.0515625 0.021875
0 0.7703125 0.46640625 0.0359375 0.0109375
0 0.80859375 0.4671875 0.03125 0.0140625
0 0.57421875 0.5046875 0.0546875 0.021875
0 0.684375 0.50390625 0.1390625 0.028125
0 0.59921875 0.6390625 0.0234375 0.0171875
0 0.69296875 0.56484375 0.0296875 0.015625
0 0.76640625 0.5609375 0.0265625 0.0109375
0 0.85546875 0.56328125 0.0203125 0.0109375
0 0.20234375 0.58515625 0.05625 0.0234375