1 0.88984375 0.34921875 0.01484375 0.03671875
1 0.95703125 0.390625 0.02578125 0.03125
0 0.5640625 0.42265625 0.04609375 0.009375
0 0.44921875 0.4234375 0.03359375 0.01015625
0 0.52109375 0.44765625 0.07265625 0.01328125
0 0.6109375 0.45546875 0.040625 0.009375
0 0.39609375 0.4453125 0.02265625 0.0125
0 0.3765625 0.4484375 0.01640625 0.01015625
0 0.2453125 0.44375 0.07421875 0.009375
0 0.30859375 0.440625 0.02265625 0.00703125
0 0.1375 0.4484375 0.05234375 0.0125
0 0.0640625 0.446875 0.0390625 0.01171875
0 0.01328125 0.44921875 0.01875 0.01484375
0 0.040625 0.48984375 0.03359375 0.021875
0 0.0109375 0.4296875 0.01875 0.01328125
0 0.0796875 0.4265625 0.0296875 0.00703125
0 0.31796875 0.47109375 0.096875 0.01484375
0 0.46171875 0.50390625 0.05 0.01796875
0 0.771875 0.48515625 0.03515625 0.00859375
0 0.81015625 0.4890625 0.0296875 0.0125
0 0.5734375 0.51015625 0.05390625 0.01875
0 0.68359375 0.51640625 0.1375 0.01796875
0 0.5890625 0.6453125 0.02265625 0.015625
0 0.68828125 0.578125 0.028125 0.01328125
0 0.76171875 0.5796875 0.02578125 0.00859375
0 0.85 0.58828125 0.0203125 0.01015625
0 0.196875 0.5640625 0.05546875 0.01953125