0 0.11875 0.19375 0.0546875 0.0546875
0 0.16640625 0.259375 0.0203125 0.025
0 0.1109375 0.4171875 0.0265625 0.03125
0 0.3390625 0.35390625 0.0234375 0.0296875
0 0.37734375 0.446875 0.0375 0.034375
0 0.425 0.39296875 0.021875 0.0390625
0 0.45859375 0.4484375 0.028125 0.028125
0 0.47890625 0.73359375 0.025 0.028125
0 0.5078125 0.8296875 0.046875 0.0453125
0 0.528125 0.65703125 0.05 0.0453125
0 0.19453125 0.26875 0.0203125 0.01875
0 0.28359375 0.21875 0.0265625 0.0359375
0 0.35390625 0.1640625 0.0203125 0.025
0 0.40703125 0.2328125 0.0171875 0.01875
0 0.459375 0.1953125 0.021875 0.0234375
0 0.4046875 0.03125 0.01875 0.0171875
0 0.57421875 0.08515625 0.0140625 0.015625
0 0.69140625 0.2703125 0.028125 0.03125
0 0.6796875 0.43046875 0.028125 0.0296875
0 0.64453125 0.4484375 0.0125 0.015625
0 0.6046875 0.4671875 0.028125 0.025
0 0.646875 0.52578125 0.0328125 0.028125
0 0.7375 0.521875 0.028125 0.0234375
0 0.82578125 0.478125 0.01875 0.025
0 0.8890625 0.56875 0.0109375 0.0265625
0 0.92890625 0.50078125 0.028125 0.0203125
0 0.72890625 0.684375 0.0390625 0.0328125
0 0.60390625 0.91171875 0.0203125 0.0203125
0 0.5484375 0.9421875 0.028125 0.0296875
0 0.1734375 0.71796875 0.03125 0.0328125
0 0.03515625 0.66953125 0.03125 0.0390625
0 0.009375 0.51796875 0.01875 0.0515625
0 0.18515625 0.54296875 0.0265625 0.025
0 0.11328125 0.30390625 0.0265625 0.0234375
1 0.209375 0.38203125 0.03125 0.0640625
1 0.43046875 0.5609375 0.025 0.0734375
1 0.79296875 0.375 0.01875 0.075
1 0.9140625 0.42890625 0.0265625 0.08125
1 0.690625 0.6015625 0.0265625 0.059375