0 0.6015625 0.25390625 0.01015625 0.0125
0 0.60390625 0.27109375 0.0109375 0.009375
0 0.59765625 0.23671875 0.01015625 0.0078125
0 0.5953125 0.2234375 0.00859375 0.0171875
0 0.621875 0.2203125 0.01953125 0.02421875
0 0.625 0.24140625 0.0140625 0.0171875
0 0.63046875 0.265625 0.0171875 0.034375
0 0.646875 0.32734375 0.015625 0.04375
0 0.65859375 0.240625 0.02265625 0.0453125
0 0.69609375 0.25078125 0.015625 0.0375
0 0.71328125 0.26796875 0.0109375 0.015625
0 0.7453125 0.25078125 0.025 0.01640625
0 0.75859375 0.28046875 0.0140625 0.01171875
0 0.80078125 0.303125 0.01796875 0.02265625
0 0.79375 0.27421875 0.01015625 0.009375
0 0.790625 0.25234375 0.0140625 0.015625
0 0.82578125 0.2625 0.0171875 0.0125
0 0.60703125 0.14609375 0.01796875 0.01015625
0 0.640625 0.18046875 0.02109375 0.0265625
0 0.6734375 0.16328125 0.0265625 0.025
0 0.728125 0.19609375 0.02421875 0.0265625
0 0.771875 0.21953125 0.02109375 0.02109375
0 0.315625 0.45625 0.03203125 0.0421875
0 0.39765625 0.45859375 0.025 0.0328125
0 0.371875 0.38828125 0.025 0.028125
1 0.76171875 0.409375 0.02421875 0.03984375
1 0.71640625 0.3265625 0.02265625 0.034375
1 0.88046875 0.35703125 0.03359375 0.0265625