0 0.15078125 0.0390625 0.0375 0.03125
0 0.0890625 0.27421875 0.0265625 0.0375
0 0.2375 0.23359375 0.025 0.03125
0 0.36875 0.03046875 0.0390625 0.025
0 0.38828125 0.1328125 0.0265625 0.03125
0 0.49375 0.1296875 0.028125 0.03125
0 0.46875 0.27421875 0.0234375 0.0296875
0 0.4578125 0.3734375 0.0265625 0.0328125
0 0.53046875 0.4125 0.0265625 0.03125
0 0.5265625 0.35 0.0234375 0.034375
0 0.47265625 0.63515625 0.0390625 0.0375
0 0.39296875 0.6828125 0.0265625 0.0375
0 0.36875 0.7828125 0.03125 0.034375
0 0.35078125 0.89765625 0.025 0.034375
0 0.6453125 0.7484375 0.025 0.0453125
0 0.65703125 0.5671875 0.034375 0.0328125
0 0.64921875 0.49375 0.025 0.0265625
0 0.73515625 0.60390625 0.01875 0.0328125
0 0.73515625 0.49453125 0.01875 0.028125
0 0.6984375 0.4953125 0.0109375 0.0203125
0 0.6625 0.18515625 0.01875 0.028125
0 0.58359375 0.10546875 0.0078125 0.0140625
0 0.82578125 0.35078125 0.0375 0.03125
0 0.834375 0.60625 0.0234375 0.028125
0 0.9171875 0.66640625 0.0140625 0.0234375
0 0.84921875 0.7125 0.015625 0.0234375
0 0.9171875 0.41171875 0.0203125 0.01875
0 0.67890625 0.3859375 0.0296875 0.025
1 0.871875 0.225 0.0171875 0.0671875
1 0.94453125 0.190625 0.0140625 0.053125
1 0.87421875 0.509375 0.015625 0.0734375
1 0.465625 0.53125 0.0171875 0.053125
1 0.259375 0.32578125 0.0203125 0.0484375
0 0.24140625 0.38203125 0.0203125 0.0234375
0 0.1375 0.53359375 0.028125 0.0359375