0 0.19921875 0.13984375 0.021875 0.0109375
0 0.24296875 0.14765625 0.009375 0.00625
0 0.04765625 0.240625 0.0125 0.0078125
0 0.0015625 0.3015625 0.003125 0.009375
0 0.52265625 0.02578125 0.0109375 0.00625
0 0.7921875 0.03984375 0.0171875 0.0109375
0 0.82578125 0.00625 0.0140625 0.00625
0 0.82421875 0.01484375 0.009375 0.00625
0 0.83671875 0.0125 0.009375 0.00625
0 0.5625 0.18046875 0.015625 0.009375
0 0.57109375 0.16796875 0.009375 0.0046875
0 0.46328125 0.31484375 0.0125 0.0078125
0 0.4984375 0.3046875 0.009375 0.009375
0 0.528125 0.30078125 0.0109375 0.009375
0 0.56875 0.2984375 0.0109375 0.009375
0 0.3890625 0.4046875 0.0140625 0.0078125
0 0.2765625 0.50078125 0.0140625 0.0109375
0 0.29609375 0.53671875 0.009375 0.0046875
0 0.20859375 0.60078125 0.009375 0.009375
0 0.16875 0.73359375 0.009375 0.0078125
0 0.16875 0.75546875 0.009375 0.0078125
0 0.190625 0.7875 0.009375 0.0078125
0 0.3078125 0.72421875 0.0125 0.009375
0 0.25 0.77578125 0.009375 0.00625
0 0.2203125 0.8296875 0.009375 0.0078125
0 0.25 0.646875 0.0140625 0.0078125
0 0.47734375 0.5578125 0.0203125 0.03125
0 0.49140625 0.68515625 0.0109375 0.0078125
0 0.5078125 0.6828125 0.0140625 0.0078125
0 0.52109375 0.66484375 0.0109375 0.009375
0 0.48984375 0.62578125 0.0109375 0.0109375
0 0.53828125 0.6359375 0.009375 0.00625
0 0.49453125 0.6078125 0.0125 0.0078125
0 0.5796875 0.53046875 0.0125 0.0078125
0 0.58359375 0.52265625 0.0109375 0.00625
0 0.45546875 0.56796875 0.009375 0.00625
0 0.409375 0.51640625 0.0109375 0.00625
0 0.55703125 0.5109375 0.009375 0.009375
0 0.5453125 0.5140625 0.009375 0.0078125
0 0.51640625 0.5515625 0.0109375 0.00625
0 0.75625 0.725 0.0109375 0.0078125
0 0.79921875 0.70078125 0.009375 0.009375
0 0.7421875 0.66171875 0.0171875 0.009375
0 0.7921875 0.615625 0.0109375 0.0078125
0 0.81875 0.60703125 0.015625 0.009375
0 0.73203125 0.596875 0.0109375 0.0078125
0 0.7359375 0.58359375 0.0078125 0.0078125
0 0.6890625 0.56875 0.0109375 0.009375
0 0.6984375 0.5515625 0.009375 0.0078125
0 0.7359375 0.5375 0.0109375 0.00625
0 0.646875 0.5625 0.0140625 0.0078125
0 0.746875 0.5578125 0.0125 0.00625
0 0.63828125 0.57890625 0.0109375 0.0109375
0 0.68984375 0.61640625 0.0109375 0.0078125
0 0.70390625 0.5921875 0.00625 0.0046875
0 0.709375 0.5828125 0.009375 0.0078125
0 0.7140625 0.5703125 0.0109375 0.0078125
0 0.66796875 0.54375 0.0125 0.0078125
0 0.675 0.53359375 0.009375 0.009375
0 0.9390625 0.54921875 0.0109375 0.009375
0 0.95546875 0.55078125 0.0140625 0.0125
0 0.9703125 0.55703125 0.00625 0.0078125
0 0.87265625 0.53359375 0.0109375 0.00625
0 0.7078125 0.396875 0.0109375 0.0109375
0 0.7109375 0.43671875 0.0109375 0.0109375
0 0.69609375 0.4578125 0.0125 0.00625
0 0.8578125 0.41640625 0.0078125 0.0046875
0 0.84296875 0.409375 0.00625 0.0046875
0 0.921875 0.4234375 0.0109375 0.0078125
0 0.95 0.41484375 0.0109375 0.0078125
0 0.90625 0.390625 0.0078125 0.00625
0 0.865625 0.3234375 0.009375 0.009375
0 0.78359375 0.3171875 0.0078125 0.00625
0 0.79453125 0.31328125 0.009375 0.0078125
0 0.7375 0.3 0.0109375 0.0109375
0 0.80859375 0.28984375 0.0109375 0.0078125
0 0.81484375 0.27578125 0.0078125 0.00625
0 0.8234375 0.2640625 0.00625 0.00625
0 0.9015625 0.27890625 0.009375 0.0078125
0 0.94453125 0.1828125 0.0078125 0.00625
0 0.73515625 0.22578125 0.0125 0.0078125
0 0.80859375 0.14765625 0.0125 0.0078125
0 0.81171875 0.125 0.009375 0.00625
0 0.84921875 0.12421875 0.0078125 0.00625
0 0.83515625 0.11015625 0.0078125 0.0046875
0 0.7765625 0.175 0.0125 0.009375
0 0.853125 0.22734375 0.0109375 0.009375
1 0.7140625 0.1375 0.03125 0.034375
1 0.37734375 0.0875 0.040625 0.0484375