0 0.35625 0.46875 0.0140625 0.0140625
0 0.36171875 0.453125 0.0265625 0.0140625
0 0.3484375 0.659375 0.009375 0.009375
0 0.36171875 0.6703125 0.015625 0.0140625
0 0.21328125 0.7953125 0.015625 0.0125
0 0.20703125 0.58046875 0.009375 0.009375
0 0.21328125 0.55078125 0.0140625 0.0109375
0 0.24921875 0.58203125 0.0140625 0.009375
0 0.3 0.4875 0.0125 0.0171875
0 0.496875 0.50546875 0.015625 0.0125
0 0.54140625 0.521875 0.0140625 0.0140625
0 0.5859375 0.42890625 0.0203125 0.0234375
0 0.18515625 0.36328125 0.028125 0.0140625
0 0.2125 0.35546875 0.0265625 0.0109375
0 0.24375 0.34921875 0.025 0.0125
0 0.2671875 0.34375 0.0296875 0.0109375
0 0.0453125 0.234375 0.040625 0.0125
0 0.0296875 0.259375 0.0203125 0.028125
0 0.11796875 0.23671875 0.0625 0.0125
0 0.84609375 0.49921875 0.0453125 0.015625
0 0.94453125 0.4703125 0.0265625 0.0125
0 0.9546875 0.45625 0.0140625 0.009375
0 0.93984375 0.43359375 0.0203125 0.0109375
0 0.42265625 0.6359375 0.015625 0.015625
0 0.40703125 0.58046875 0.0109375 0.009375
0 0.43046875 0.5859375 0.0125 0.0109375
0 0.2265625 0.5 0.0109375 0.009375
0 0.240625 0.47890625 0.015625 0.009375
0 0.16875 0.6140625 0.0140625 0.021875
0 0.1546875 0.653125 0.0109375 0.028125