0 0.334375 0.025 0.0390625 0.040625
0 0.203125 0.109375 0.0390625 0.03125
0 0.465625 0.1140625 0.0421875 0.0375
0 0.6875 0.04453125 0.0484375 0.04375
0 0.63671875 0.1328125 0.0359375 0.0484375
0 0.70546875 0.209375 0.034375 0.03125
0 0.59375 0.29921875 0.034375 0.0265625
0 0.51875 0.36796875 0.040625 0.034375
0 0.58671875 0.3953125 0.03125 0.0421875
0 0.5359375 0.4484375 0.0421875 0.05
0 0.27421875 0.546875 0.0375 0.03125
0 0.17890625 0.60859375 0.04375 0.046875
0 0.35703125 0.5765625 0.046875 0.04375
0 0.09921875 0.6765625 0.0359375 0.040625
0 0.778125 0.2609375 0.0203125 0.021875
0 0.7796875 0.37109375 0.03125 0.03125
0 0.56328125 0.59921875 0.04375 0.04375
0 0.5171875 0.64921875 0.04375 0.0453125
0 0.39140625 0.76875 0.0375 0.04375
0 0.55234375 0.73515625 0.040625 0.040625
0 0.7734375 0.6140625 0.0390625 0.0375
0 0.615625 0.81015625 0.0265625 0.0375
0 0.55546875 0.8921875 0.0359375 0.0421875
0 0.6203125 0.6546875 0.0328125 0.034375
0 0.625 0.90703125 0.021875 0.0359375
0 0.73125 0.3296875 0.0234375 0.025
0 0.921875 0.27890625 0.015625 0.025
1 0.8828125 0.5734375 0.015625 0.078125
1 0.43828125 0.4578125 0.0203125 0.065625
1 0.3125 0.26875 0.0203125 0.065625
0 0.2015625 0.25390625 0.025 0.0265625
0 0.65703125 0.5328125 0.0203125 0.0296875