0 0.3171875 0.0671875 0.078125 0.0359375
0 0.50859375 0.065625 0.03203125 0.0265625
0 0.40859375 0.12890625 0.08203125 0.0453125
0 0.51171875 0.12578125 0.028125 0.025
0 0.42421875 0.1625 0.0203125 0.01796875
0 0.4609375 0.4796875 0.0484375 0.0234375
0 0.6875 0.3484375 0.028125 0.02109375
0 0.4671875 0.56953125 0.0390625 0.03671875
0 0.61875 0.4328125 0.04296875 0.0265625
0 0.246875 0.5265625 0.0203125 0.01484375
0 0.4140625 0.65 0.05234375 0.034375
0 0.46328125 0.69765625 0.05 0.040625
0 0.66328125 0.453125 0.02421875 0.01484375
0 0.134375 0.65078125 0.02265625 0.01171875
0 0.12421875 0.50625 0.02421875 0.01328125
1 0.153125 0.1328125 0.13828125 0.034375
1 0.63203125 0.0984375 0.06328125 0.0234375
1 0.56796875 0.36015625 0.04296875 0.0328125
1 0.76484375 0.40390625 0.04140625 0.01484375