0 0.62265625 0.16796875 0.05 0.040625
0 0.675 0.1609375 0.0421875 0.040625
0 0.8203125 0.30859375 0.028125 0.0484375
0 0.9296875 0.34609375 0.0375 0.0484375
0 0.959375 0.51796875 0.034375 0.0484375
0 0.9390625 0.45078125 0.0375 0.046875
0 0.84375 0.4328125 0.0328125 0.040625
0 0.83515625 0.625 0.040625 0.046875
0 0.825 0.709375 0.0375 0.0375
0 0.81484375 0.7671875 0.0265625 0.0359375
0 0.77109375 0.73125 0.0296875 0.03125
0 0.68125 0.72734375 0.0296875 0.0421875
0 0.56015625 0.13515625 0.04375 0.0328125
1 0.465625 0.11875 0.034375 0.0984375
1 0.3953125 0.21875 0.0375 0.084375
1 0.49453125 0.24921875 0.01875 0.0421875
1 0.75 0.421875 0.034375 0.096875
1 0.8953125 0.55234375 0.0328125 0.065625
1 0.790625 0.4390625 0.0234375 0.06875