1 0.51953125 0.1625 0.04375 0.103125
1 0.36953125 0.43515625 0.0484375 0.14375
1 0.515625 0.4109375 0.0515625 0.0984375
1 0.20859375 0.3984375 0.1 0.0984375
1 0.69375 0.34453125 0.0640625 0.04375
1 0.84375 0.7125 0.0390625 0.096875
1 0.90859375 0.9046875 0.0625 0.1328125
1 0.4390625 0.8671875 0.1046875 0.1046875
0 0.15390625 0.08359375 0.1265625 0.078125
0 0.31015625 0.14375 0.034375 0.04375
0 0.35 0.11953125 0.053125 0.0609375
0 0.390625 0.12109375 0.0390625 0.05625
0 0.4859375 0.03125 0.065625 0.0625
0 0.634375 0.1734375 0.034375 0.034375
0 0.72421875 0.18515625 0.0296875 0.04375
0 0.81171875 0.19765625 0.034375 0.0453125
0 0.84765625 0.20546875 0.025 0.046875
0 0.7875 0.0859375 0.0375 0.0421875
0 0.87890625 0.1546875 0.0421875 0.0453125
0 0.72578125 0.403125 0.040625 0.0359375
0 0.88203125 0.38359375 0.0453125 0.04375
0 0.98203125 0.434375 0.0359375 0.0375
0 0.8078125 0.4109375 0.059375 0.0578125
0 0.76015625 0.40546875 0.021875 0.0296875
0 0.62734375 0.45390625 0.040625 0.03125
0 0.6140625 0.5 0.034375 0.021875
0 0.6546875 0.5421875 0.1015625 0.05
0 0.78359375 0.50625 0.0296875 0.03125
0 0.8390625 0.5328125 0.0375 0.0296875
0 0.83671875 0.48828125 0.040625 0.025
0 0.88203125 0.46171875 0.034375 0.0234375
0 0.4859375 0.5703125 0.0921875 0.0703125
0 0.3125 0.5578125 0.034375 0.03125
0 0.1078125 0.515625 0.0375 0.046875
0 0.0390625 0.61796875 0.046875 0.05
0 0.01015625 0.65546875 0.0203125 0.0453125
0 0.071875 0.66484375 0.0484375 0.0453125
0 0.14296875 0.65859375 0.046875 0.040625
0 0.13359375 0.915625 0.0375 0.0328125
0 0.2890625 0.90703125 0.0515625 0.05625
0 0.50234375 0.95546875 0.0578125 0.0390625
0 0.71328125 0.7453125 0.028125 0.0328125
0 0.62421875 0.89609375 0.06875 0.059375
0 0.7671875 0.8625 0.0328125 0.028125
0 0.77734375 0.9453125 0.0671875 0.065625
0 0.9515625 0.75234375 0.0375 0.03125
0 0.91484375 0.5625 0.0296875 0.021875