0 0.24765625 0.571875 0.04765625 0.06875
0 0.2921875 0.503125 0.0296875 0.04609375
0 0.35234375 0.41875 0.0234375 0.053125
0 0.38203125 0.4265625 0.0171875 0.0234375
0 0.52890625 0.33359375 0.0390625 0.06328125
0 0.5359375 0.27578125 0.028125 0.05078125
0 0.55625 0.23828125 0.0265625 0.03046875
0 0.70546875 0.1203125 0.0171875 0.04765625
0 0.69921875 0.18125 0.015625 0.06015625
0 0.74765625 0.2578125 0.05078125 0.07265625
0 0.653125 0.42109375 0.065625 0.084375
0 0.69296875 0.3671875 0.03359375 0.0234375
0 0.871875 0.0875 0.03515625 0.05703125
0 0.91171875 0.17109375 0.04453125 0.0671875
0 0.875 0.26484375 0.0390625 0.05625
0 0.8953125 0.40703125 0.040625 0.0296875
1 0.803125 0.4328125 0.01015625 0.08671875
1 0.76328125 0.1203125 0.0109375 0.07265625
1 0.61171875 0.23359375 0.0140625 0.078125
1 0.465625 0.328125 0.01796875 0.07734375
1 0.70546875 0.7578125 0.01953125 0.07578125