0 0.4234375 0.1765625 0.1015625 0.0703125
0 0.5640625 0.184375 0.0609375 0.0421875
0 0.6578125 0.16796875 0.0328125 0.0359375
0 0.69453125 0.16875 0.034375 0.0296875
0 0.6859375 0.19375 0.034375 0.0265625
0 0.74453125 0.12578125 0.0484375 0.04375
0 0.7359375 0.203125 0.0484375 0.05625
0 0.8265625 0.1828125 0.034375 0.0296875
0 0.775 0.26640625 0.0328125 0.0359375
0 0.8296875 0.25625 0.0328125 0.0328125
0 0.8734375 0.24921875 0.025 0.025
0 0.44453125 0.37890625 0.0609375 0.0640625
0 0.37734375 0.365625 0.0375 0.0515625
0 0.55234375 0.3703125 0.04375 0.0453125
0 0.61328125 0.35703125 0.0625 0.0484375
0 0.68125 0.3671875 0.0421875 0.0421875
0 0.7390625 0.45078125 0.05 0.053125
0 0.7890625 0.44765625 0.0421875 0.0734375
0 0.88828125 0.4640625 0.0375 0.065625
0 0.74453125 0.4078125 0.0421875 0.0375
0 0.34140625 0.43828125 0.05 0.053125
0 0.01484375 0.3359375 0.0296875 0.040625
0 0.0046875 0.409375 0.009375 0.065625
0 0.0734375 0.40625 0.06875 0.053125
0 0.15703125 0.43125 0.0421875 0.0375
0 0.240625 0.45078125 0.0625 0.0671875
0 0.39609375 0.471875 0.0421875 0.0546875
0 0.509375 0.490625 0.046875 0.046875
0 0.584375 0.50546875 0.0453125 0.04375
0 0.6421875 0.509375 0.0578125 0.075
0 0.87421875 0.5578125 0.0671875 0.065625
0 0.9328125 0.5453125 0.0421875 0.0546875
0 0.70703125 0.596875 0.0546875 0.05625
0 0.7640625 0.62109375 0.046875 0.053125
0 0.5859375 0.63203125 0.040625 0.0484375
0 0.60546875 0.5875 0.0546875 0.075
0 0.29453125 0.5515625 0.0390625 0.0421875
0 0.365625 0.52890625 0.0625 0.0484375
0 0.43203125 0.55 0.05625 0.0484375
0 0.51953125 0.56171875 0.05625 0.0484375
0 0.96015625 0.66796875 0.0796875 0.0546875
0 0.7046875 0.65546875 0.05 0.046875
0 0.471875 0.6609375 0.06875 0.0921875
0 0.25 0.59140625 0.0390625 0.0328125
0 0.40390625 0.6515625 0.034375 0.0359375
0 0.6015625 0.7046875 0.0765625 0.05
0 0.62890625 0.659375 0.0453125 0.0484375