0 0.56953125 0.153125 0.0453125 0.03359375
0 0.61953125 0.1375 0.03671875 0.03515625
0 0.78671875 0.2609375 0.02109375 0.0453125
0 0.9 0.28046875 0.03046875 0.04375
0 0.95625 0.44609375 0.02734375 0.0453125
0 0.92578125 0.3828125 0.03203125 0.0421875
0 0.82890625 0.3796875 0.02734375 0.03671875
0 0.85078125 0.57109375 0.03515625 0.0421875
0 0.85390625 0.65625 0.03203125 0.03359375
0 0.853125 0.71484375 0.02109375 0.03359375
0 0.80390625 0.6859375 0.02578125 0.02734375
0 0.71484375 0.69609375 0.02421875 0.03828125
0 0.50234375 0.13046875 0.03984375 0.02734375
1 0.40625 0.12890625 0.01953125 0.096875
1 0.35234375 0.23828125 0.02421875 0.08203125
1 0.45546875 0.253125 0.0125 0.040625
1 0.734375 0.38359375 0.01953125 0.0953125
1 0.8984375 0.48984375 0.02265625 0.0625
1 0.77734375 0.39453125 0.0125 0.0671875