1 0.7875 0.1625 0.028125 0.0796875
1 0.95625 0.16328125 0.0203125 0.0546875
1 0.8546875 0.0984375 0.0140625 0.0453125
1 0.9671875 0.37890625 0.0296875 0.08125
1 0.68046875 0.16953125 0.025 0.0703125
0 0.16328125 0.15546875 0.0328125 0.0296875
0 0.15546875 0.2671875 0.0265625 0.0328125
0 0.2640625 0.2109375 0.0234375 0.025
0 0.15546875 0.42890625 0.028125 0.034375
0 0.23515625 0.34296875 0.0234375 0.065625
0 0.2859375 0.275 0.0171875 0.03125
0 0.2953125 0.2859375 0.0234375 0.0734375
0 0.29296875 0.3515625 0.0171875 0.0328125
0 0.28125 0.40234375 0.0203125 0.046875
0 0.26015625 0.46171875 0.0234375 0.053125
0 0.33046875 0.265625 0.0359375 0.11875
0 0.353125 0.21875 0.0234375 0.075
0 0.35859375 0.28203125 0.028125 0.121875
0 0.3265625 0.40703125 0.01875 0.03125
0 0.325 0.45703125 0.0296875 0.05
0 0.29375 0.634375 0.0203125 0.040625
0 0.25625 0.58203125 0.0265625 0.0484375
0 0.41953125 0.2453125 0.0296875 0.1046875
0 0.38046875 0.46640625 0.0421875 0.1046875
0 0.37265625 0.55390625 0.028125 0.0375
0 0.35859375 0.59921875 0.028125 0.0359375
0 0.35390625 0.65 0.028125 0.046875
0 0.4265625 0.42890625 0.0296875 0.04375
0 0.41953125 0.4609375 0.028125 0.0203125
0 0.396875 0.578125 0.01875 0.03125
0 0.34140625 0.7359375 0.021875 0.0640625
0 0.3 0.79765625 0.025 0.04375
0 0.440625 0.56953125 0.0265625 0.053125
0 0.43046875 0.65390625 0.0296875 0.090625
0 0.48984375 0.746875 0.021875 0.0265625
0 0.515625 0.75390625 0.03125 0.0546875
0 0.5890625 0.734375 0.028125 0.0359375
0 0.58828125 0.8046875 0.0171875 0.028125
0 0.59921875 0.68125 0.040625 0.0546875
0 0.57109375 0.253125 0.04375 0.0609375
0 0.58125 0.37734375 0.025 0.0515625
0 0.5921875 0.53125 0.0390625 0.0640625
0 0.75546875 0.5328125 0.03125 0.0421875
0 0.7671875 0.596875 0.028125 0.0390625
0 0.82421875 0.4625 0.0421875 0.059375
0 0.86015625 0.53515625 0.0359375 0.053125
0 0.8390625 0.646875 0.025 0.034375
0 0.8703125 0.70625 0.053125 0.0546875
0 0.896875 0.7671875 0.05 0.0453125
0 0.896875 0.55 0.03125 0.0578125