0 0.30546875 0.23125 0.04375 0.040625
0 0.33828125 0.56015625 0.0359375 0.0359375
0 0.4125 0.5265625 0.03125 0.040625
0 0.44296875 0.55859375 0.028125 0.0515625
0 0.48125 0.5875 0.0359375 0.0546875
0 0.59921875 0.65546875 0.040625 0.0421875
0 0.6625 0.5375 0.028125 0.0390625
0 0.42578125 0.77890625 0.0328125 0.05
0 0.49296875 0.74140625 0.03125 0.040625
0 0.08515625 0.5296875 0.0359375 0.0390625
0 0.27578125 0.38046875 0.0375 0.05
0 0.5703125 0.3125 0.028125 0.040625
0 0.51015625 0.37734375 0.0296875 0.040625
0 0.696875 0.15234375 0.04375 0.05
0 0.81015625 0.19375 0.0375 0.0453125
0 0.6796875 0.0546875 0.0375 0.04375
0 0.3671875 0.0484375 0.034375 0.04375
1 0.503125 0.1078125 0.0265625 0.0796875
1 0.65 0.3796875 0.0390625 0.109375
1 0.5578125 0.83828125 0.0328125 0.1203125
1 0.22578125 0.721875 0.0328125 0.103125
0 0.74609375 0.4171875 0.0421875 0.0546875
0 0.61796875 0.2453125 0.0484375 0.0453125