0 0.07734375 0.60234375 0.053125 0.03125
0 0.14609375 0.60859375 0.075 0.0390625
0 0.26875 0.47265625 0.05 0.040625
0 0.3296875 0.47890625 0.059375 0.0453125
0 0.2234375 0.484375 0.028125 0.028125
0 0.20625 0.67421875 0.0796875 0.075
0 0.15546875 0.69921875 0.03125 0.05
0 0.015625 0.75703125 0.03125 0.0484375
0 0.0890625 0.8125 0.078125 0.075
0 0.18515625 0.80078125 0.05625 0.059375
0 0.45234375 0.328125 0.0625 0.028125
0 0.440625 0.3609375 0.04375 0.03125
0 0.44453125 0.4203125 0.0453125 0.0671875
0 0.5390625 0.2921875 0.046875 0.05
0 0.51484375 0.39375 0.0421875 0.0578125
0 0.609375 0.26796875 0.0578125 0.075
1 0.65390625 0.7328125 0.0296875 0.0578125
1 0.28984375 0.73125 0.0265625 0.0625
1 0.38984375 0.75390625 0.028125 0.0609375
1 0.22578125 0.58203125 0.0390625 0.0546875
1 0.115625 0.70859375 0.05 0.0828125
1 0.0625 0.66484375 0.025 0.0484375
1 0.00859375 0.61875 0.0171875 0.046875