0 0.084375 0.60625 0.0375 0.05625
0 0.24765625 0.5546875 0.0578125 0.096875
0 0.38984375 0.39140625 0.04375 0.0734375
0 0.5140625 0.1578125 0.0328125 0.0359375
0 0.5390625 0.209375 0.0359375 0.0328125
0 0.475 0.33359375 0.025 0.034375
0 0.80234375 0.3265625 0.025 0.0328125
0 0.784375 0.23828125 0.04375 0.0578125
0 0.8359375 0.4203125 0.0359375 0.0390625
0 0.76484375 0.15625 0.0375 0.0375
0 0.7421875 0.22109375 0.0390625 0.0515625
0 0.86015625 0.51875 0.0421875 0.05625
0 0.878125 0.63125 0.05 0.0765625
0 0.9828125 0.24453125 0.034375 0.0390625
0 0.671875 0.67265625 0.0375 0.0484375
0 0.68203125 0.77734375 0.0359375 0.0546875
1 0.35546875 0.03984375 0.034375 0.059375
1 0.33046875 0.20703125 0.034375 0.06875
1 0.38515625 0.2734375 0.046875 0.084375