1 0.27265625 0.1203125 0.021875 0.0546875
1 0.20234375 0.09921875 0.0171875 0.059375
1 0.34453125 0.05078125 0.0203125 0.0546875
1 0.234375 0.296875 0.0171875 0.0609375
1 0.3265625 0.253125 0.01875 0.0609375
1 0.8890625 0.396875 0.0203125 0.0609375
0 0.48203125 0.159375 0.025 0.028125
0 0.5 0.1265625 0.025 0.040625
0 0.52890625 0.11640625 0.021875 0.0296875
0 0.41328125 0.140625 0.0296875 0.0375
0 0.51171875 0.20625 0.034375 0.0328125
0 0.12578125 0.6890625 0.0328125 0.0671875
0 0.27109375 0.58359375 0.0375 0.0625
0 0.43984375 0.340625 0.025 0.03125
0 0.4890625 0.2671875 0.0234375 0.0328125
0 0.85546875 0.4859375 0.0390625 0.0375
0 0.7875 0.2953125 0.0234375 0.0328125
0 0.83125 0.18671875 0.0328125 0.046875
0 0.71640625 0.19765625 0.0265625 0.04375
0 0.96171875 0.20390625 0.0234375 0.0375