0 0.4546875 0.0328125 0.071875 0.065625
0 0.12578125 0.1078125 0.121875 0.075
0 0.28125 0.16328125 0.0390625 0.0453125
0 0.3203125 0.13203125 0.059375 0.0609375
0 0.36875 0.13203125 0.0453125 0.0609375
0 0.61484375 0.16796875 0.034375 0.04375
0 0.7046875 0.171875 0.0359375 0.04375
0 0.78828125 0.1765625 0.0359375 0.0515625
0 0.8296875 0.18203125 0.03125 0.04375
0 0.765625 0.06328125 0.0328125 0.0328125
0 0.8515625 0.12890625 0.0390625 0.0421875
0 0.71640625 0.3890625 0.034375 0.0328125
0 0.8 0.39375 0.0609375 0.0578125
0 0.8671875 0.3609375 0.040625 0.0375
0 0.9796875 0.40078125 0.040625 0.0515625
0 0.87421875 0.43125 0.025 0.028125
0 0.90546875 0.45390625 0.0296875 0.0265625
0 0.840625 0.46640625 0.0390625 0.028125
0 0.78671875 0.4875 0.034375 0.0328125
0 0.6296875 0.44609375 0.0546875 0.0375
0 0.61015625 0.4890625 0.0203125 0.0171875
0 0.6390625 0.51328125 0.028125 0.028125
0 0.6890625 0.52265625 0.0609375 0.0640625
0 0.54765625 0.503125 0.0296875 0.021875
0 0.52734375 0.57421875 0.034375 0.0515625
0 0.47109375 0.578125 0.0625 0.0546875
0 0.315625 0.571875 0.034375 0.025
0 0.11484375 0.54296875 0.040625 0.03125
0 0.05390625 0.65546875 0.0625 0.0453125
0 0.01640625 0.69296875 0.0328125 0.0453125
0 0.0828125 0.69296875 0.0734375 0.05625
0 0.1515625 0.6828125 0.0484375 0.0359375
0 0.321875 0.9234375 0.0671875 0.0625
0 0.1671875 0.93828125 0.0375 0.028125
0 0.73125 0.7328125 0.0609375 0.0421875
0 0.79140625 0.83671875 0.0328125 0.034375
0 0.80703125 0.9296875 0.071875 0.078125
0 0.5359375 0.95625 0.0484375 0.0453125
0 0.646875 0.8859375 0.0625 0.0578125
0 0.92265625 0.53203125 0.040625 0.034375
0 0.96484375 0.71953125 0.028125 0.04375
1 0.84609375 0.665625 0.040625 0.0703125
1 0.34765625 0.3859375 0.0296875 0.0546875