1 0.1703125 0.08203125 0.01875 0.053125
1 0.165625 0.31796875 0.025 0.1078125
1 0.1421875 0.4359375 0.0125 0.0421875
1 0.24296875 0.2796875 0.028125 0.0703125
1 0.8484375 0.303125 0.0140625 0.0421875
1 0.965625 0.07265625 0.0171875 0.059375
0 0.37890625 0.1703125 0.0265625 0.0390625
0 0.40859375 0.1265625 0.0296875 0.034375
0 0.425 0.2203125 0.025 0.0296875
0 0.465625 0.23203125 0.0296875 0.0328125
0 0.409375 0.34453125 0.021875 0.0265625
0 0.43671875 0.2953125 0.021875 0.0203125
0 0.27890625 0.7078125 0.01875 0.2109375
0 0.17109375 0.8625 0.040625 0.0453125
0 0.65234375 0.14296875 0.01875 0.025
0 0.70859375 0.10390625 0.0296875 0.0484375
0 0.84453125 0.0796875 0.0234375 0.021875
0 0.71328125 0.22421875 0.0234375 0.03125
0 0.81953125 0.36171875 0.0359375 0.0515625
0 0.8625 0.41796875 0.025 0.0296875
0 0.9109375 0.47265625 0.0171875 0.0359375
0 0.9265625 0.528125 0.0359375 0.05
0 0.92578125 0.34765625 0.028125 0.0265625
0 0.853125 0.21171875 0.025 0.0359375
0 0.78515625 0.178125 0.0203125 0.0296875
0 0.59140625 0.11484375 0.021875 0.0234375
0 0.54765625 0.0421875 0.0234375 0.0296875