1 0.5625 0.328125 0.03125 0.15625
1 0.6625 0.5140625 0.03125 0.121875
1 0.421875 0.8125 0.0375 0.13125
1 0.9734375 0.50625 0.053125 0.13125
1 0.925 0.115625 0.04375 0.09375
1 0.5109375 0.1171875 0.046875 0.090625
0 0.0578125 0.41328125 0.0484375 0.0515625
0 0.07578125 0.621875 0.04453125 0.05
0 0.16875 0.72734375 0.08046875 0.06796875
0 0.1609375 0.88671875 0.05 0.0515625
0 0.2453125 0.85390625 0.03359375 0.0390625
0 0.334375 0.76171875 0.02890625 0.03046875
0 0.428125 0.4765625 0.06640625 0.05390625
0 0.4453125 0.53125 0.0734375 0.0375
0 0.5359375 0.64296875 0.05 0.1109375
0 0.20703125 0.05859375 0.05703125 0.04296875
0 0.2578125 0.0796875 0.04140625 0.0484375
0 0.22578125 0.1234375 0.0484375 0.05703125
0 0.24453125 0.184375 0.0359375 0.05390625
0 0.3796875 0.11328125 0.04453125 0.0484375
0 0.4015625 0.18125 0.02109375 0.0265625
0 0.5875 0.60390625 0.02890625 0.0609375
0 0.58828125 0.75546875 0.01953125 0.025
0 0.58671875 0.82265625 0.0125 0.05546875
0 0.621875 0.809375 0.025 0.0359375
0 0.65546875 0.86328125 0.03203125 0.04140625
0 0.67421875 0.68671875 0.0265625 0.05546875
0 0.68203125 0.75859375 0.03203125 0.0484375
0 0.73203125 0.8109375 0.025 0.02890625
0 0.72265625 0.940625 0.03046875 0.08359375
0 0.33203125 0.35078125 0.03203125 0.08046875
0 0.39921875 0.31953125 0.0265625 0.03203125
0 0.81171875 0.04375 0.06640625 0.08359375
0 0.79296875 0.196875 0.03203125 0.0390625
0 0.83359375 0.22578125 0.03046875 0.0484375
0 0.85390625 0.26796875 0.02890625 0.05390625
0 0.97265625 0.334375 0.0484375 0.06796875
0 0.86640625 0.51796875 0.025 0.025
0 0.8796875 0.6109375 0.0265625 0.04609375
0 0.9 0.69375 0.03203125 0.0234375
0 0.96171875 0.7421875 0.03046875 0.03046875