1 0.2984375 0.21875 0.0359375 0.0578125
1 0.6171875 0.2078125 0.0234375 0.040625
1 0.60546875 0.58671875 0.0265625 0.0640625
1 0.4125 0.7859375 0.0328125 0.0640625
1 0.796875 0.6703125 0.0296875 0.059375
0 0.4546875 0.203125 0.040625 0.0421875
0 0.34453125 0.41484375 0.0390625 0.0328125
0 0.35078125 0.3765625 0.025 0.025
0 0.41328125 0.45078125 0.0328125 0.0296875
0 0.45078125 0.41796875 0.034375 0.0390625
0 0.48125 0.39765625 0.0359375 0.0328125
0 0.2671875 0.5796875 0.03125 0.0296875
0 0.4859375 0.515625 0.03125 0.034375
0 0.496875 0.5953125 0.028125 0.0375
0 0.5453125 0.67265625 0.034375 0.0359375
0 0.6046875 0.3453125 0.03125 0.0328125
0 0.50859375 0.25078125 0.040625 0.0375
0 0.2828125 0.72890625 0.034375 0.0296875
0 0.328125 0.909375 0.0359375 0.034375
0 0.63515625 0.93046875 0.0375 0.0421875
0 0.6515625 0.840625 0.0359375 0.046875
0 0.5890625 0.73359375 0.03125 0.0328125
0 0.58203125 0.8046875 0.025 0.0328125
0 0.771875 0.7984375 0.0296875 0.0296875
0 0.72109375 0.58671875 0.0421875 0.0421875
0 0.65703125 0.45234375 0.0296875 0.028125
0 0.4109375 0.99609375 0.034375 0.0078125