1 0.259375 0.553125 0.0390625 0.10703125
1 0.44921875 0.59140625 0.02890625 0.10390625
1 0.48671875 0.8765625 0.03125 0.11171875
1 0.63046875 0.24375 0.03125 0.12734375
1 0.98671875 0.19375 0.0265625 0.075
0 0.68671875 0.49140625 0.05234375 0.06640625
0 0.63125 0.4921875 0.0390625 0.04375
0 0.534375 0.43203125 0.03359375 0.04921875
0 0.48125 0.4234375 0.04375 0.06015625
0 0.54375 0.5 0.02265625 0.01953125
0 0.60703125 0.51640625 0.025 0.01796875
0 0.62734375 0.56171875 0.04921875 0.03828125
0 0.70859375 0.628125 0.0390625 0.03125
0 0.746875 0.63046875 0.01796875 0.0296875
0 0.79765625 0.62578125 0.0296875 0.015625
0 0.8625 0.665625 0.028125 0.0296875
0 0.7859375 0.534375 0.0265625 0.025
0 0.8328125 0.5578125 0.03828125 0.02265625
0 0.8421875 0.52265625 0.0265625 0.025
0 0.89921875 0.57578125 0.03359375 0.03125
0 0.86875 0.58984375 0.028125 0.0296875
0 0.98359375 0.6328125 0.0328125 0.04375
0 0.921875 0.49921875 0.01953125 0.02109375
0 0.79140625 0.45 0.0171875 0.01953125
0 0.98671875 0.309375 0.0265625 0.0390625
0 0.74453125 0.2875 0.025 0.0265625
0 0.8171875 0.18203125 0.03203125 0.03203125
0 0.83203125 0.09765625 0.0421875 0.040625
0 0.8890625 0.08125 0.03203125 0.025
0 0.684375 0.12734375 0.05078125 0.06015625
0 0.565625 0.053125 0.04921875 0.028125
0 0.3375 0.06875 0.02265625 0.05078125
0 0.36640625 0.05703125 0.02265625 0.03203125
0 0.19375 0.04296875 0.028125 0.0265625
0 0.03125 0.26953125 0.03125 0.03671875
0 0.059375 0.31953125 0.04921875 0.0265625
0 0.1015625 0.27578125 0.0546875 0.05078125
0 0.165625 0.29921875 0.0390625 0.053125
0 0.184375 0.259375 0.028125 0.0265625
0 0.3453125 0.3453125 0.028125 0.03359375
0 0.31953125 0.41328125 0.0265625 0.01953125
0 0.109375 0.43515625 0.03125 0.040625
0 0.184375 0.4359375 0.0171875 0.03125
0 0.1 0.87109375 0.10703125 0.05625
0 0.26015625 0.82890625 0.025 0.0390625
0 0.2984375 0.85 0.0265625 0.03671875
0 0.34375 0.8671875 0.02421875 0.0390625
0 0.41796875 0.965625 0.05234375 0.06796875
0 0.58984375 0.84140625 0.02109375 0.03125
0 0.68359375 0.84140625 0.02421875 0.03125
0 0.76640625 0.8421875 0.0265625 0.04375
0 0.80859375 0.84375 0.015625 0.0265625
0 0.8234375 0.8953125 0.01953125 0.0421875