1 0.52421875 0.08515625 0.0234375 0.046875
1 0.3859375 0.14453125 0.021875 0.0421875
1 0.5984375 0.0546875 0.0234375 0.0484375
1 0.50859375 0.24765625 0.01875 0.0359375
1 0.875 0.64921875 0.0328125 0.0640625
0 0.68828125 0.25078125 0.0359375 0.034375
0 0.81796875 0.65234375 0.0390625 0.046875
0 0.8890625 0.3953125 0.0328125 0.0359375
0 0.959375 0.41640625 0.040625 0.040625
0 0.8578125 0.3625 0.03125 0.053125
0 0.61484375 0.7859375 0.0359375 0.071875
0 0.1625 0.34609375 0.0390625 0.04375
0 0.28671875 0.39921875 0.034375 0.0421875
0 0.70390625 0.1875 0.046875 0.0265625
0 0.75 0.18046875 0.0265625 0.028125
0 0.54609375 0.7359375 0.0296875 0.059375
0 0.73125 0.7640625 0.0328125 0.028125
0 0.86328125 0.48828125 0.0328125 0.0296875