0 0.4546875 0.0375 0.096875 0.075
0 0.128125 0.1109375 0.125 0.07109375
0 0.28125 0.16171875 0.03359375 0.046875
0 0.3203125 0.134375 0.04375 0.05234375
0 0.371875 0.134375 0.0453125 0.065625
0 0.6109375 0.16796875 0.02890625 0.03515625
0 0.70234375 0.175 0.03515625 0.03671875
0 0.78828125 0.1796875 0.025 0.0421875
0 0.83046875 0.18125 0.02890625 0.03203125
0 0.85 0.1265625 0.03046875 0.03046875
0 0.87265625 0.36328125 0.0390625 0.03515625
0 0.984375 0.40234375 0.03125 0.0296875
0 0.8015625 0.3859375 0.04921875 0.05078125
0 0.89453125 0.44375 0.05546875 0.03359375
0 0.83515625 0.46484375 0.03203125 0.025
0 0.84140625 0.5078125 0.040625 0.02734375
0 0.7171875 0.390625 0.03515625 0.021875
0 0.784375 0.4859375 0.03671875 0.03046875
0 0.62421875 0.44765625 0.04375 0.03203125
0 0.68515625 0.52265625 0.059375 0.0671875
0 0.62890625 0.51875 0.0234375 0.03203125
0 0.60546875 0.49375 0.02734375 0.02734375
0 0.54375 0.51171875 0.02890625 0.02890625
0 0.52421875 0.575 0.03046875 0.0640625
0 0.46875 0.5796875 0.05703125 0.0671875
0 0.3078125 0.571875 0.0390625 0.03671875
0 0.18125 0.53984375 0.021875 0.03046875
0 0.109375 0.54296875 0.040625 0.04375
0 0.04609375 0.64921875 0.059375 0.03671875
0 0.08515625 0.68984375 0.0625 0.04375
0 0.15 0.6828125 0.03671875 0.046875
0 0.32109375 0.6453125 0.07265625 0.0453125
0 0.02734375 0.6943359375 0.021484375 0.6845703125 0.0048828125 0.67578125 0 0.7041015625 0.025390625 0.7060546875 0.02734375 0.6943359375
0 0.0203125 0.69296875 0.03671875 0.05078125
0 0.16328125 0.93828125 0.040625 0.02890625
0 0.2234375 0.91328125 0.03203125 0.0390625
0 0.3171875 0.92265625 0.05390625 0.0640625
0 0.53046875 0.95234375 0.05546875 0.046875
0 0.72734375 0.73125 0.05234375 0.0390625
0 0.79921875 0.84296875 0.046875 0.04375
0 0.809375 0.93046875 0.0609375 0.0640625
0 0.97578125 0.7234375 0.03515625 0.03671875
1 0.94609375 0.85078125 0.0171875 0.09609375
1 0.81171875 0.64921875 0.025 0.07421875
1 0.52109375 0.83203125 0.0203125 0.065625
1 0.39296875 0.90234375 0.03046875 0.09140625
1 0.4 0.4875 0.02734375 0.1015625
1 0.47265625 0.1984375 0.01171875 0.065625
1 0.22421875 0.409375 0.03359375 0.1015625