0 0.27421875 0.25703125 0.0390625 0.0359375
0 0.346875 0.5796875 0.03203125 0.03203125
0 0.41640625 0.53671875 0.02734375 0.0375
0 0.45078125 0.56484375 0.021875 0.04921875
0 0.4921875 0.5890625 0.03046875 0.05078125
0 0.6171875 0.6421875 0.0359375 0.0375
0 0.665625 0.5171875 0.0234375 0.0359375
0 0.46015625 0.7859375 0.02734375 0.04765625
0 0.52265625 0.740625 0.02734375 0.0375
0 0.0921875 0.5796875 0.03203125 0.0359375
0 0.2625 0.40859375 0.03203125 0.04609375
0 0.546875 0.30546875 0.0234375 0.0375
0 0.4953125 0.37734375 0.02578125 0.0375
0 0.653125 0.13125 0.0390625 0.04609375
0 0.7703125 0.15859375 0.03203125 0.0421875
0 0.62421875 0.0359375 0.03203125 0.040625
0 0.31328125 0.06796875 0.02890625 0.040625
1 0.45546875 0.11015625 0.0171875 0.078125
1 0.634375 0.3625 0.02578125 0.10703125
1 0.5984375 0.82890625 0.01875 0.11875
1 0.2546875 0.75390625 0.0203125 0.1015625
0 0.734375 0.3875 0.0359375 0.05078125
0 0.5859375 0.2328125 0.04453125 0.040625