0 0.40859375 0.915625 0.059375 0.059375
0 0.40703125 0.9734375 0.0515625 0.053125
0 0.33984375 0.9859375 0.0296875 0.028125
0 0.303125 0.9796875 0.040625 0.040625
0 0.32421875 0.94140625 0.03125 0.0359375
0 0.33203125 0.9 0.028125 0.0359375
0 0.34296875 0.87265625 0.0390625 0.0453125
0 0.3421875 0.82734375 0.034375 0.0453125
0 0.353125 0.79921875 0.034375 0.0359375
0 0.37421875 0.74609375 0.046875 0.04375
0 0.5125 0.821875 0.0390625 0.0375
0 0.48359375 0.915625 0.0546875 0.0609375
0 0.5078125 0.92578125 0.021875 0.0296875
0 0.5109375 0.7765625 0.040625 0.05
0 0.553125 0.771875 0.0328125 0.0359375
0 0.5453125 0.80703125 0.028125 0.0328125
0 0.34140625 0.621875 0.040625 0.0484375
0 0.32265625 0.740625 0.0296875 0.0359375
0 0.29765625 0.81953125 0.028125 0.034375
0 0.2734375 0.92734375 0.046875 0.05
0 0.24921875 0.99453125 0.0421875 0.0109375
0 0.384375 0.6234375 0.034375 0.0328125
0 0.39921875 0.6484375 0.04375 0.0328125
0 0.41484375 0.55234375 0.0296875 0.028125
0 0.33515625 0.5796875 0.0296875 0.040625
0 0.3609375 0.56015625 0.0421875 0.0375
0 0.3578125 0.48515625 0.0375 0.034375
0 0.39140625 0.4671875 0.034375 0.0375
0 0.31640625 0.65390625 0.0234375 0.034375
0 0.459375 0.6796875 0.0515625 0.05
0 0.465625 0.621875 0.0359375 0.0328125
0 0.5921875 0.46796875 0.0421875 0.05625
0 0.48125 0.54765625 0.0359375 0.0515625
0 0.5359375 0.3609375 0.0421875 0.0546875
0 0.45 0.39453125 0.0421875 0.0484375
0 0.39375 0.4234375 0.021875 0.021875
0 0.55546875 0.51328125 0.021875 0.03125
0 0.59140625 0.5875 0.0265625 0.0296875
0 0.6078125 0.64140625 0.046875 0.0515625
0 0.51953125 0.271875 0.0421875 0.053125
0 0.54765625 0.18359375 0.034375 0.0421875
0 0.56484375 0.11484375 0.0328125 0.040625
0 0.57734375 0.075 0.0453125 0.0390625
0 0.48046875 0.240625 0.0296875 0.0375
0 0.63984375 0.021875 0.0328125 0.0390625
0 0.39296875 0.27578125 0.0265625 0.0359375
0 0.39921875 0.31796875 0.0296875 0.0265625
0 0.42734375 0.3234375 0.0265625 0.0359375
0 0.48046875 0.31640625 0.034375 0.0265625
0 0.590625 0.33125 0.021875 0.025
0 0.78203125 0.4375 0.0328125 0.0375
0 0.76796875 0.47421875 0.040625 0.0484375
0 0.6375 0.5203125 0.0265625 0.025
0 0.6375 0.484375 0.025 0.021875
0 0.6 0.40390625 0.0296875 0.034375
0 0.73125 0.55625 0.021875 0.03125
0 0.78125 0.5859375 0.0421875 0.03125
0 0.69375 0.68828125 0.0296875 0.0328125
0 0.70625 0.64296875 0.01875 0.0234375
0 0.76484375 0.72578125 0.0421875 0.0375
0 0.7421875 0.76875 0.0578125 0.05
0 0.73515625 0.81328125 0.0453125 0.0359375
0 0.753125 0.865625 0.0421875 0.0359375
0 0.81328125 0.77265625 0.0265625 0.0234375
0 0.58828125 0.7140625 0.025 0.0328125
0 0.7859375 0.65234375 0.0234375 0.0265625
0 0.9796875 0.7328125 0.0375 0.0375
0 0.63828125 0.5515625 0.0234375 0.0265625