0 0.609375 0.034375 0.03125 0.021875
0 0.64140625 0.23125 0.0359375 0.025
0 0.42578125 0.3421875 0.034375 0.0234375
0 0.4640625 0.40859375 0.0265625 0.0234375
0 0.50859375 0.40703125 0.0328125 0.028125
0 0.5484375 0.40703125 0.0328125 0.0359375
0 0.68046875 0.43359375 0.0296875 0.0234375
0 0.65703125 0.3078125 0.0375 0.0265625
0 0.45 0.31328125 0.025 0.0265625
0 0.22265625 0.2078125 0.0453125 0.0265625
0 0.26953125 0.42734375 0.034375 0.025
0 0.0375 0.515625 0.0375 0.0296875
0 0.1953125 0.56328125 0.0359375 0.0171875
0 0.4796875 0.50078125 0.028125 0.01875
0 0.4421875 0.5703125 0.040625 0.03125
0 0.11953125 0.73203125 0.03125 0.0203125
0 0.13125 0.8578125 0.034375 0.0265625
0 0.0875 0.8234375 0.021875 0.01875
0 0.1796875 0.91015625 0.0375 0.0265625
0 0.09453125 0.95625 0.025 0.021875
0 0.36171875 0.9265625 0.034375 0.034375
0 0.42890625 0.86640625 0.034375 0.028125
0 0.43828125 0.74296875 0.03125 0.028125
0 0.43984375 0.66953125 0.034375 0.0328125
0 0.65703125 0.5515625 0.0265625 0.021875
0 0.63046875 0.69609375 0.0296875 0.03125
0 0.54453125 0.9 0.03125 0.0265625
1 0.71953125 0.63984375 0.01875 0.0453125
1 0.5640625 0.6390625 0.021875 0.0390625
1 0.775 0.24765625 0.00625 0.0359375
1 0.57265625 0.15625 0.0203125 0.046875
1 0.7578125 0.10078125 0.015625 0.05
1 0.340625 0.371875 0.0140625 0.04375