1 0.1859375 0.05 0.059375 0.0875
1 0.5109375 0.61875 0.028125 0.15
1 0.6265625 0.559375 0.028125 0.30625
1 0.5515625 0.8359375 0.034375 0.134375
1 0.984375 0.8546875 0.03125 0.171875
1 0.787109375 0.6083984375 0.796875 0.6455078125 0.818359375 0.6474609375 0.830078125 0.6416015625 0.83203125 0.6240234375 0.830078125 0.5322265625 0.8251953125 0.541015625 0.822265625 0.5205078125 0.8017578125 0.513671875 0.791015625 0.5458984375 0.787109375 0.6083984375
0 0.090625 0.12109375 0.0328125 0.034375
0 0.10703125 0.1703125 0.06875 0.0609375
0 0.328125 0.02421875 0.0359375 0.04375
0 0.19296875 0.1890625 0.034375 0.040625
0 0.17265625 0.2421875 0.0265625 0.028125
0 0.14140625 0.32890625 0.0625 0.059375
0 0.05625 0.4453125 0.0359375 0.053125
0 0.06953125 0.6546875 0.046875 0.0375
0 0.04765625 0.8125 0.0390625 0.040625
0 0.2953125 0.2609375 0.021875 0.0296875
0 0.27578125 0.90625 0.0359375 0.0390625
0 0.3109375 0.94375 0.053125 0.0671875
0 0.26875 0.9765625 0.0375 0.046875
0 0.23984375 0.90859375 0.025 0.0265625
0 0.25234375 0.8265625 0.021875 0.0359375
0 0.29140625 0.84140625 0.034375 0.05
0 0.43125 0.88984375 0.0375 0.0359375
0 0.4359375 0.825 0.034375 0.03125
0 0.2828125 0.72109375 0.01875 0.025
0 0.34609375 0.67265625 0.04375 0.075
0 0.41640625 0.69140625 0.025 0.040625
0 0.4328125 0.5125 0.0609375 0.109375
0 0.503125 0.465625 0.01875 0.025
0 0.49765625 0.34609375 0.0625 0.103125
0 0.56796875 0.38515625 0.0328125 0.040625
0 0.6484375 0.215625 0.046875 0.0609375
0 0.5984375 0.12265625 0.03125 0.05625
0 0.67890625 0.14921875 0.028125 0.05
0 0.56875 0.178125 0.025 0.034375
0 0.5296875 0.16875 0.03125 0.03125
0 0.546875 0.22421875 0.01875 0.03125
0 0.6453125 0.02578125 0.034375 0.0515625
0 0.5125 0.0890625 0.0296875 0.025
0 0.8546875 0.20546875 0.034375 0.021875
0 0.909375 0.18515625 0.0375 0.03125
0 0.85625 0.24375 0.0375 0.025
0 0.84765625 0.328125 0.0328125 0.0359375
0 0.9703125 0.28203125 0.0296875 0.0375
0 0.846875 0.41953125 0.025 0.025
0 0.975 0.5921875 0.05 0.0578125
0 0.86796875 0.66328125 0.04375 0.040625
0 0.85546875 0.7171875 0.05625 0.046875
0 0.82578125 0.74453125 0.0265625 0.03125
0 0.8640625 0.89765625 0.05625 0.1265625