0 0.0140625 0.0671875 0.028125 0.021875
0 0.10625 0.103125 0.02734375 0.02734375
0 0.06171875 0.1640625 0.03828125 0.03046875
0 0.0734375 0.296875 0.02890625 0.03046875
0 0.4046875 0.2421875 0.03984375 0.03671875
0 0.2921875 0.06640625 0.03046875 0.02890625
0 0.3625 0.11015625 0.0453125 0.04140625
0 0.48671875 0.06171875 0.03984375 0.02578125
0 0.40546875 0.32109375 0.03203125 0.03671875
0 0.603125 0.265625 0.02578125 0.04140625
0 0.421875 0.4125 0.01796875 0.02734375
0 0.475 0.49140625 0.02421875 0.02421875
0 0.68203125 0.52890625 0.03984375 0.02890625
0 0.64375 0.4109375 0.03359375 0.02734375
0 0.56015625 0.5765625 0.04296875 0.03046875
0 0.5109375 0.578125 0.03046875 0.03046875
0 0.46328125 0.58125 0.03203125 0.03046875
0 0.678125 0.66640625 0.03203125 0.03984375
0 0.67109375 0.74609375 0.03359375 0.02890625
0 0.434375 0.65625 0.04140625 0.03515625
0 0.4671875 0.68046875 0.02734375 0.02109375
0 0.26875 0.5890625 0.03515625 0.02109375
0 0.16953125 0.46484375 0.03203125 0.02578125
0 0.0265625 0.52578125 0.03203125 0.03203125
0 0.1578125 0.59765625 0.05 0.02265625
0 0.246875 0.815625 0.03046875 0.03046875
1 0.8328125 0.68828125 0.01953125 0.05625
1 0.60546875 0.8859375 0.01796875 0.0546875
1 0.7421875 0.47265625 0.01640625 0.04140625
1 0.565625 0.38828125 0.0140625 0.0453125