0 0.409375 0.1703125 0.0265625 0.03046875
0 0.421875 0.12578125 0.01953125 0.0171875
0 0.44765625 0.128125 0.021875 0.02265625
0 0.64921875 0.16171875 0.02734375 0.0375
0 0.68828125 0.1578125 0.025 0.021875
0 0.7546875 0.1234375 0.0265625 0.034375
0 0.7375 0.2421875 0.02421875 0.025
0 0.790625 0.31640625 0.03515625 0.021875
0 0.884375 0.24296875 0.015625 0.0203125
0 0.825 0.3890625 0.03203125 0.0390625
0 0.68203125 0.50625 0.01953125 0.0328125
0 0.853125 0.52578125 0.01484375 0.025
0 0.90078125 0.50234375 0.021875 0.03203125
0 0.9359375 0.57734375 0.025 0.0453125
0 0.77734375 0.59140625 0.0203125 0.02734375
0 0.803125 0.62890625 0.015625 0.04765625
0 0.71015625 0.6203125 0.025 0.0515625
0 0.55703125 0.421875 0.02265625 0.04765625
0 0.596875 0.48359375 0.01796875 0.046875
0 0.58515625 0.5703125 0.025 0.0421875
0 0.59140625 0.6375 0.0203125 0.04453125
0 0.63046875 0.6 0.01953125 0.0390625
0 0.459375 0.2890625 0.03046875 0.0421875
0 0.49296875 0.23203125 0.025 0.0421875
0 0.41640625 0.35078125 0.0203125 0.03984375
0 0.3671875 0.4578125 0.04375 0.05
0 0.28984375 0.56171875 0.02734375 0.03984375
1 0.26171875 0.228125 0.015625 0.03203125
1 0.8734375 0.15078125 0.02890625 0.03203125
1 0.98125 0.07734375 0.0171875 0.0453125
1 0.86953125 0.3328125 0.0296875 0.046875
1 0.7078125 0.328125 0.02890625 0.046875
1 0.17578125 0.3421875 0.025 0.0375
1 0.21484375 0.0625 0.01484375 0.03671875
1 0.21484375 0.15859375 0.01171875 0.0890625
0 0.890625 0.11171875 0.01953125 0.025