1 0.621875 0.3171875 0.025 0.096875
1 0.6640625 0.484375 0.028125 0.10625
1 0.6828125 0.153125 0.053125 0.1625
1 0.8265625 0.5171875 0.028125 0.090625
1 0.8859375 0.2484375 0.040625 0.115625
1 0.30625 0.6375 0.0375 0.10625
1 0.06875 0.3234375 0.10625 0.053125
1 0.185546875 0.5048828125 0.19140625 0.5166015625 0.1875 0.5224609375 0.193359375 0.5244140625 0.193359375 0.5341796875 0.203125 0.5380859375 0.2109375 0.5068359375 0.2109375 0.4345703125 0.1865234375 0.431640625 0.18359375 0.4912109375 0.19140625 0.5009765625 0.185546875 0.5048828125
1 0.17421875 0.05546875 0.0375 0.0390625
0 0.15390625 0.2125 0.071875 0.0515625
0 0.0671875 0.40546875 0.025 0.05
0 0.10390625 0.54296875 0.0578125 0.0734375
0 0.434375 0.0375 0.04375 0.0625
0 0.49140625 0.015625 0.0484375 0.03125
0 0.434375 0.103125 0.0375 0.040625
0 0.57578125 0.09765625 0.0390625 0.0359375
0 0.56328125 0.171875 0.0359375 0.0296875
0 0.48984375 0.28984375 0.0328125 0.040625
0 0.41640625 0.29375 0.03125 0.0296875
0 0.4484375 0.43984375 0.0625 0.0609375
0 0.440625 0.496875 0.071875 0.040625
0 0.45234375 0.64921875 0.0703125 0.0953125
0 0.53515625 0.6296875 0.0265625 0.040625
0 0.028125 0.678125 0.053125 0.059375
0 0.10625 0.68828125 0.03125 0.0359375
0 0.23125 0.6515625 0.0265625 0.0375
0 0.46328125 0.77421875 0.0265625 0.034375
0 0.4296875 0.81953125 0.03125 0.025
0 0.4609375 0.89375 0.021875 0.0359375
0 0.46875 0.82890625 0.021875 0.03125
0 0.57578125 0.73359375 0.0203125 0.03125
0 0.5546875 0.80703125 0.05 0.028125
0 0.5609375 0.890625 0.025 0.0390625
0 0.49375 0.984375 0.025 0.03125
0 0.76015625 0.85703125 0.0375 0.028125
0 0.746875 0.89296875 0.0328125 0.01875
0 0.7921875 0.92734375 0.0296875 0.021875
0 0.78203125 0.77421875 0.0375 0.025
0 0.8140625 0.68828125 0.0265625 0.0234375
0 0.98359375 0.58203125 0.0328125 0.0671875
0 0.91953125 0.4609375 0.046875 0.034375
0 0.90546875 0.365625 0.05 0.0328125
0 0.92265625 0.4125 0.053125 0.0296875
0 0.98203125 0.246875 0.0359375 0.090625