0 0.3171875 0.34375 0.0359375 0.0625
0 0.0359375 0.3625 0.0359375 0.0328125
0 0.19296875 0.49140625 0.0328125 0.078125
0 0.1703125 0.60078125 0.028125 0.028125
0 0.17421875 0.70625 0.03125 0.0453125
0 0.2453125 0.46796875 0.0296875 0.0515625
0 0.2140625 0.41484375 0.028125 0.0546875
0 0.26484375 0.46328125 0.03125 0.0578125
0 0.25859375 0.5203125 0.028125 0.0421875
0 0.27578125 0.58125 0.028125 0.04375
0 0.30703125 0.50390625 0.025 0.03125
0 0.32421875 0.5515625 0.0296875 0.046875
0 0.38515625 0.7234375 0.0296875 0.0453125
0 0.32734375 0.69453125 0.040625 0.0671875
0 0.23359375 0.37421875 0.0453125 0.109375
0 0.2671875 0.37734375 0.0546875 0.1328125
0 0.38203125 0.53203125 0.0484375 0.103125
0 0.41875 0.63359375 0.0421875 0.0875
0 0.43671875 0.70546875 0.04375 0.0484375
0 0.45 0.61953125 0.025 0.03125
0 0.40078125 0.471875 0.0390625 0.0453125
0 0.40625 0.50703125 0.0296875 0.025
0 0.29921875 0.29140625 0.028125 0.04375
0 0.48046875 0.5875 0.0359375 0.0671875
0 0.51953125 0.68359375 0.04375 0.078125
0 0.4671875 0.853125 0.0203125 0.0390625
0 0.471875 0.49375 0.0484375 0.1078125
0 0.61171875 0.7265625 0.0234375 0.0328125
0 0.63203125 0.7109375 0.0453125 0.05625
0 0.68828125 0.6640625 0.03125 0.0390625
0 0.659375 0.59609375 0.0453125 0.0828125
0 0.584375 0.47109375 0.0421875 0.06875
0 0.44296875 0.24453125 0.04375 0.0359375
0 0.47109375 0.29140625 0.025 0.028125
0 0.7421875 0.40546875 0.025 0.034375
0 0.75703125 0.3046875 0.05 0.071875
0 0.83203125 0.35859375 0.0453125 0.0578125
0 0.90234375 0.390625 0.03125 0.0484375
0 0.89296875 0.48359375 0.0421875 0.0515625
0 0.959375 0.52734375 0.0453125 0.0609375
1 0.54140625 0.06328125 0.040625 0.0671875
1 0.0171875 0.16328125 0.034375 0.0421875
1 0.75234375 0.0171875 0.0328125 0.034375
1 0.70078125 0.16953125 0.053125 0.071875