0 0.1359375 0.10703125 0.01953125 0.02265625
0 0.171875 0.1453125 0.02421875 0.03515625
0 0.21328125 0.0703125 0.03671875 0.03828125
0 0.20703125 0.15546875 0.02109375 0.02578125
0 0.23125 0.18359375 0.02734375 0.03515625
0 0.23515625 0.1453125 0.01953125 0.0125
0 0.4171875 0.3484375 0.03203125 0.04140625
0 0.640625 0.203125 0.053125 0.0578125
0 0.58515625 0.1875 0.03203125 0.02890625
0 0.74609375 0.28671875 0.03046875 0.02734375
0 0.85390625 0.3703125 0.04765625 0.03046875
0 0.871875 0.41640625 0.02265625 0.04921875
0 0.9078125 0.40703125 0.02109375 0.02109375
0 0.91796875 0.35546875 0.02890625 0.02109375
0 0.9109375 0.440625 0.02734375 0.02109375
0 0.8921875 0.45234375 0.02265625 0.015625
0 0.9453125 0.46875 0.03203125 0.02265625
0 0.99140625 0.49921875 0.0171875 0.0515625
0 0.778125 0.4046875 0.03046875 0.02265625
0 0.8609375 0.48515625 0.01796875 0.01796875
0 0.9203125 0.51875 0.02421875 0.01796875
0 0.95390625 0.5375 0.02109375 0.015625
0 0.53203125 0.36484375 0.053125 0.04140625
0 0.6 0.35703125 0.01953125 0.03046875
0 0.4875 0.3171875 0.02578125 0.02421875
0 0.41015625 0.27421875 0.03984375 0.04921875
0 0.52265625 0.309375 0.01953125 0.02109375
0 0.54375 0.3359375 0.02578125 0.02265625
0 0.575 0.3375 0.02109375 0.02265625
0 0.5390625 0.421875 0.02578125 0.02890625
0 0.67421875 0.4546875 0.04609375 0.05625
0 0.7265625 0.51015625 0.02109375 0.02890625
0 0.72265625 0.60546875 0.03828125 0.03671875
0 0.74453125 0.5765625 0.03671875 0.03359375
0 0.75625 0.640625 0.04453125 0.03984375
0 0.771875 0.60078125 0.03671875 0.02734375
0 0.83828125 0.6546875 0.03828125 0.059375
0 0.8171875 0.721875 0.03828125 0.03046875
0 0.8375 0.7 0.03359375 0.03359375
0 0.27734375 0.23515625 0.02734375 0.04140625
0 0.3015625 0.27890625 0.03359375 0.03359375
0 0.32890625 0.3078125 0.03359375 0.04609375
0 0.2109375 0.2125 0.02265625 0.015625
0 0.2359375 0.31953125 0.02421875 0.02578125
0 0.27890625 0.325 0.02421875 0.02890625
0 0.30234375 0.33359375 0.02890625 0.04296875
0 0.33359375 0.371875 0.02109375 0.03046875
0 0.30859375 0.41875 0.02578125 0.02890625
0 0.24609375 0.421875 0.02890625 0.04453125
0 0.28125 0.434375 0.02890625 0.02734375
0 0.28515625 0.4671875 0.01796875 0.02265625
0 0.28359375 0.49609375 0.01796875 0.02578125
0 0.28828125 0.55078125 0.02109375 0.01796875
0 0.36171875 0.4359375 0.03203125 0.04921875
0 0.38828125 0.4375 0.01953125 0.03046875
0 0.3796875 0.38203125 0.03984375 0.03515625
0 0.41953125 0.44296875 0.04296875 0.0546875
0 0.44296875 0.4109375 0.02578125 0.01953125
0 0.52109375 0.51015625 0.03203125 0.0515625
0 0.6234375 0.4359375 0.02265625 0.02421875
0 0.565625 0.5578125 0.02109375 0.03828125
0 0.6109375 0.59765625 0.03828125 0.05625
0 0.80859375 0.8015625 0.03046875 0.03515625
0 0.76171875 0.771875 0.03359375 0.05625
0 0.6046875 0.70703125 0.03203125 0.03203125
0 0.56328125 0.74765625 0.03203125 0.03046875
0 0.63515625 0.74765625 0.03515625 0.04296875
0 0.659375 0.7875 0.01796875 0.02109375
0 0.696875 0.796875 0.03203125 0.02109375
0 0.70078125 0.82109375 0.02578125 0.02734375
0 0.74765625 0.9015625 0.02421875 0.03515625
0 0.775 0.871875 0.02109375 0.01953125
0 0.68515625 0.88984375 0.03984375 0.03359375
0 0.4984375 0.7 0.04296875 0.03984375
0 0.490625 0.65703125 0.02890625 0.03203125
0 0.38359375 0.74296875 0.015625 0.0140625
0 0.334375 0.66015625 0.04453125 0.03828125
0 0.38515625 0.60078125 0.03515625 0.03984375
0 0.37265625 0.634375 0.04140625 0.04921875
0 0.42109375 0.6515625 0.03046875 0.03984375
0 0.434375 0.70859375 0.03984375 0.04140625
0 0.4546875 0.60546875 0.02734375 0.02421875
0 0.3953125 0.52890625 0.02265625 0.02734375
0 0.5421875 0.6234375 0.02890625 0.04765625
0 0.41328125 0.49765625 0.03359375 0.03203125
0 0.478125 0.5609375 0.025 0.01953125