1 0.4296875 0.1890625 0.040625 0.096875
1 0.5953125 0.6171875 0.040625 0.146875
1 0.5609375 0.8 0.034375 0.14375
1 0.9359375 0.4703125 0.040625 0.153125
1 0.240625 0.3578125 0.0375 0.046875
1 0.246875 0.0453125 0.04375 0.059375
0 0.140625 0.1328125 0.05 0.059375
0 0.12421875 0.08828125 0.03203125 0.0375
0 0.23203125 0.165625 0.03359375 0.0390625
0 0.2015625 0.2140625 0.03359375 0.03046875
0 0.159375 0.3046875 0.065625 0.05859375
0 0.06640625 0.4 0.0375 0.0671875
0 0.321875 0.24375 0.0390625 0.028125
0 0.28671875 0.278125 0.04296875 0.03046875
0 0.5515625 0.08828125 0.025 0.0234375
0 0.6953125 0.046875 0.02109375 0.05546875
0 0.71015625 0.16171875 0.0265625 0.04609375
0 0.675 0.2359375 0.04765625 0.05859375
0 0.66171875 0.271875 0.02109375 0.01796875
0 0.63125 0.12734375 0.0390625 0.0625
0 0.6 0.17890625 0.0265625 0.0515625
0 0.56171875 0.17109375 0.03203125 0.053125
0 0.5703125 0.2328125 0.0234375 0.0359375
0 0.51953125 0.34140625 0.07109375 0.103125
0 0.5796875 0.390625 0.03203125 0.05546875
0 0.534375 0.40546875 0.0234375 0.02109375
0 0.5125 0.465625 0.03203125 0.04296875
0 0.4390625 0.50546875 0.053125 0.10703125
0 0.3296875 0.65546875 0.0375 0.06953125
0 0.403125 0.684375 0.03046875 0.04296875
0 0.0578125 0.6171875 0.04765625 0.053125
0 0.0140625 0.76953125 0.028125 0.0375
0 0.2640625 0.7015625 0.0265625 0.03046875
0 0.2515625 0.81171875 0.0625 0.0515625
0 0.23828125 0.8859375 0.04296875 0.04296875
0 0.278125 0.93203125 0.03359375 0.053125
0 0.23046875 0.9640625 0.04453125 0.04609375
0 0.3921875 0.8875 0.03046875 0.03203125
0 0.85390625 0.6921875 0.04296875 0.04296875
0 0.83515625 0.7359375 0.0515625 0.05
0 0.80234375 0.77109375 0.0359375 0.040625
0 0.8234375 0.93125 0.04296875 0.11171875
0 0.9640625 0.6328125 0.071875 0.053125
0 0.8578125 0.44765625 0.03359375 0.0234375
0 0.86328125 0.3625 0.03046875 0.0359375
0 0.8765625 0.27109375 0.028125 0.03359375
0 0.87890625 0.2390625 0.03203125 0.03046875
0 0.9328125 0.2234375 0.040625 0.03359375
0 0.984375 0.31875 0.03046875 0.04296875