1 0.59140625 0.34140625 0.0578125 0.159375
1 0.6578125 0.5421875 0.0515625 0.125
1 0.36875 0.79453125 0.059375 0.1359375
1 0.96328125 0.58828125 0.0734375 0.1390625
1 0.97734375 0.1953125 0.0453125 0.1
1 0.57734375 0.125 0.0625 0.096875
0 0.0796875 0.3375 0.05625 0.059375
0 0.0609375 0.54609375 0.053125 0.05625
0 0.134375 0.66640625 0.090625 0.08125
0 0.09921875 0.821875 0.0578125 0.059375
0 0.1875 0.8046875 0.040625 0.04375
0 0.29140625 0.72890625 0.034375 0.034375
0 0.43359375 0.4640625 0.075 0.0640625
0 0.440625 0.52109375 0.078125 0.05
0 0.5109375 0.646875 0.06875 0.1171875
0 0.28828125 0.01953125 0.0640625 0.0390625
0 0.334375 0.04375 0.0484375 0.0546875
0 0.2953125 0.08125 0.0578125 0.0640625
0 0.303125 0.14453125 0.0453125 0.059375
0 0.4484375 0.0984375 0.0515625 0.0546875
0 0.45859375 0.16875 0.025 0.0296875
0 0.56796875 0.6171875 0.0390625 0.065625
0 0.54296875 0.7671875 0.0234375 0.028125
0 0.5296875 0.8328125 0.021875 0.05625
0 0.56640625 0.82578125 0.03125 0.0390625
0 0.58984375 0.884375 0.0390625 0.046875
0 0.6390625 0.7140625 0.0359375 0.059375
0 0.634375 0.7859375 0.040625 0.053125
0 0.67421875 0.846875 0.0296875 0.0328125
0 0.6421875 0.9640625 0.04375 0.071875
0 0.36015625 0.32421875 0.0453125 0.084375
0 0.43203125 0.3046875 0.03125 0.0359375
0 0.8859375 0.1046875 0.0796875 0.09375
0 0.84140625 0.25234375 0.0390625 0.04375
0 0.87578125 0.2875 0.0390625 0.053125
0 0.8890625 0.3328125 0.0375 0.0578125
0 0.98203125 0.41875 0.0359375 0.075
0 0.8578125 0.58125 0.0296875 0.0296875
0 0.8546875 0.675 0.034375 0.05
0 0.86015625 0.76015625 0.0359375 0.028125
0 0.9125 0.81875 0.0359375 0.0359375