0 0.09609375 0.3078125 0.03125 0.034375
0 0.00546875 0.09375 0.0109375 0.021875
0 0.0890625 0.15546875 0.0265625 0.0265625
0 0.07265625 0.27890625 0.015625 0.01875
0 0.0484375 0.32734375 0.0265625 0.0375
0 0.04765625 0.38515625 0.028125 0.0328125
0 0.075 0.35078125 0.0125 0.015625
0 0.07265625 0.4140625 0.025 0.0203125
0 0.05625 0.43125 0.0140625 0.0140625
0 0.0390625 0.49609375 0.021875 0.0171875
0 0.10859375 0.78984375 0.034375 0.0234375
0 0.05078125 0.81171875 0.025 0.0203125
0 0.2078125 0.04296875 0.025 0.0171875
0 0.203125 0.06171875 0.0203125 0.01875
0 0.16640625 0.1203125 0.01875 0.021875
0 0.17734375 0.14609375 0.0171875 0.021875
0 0.1703125 0.1671875 0.01875 0.0171875
0 0.165625 0.18828125 0.0171875 0.01875
0 0.18203125 0.2140625 0.0140625 0.015625
0 0.1734375 0.234375 0.021875 0.021875
0 0.2734375 0.0484375 0.0203125 0.01875
0 0.28828125 0.03125 0.021875 0.015625
0 0.30859375 0.0625 0.0140625 0.0140625
0 0.3046875 0.0421875 0.0140625 0.0140625
0 0.3265625 0.02578125 0.0375 0.0171875
0 0.3296875 0.05 0.0171875 0.0125
0 0.29765625 0.0765625 0.0140625 0.015625
0 0.3015625 0.09609375 0.0140625 0.0140625
0 0.33203125 0.09609375 0.025 0.01875
0 0.27734375 0.14296875 0.021875 0.03125
0 0.275 0.17109375 0.0140625 0.0203125
0 0.29765625 0.16875 0.0109375 0.021875
0 0.33125 0.14375 0.0125 0.0125
0 0.321875 0.1640625 0.0171875 0.01875
0 0.31796875 0.18203125 0.0171875 0.01875
0 0.27578125 0.20234375 0.0203125 0.021875
0 0.25859375 0.21953125 0.0265625 0.01875
0 0.2484375 0.2546875 0.0171875 0.0171875
0 0.32734375 0.2125 0.021875 0.0171875
0 0.31328125 0.24296875 0.0140625 0.0140625
0 0.31015625 0.25859375 0.03125 0.01875
0 0.3015625 0.27109375 0.0203125 0.015625
0 0.28125 0.27421875 0.01875 0.01875
0 0.2640625 0.2859375 0.009375 0.0171875
0 0.2484375 0.3265625 0.01875 0.0171875
0 0.23046875 0.2390625 0.01875 0.01875
0 0.225 0.27734375 0.0125 0.0140625
0 0.23125 0.303125 0.0171875 0.0140625
0 0.2296875 0.3328125 0.0140625 0.015625
0 0.25 0.37421875 0.015625 0.0203125
0 0.246875 0.3890625 0.0140625 0.0203125
0 0.23203125 0.39765625 0.0140625 0.015625
0 0.22265625 0.43828125 0.0265625 0.03125
0 0.20390625 0.48359375 0.0234375 0.021875
0 0.22265625 0.52421875 0.01875 0.021875
0 0.2203125 0.60078125 0.021875 0.015625
0 0.1890625 0.6875 0.03125 0.0234375
0 0.17578125 0.7265625 0.015625 0.0125
0 0.16875 0.79921875 0.0140625 0.01875
0 0.2953125 0.378125 0.01875 0.015625
0 0.2546875 0.42890625 0.015625 0.0125
0 0.25625 0.44765625 0.015625 0.015625
0 0.259375 0.46953125 0.015625 0.0171875
0 0.2515625 0.48984375 0.0125 0.0234375
0 0.2453125 0.51796875 0.0203125 0.01875
0 0.24296875 0.55859375 0.0203125 0.0203125
0 0.2203125 0.625 0.0140625 0.0140625
0 0.21640625 0.65078125 0.0125 0.015625
0 0.21328125 0.678125 0.0140625 0.015625
0 0.22578125 0.7046875 0.015625 0.015625
0 0.20859375 0.83125 0.01875 0.0171875
0 0.18984375 0.809375 0.0109375 0.0140625
0 0.2375 0.796875 0.0234375 0.01875
0 0.2390625 0.76484375 0.021875 0.0125
0 0.23828125 0.75 0.015625 0.0140625
0 0.259375 0.7140625 0.0171875 0.0125
0 0.2875 0.71640625 0.01875 0.0171875
0 0.32109375 0.3359375 0.01875 0.0140625
0 0.3015625 0.4140625 0.01875 0.015625
0 0.31015625 0.43828125 0.015625 0.009375
0 0.39921875 0.01796875 0.0328125 0.015625
0 0.37109375 0.07109375 0.015625 0.025
0 0.40078125 0.09453125 0.015625 0.025
0 0.3671875 0.10859375 0.0171875 0.01875
0 0.36328125 0.1328125 0.0125 0.0140625
0 0.36484375 0.1546875 0.0171875 0.015625
0 0.3609375 0.19140625 0.01875 0.021875
0 0.375 0.2421875 0.0203125 0.0203125
0 0.371875 0.275 0.0125 0.0125
0 0.3703125 0.3171875 0.025 0.0140625
0 0.3984375 0.115625 0.015625 0.0140625
0 0.39921875 0.13515625 0.015625 0.0125
0 0.40234375 0.16484375 0.0203125 0.01875
0 0.39921875 0.24140625 0.015625 0.0140625
0 0.37734375 0.28515625 0.0140625 0.009375
0 0.3984375 0.2796875 0.0140625 0.021875
0 0.38359375 0.2984375 0.0125 0.009375
0 0.37265625 0.34921875 0.0203125 0.01875
0 0.39765625 0.334375 0.0203125 0.0140625
0 0.365625 0.41015625 0.01875 0.0171875
0 0.39453125 0.4171875 0.01875 0.0234375
0 0.35390625 0.440625 0.021875 0.028125
0 0.3734375 0.434375 0.0125 0.0109375
0 0.35703125 0.4828125 0.0234375 0.015625
0 0.346875 0.4921875 0.0140625 0.015625
0 0.36171875 0.4953125 0.0203125 0.0140625
0 0.35859375 0.50625 0.01875 0.015625
0 0.34921875 0.52109375 0.025 0.0171875
0 0.3453125 0.54765625 0.0171875 0.0265625
0 0.34375 0.5671875 0.0234375 0.0171875
0 0.3734375 0.5546875 0.028125 0.015625
0 0.4140625 0.41171875 0.0171875 0.0203125
0 0.34609375 0.58984375 0.028125 0.0171875
0 0.2734375 0.5546875 0.015625 0.021875
0 0.34375 0.60390625 0.025 0.0140625
0 0.3640625 0.61484375 0.0234375 0.0140625
0 0.3328125 0.6671875 0.0203125 0.0171875
0 0.33515625 0.71796875 0.025 0.0171875
0 0.33515625 0.79375 0.03125 0.0234375
0 0.33046875 0.82265625 0.015625 0.015625
0 0.3265625 0.84609375 0.0171875 0.0125
0 0.3234375 0.86328125 0.0171875 0.0125
0 0.31171875 0.88359375 0.01875 0.025
0 0.31640625 0.91484375 0.021875 0.0109375
0 0.3125 0.928125 0.025 0.0125
0 0.315625 0.98046875 0.0296875 0.01875
0 0.459375 0.01484375 0.01875 0.0203125
0 0.475 0.0484375 0.0234375 0.015625
0 0.46875 0.1328125 0.021875 0.021875
0 0.4578125 0.1828125 0.0171875 0.0234375
0 0.4546875 0.26640625 0.0171875 0.01875
0 0.44765625 0.3109375 0.0234375 0.015625
0 0.45 0.32578125 0.0234375 0.0171875
0 0.434375 0.390625 0.0109375 0.0171875
0 0.4328125 0.45546875 0.025 0.01875
0 0.4234375 0.52890625 0.025 0.01875
0 0.425 0.55703125 0.0234375 0.0140625
0 0.421875 0.57109375 0.025 0.0140625
0 0.521875 0.1828125 0.015625 0.01875
0 0.51875 0.20703125 0.021875 0.0203125
0 0.5140625 0.2265625 0.0171875 0.021875
0 0.50625 0.2609375 0.0171875 0.015625
0 0.5046875 0.3140625 0.0234375 0.021875
0 0.4984375 0.36640625 0.021875 0.01875
0 0.51796875 0.39375 0.01875 0.025
0 0.50859375 0.47109375 0.0203125 0.0203125
0 0.47265625 0.39921875 0.0140625 0.0125
0 0.4921875 0.4015625 0.0140625 0.0140625
0 0.52578125 0.26953125 0.0171875 0.0109375
0 0.53671875 0.2296875 0.0203125 0.0234375
0 0.5296875 0.284375 0.0140625 0.015625
0 0.54296875 0.18046875 0.0109375 0.0140625
0 0.49375 0.4328125 0.015625 0.01875
0 0.52109375 0.4375 0.0171875 0.01875
0 0.5359375 0.4203125 0.01875 0.015625
0 0.50625 0.51640625 0.0265625 0.0171875
0 0.4984375 0.5453125 0.0140625 0.0265625
0 0.5046875 0.59140625 0.0140625 0.0140625
0 0.49921875 0.63203125 0.021875 0.01875
0 0.50078125 0.671875 0.03125 0.0203125
0 0.50234375 0.69609375 0.025 0.0234375
0 0.58515625 0.1890625 0.0125 0.0109375
0 0.58359375 0.1734375 0.0234375 0.015625
0 0.57578125 0.215625 0.0140625 0.034375
0 0.57890625 0.265625 0.0171875 0.01875
0 0.596875 0.3109375 0.0265625 0.0234375
0 0.5515625 0.3109375 0.0234375 0.0265625
0 0.57734375 0.2921875 0.015625 0.01875
0 0.5828125 0.33359375 0.021875 0.015625
0 0.5890625 0.3578125 0.015625 0.0203125
0 0.5921875 0.3875 0.01875 0.0140625
0 0.57265625 0.375 0.0140625 0.0171875
0 0.57421875 0.4 0.021875 0.0203125
0 0.5890625 0.41875 0.0171875 0.0125
0 0.575 0.45859375 0.028125 0.0296875
0 0.565625 0.515625 0.025 0.0140625
0 0.55546875 0.5796875 0.015625 0.015625
0 0.56171875 0.61328125 0.0359375 0.0203125
0 0.59296875 0.603125 0.015625 0.0140625
0 0.59921875 0.5359375 0.0171875 0.015625
0 0.54765625 0.66875 0.0265625 0.021875
0 0.61875 0.59140625 0.015625 0.0234375
0 0.6296875 0.5734375 0.0171875 0.0140625
0 0.6265625 0.43671875 0.015625 0.0171875
0 0.63671875 0.44609375 0.01875 0.01875
0 0.640625 0.41640625 0.025 0.0234375
0 0.64375 0.39453125 0.0234375 0.0234375
0 0.6421875 0.37109375 0.0296875 0.0203125
0 0.65078125 0.30234375 0.0171875 0.028125
0 0.67265625 0.40390625 0.0171875 0.021875
0 0.6640625 0.4640625 0.021875 0.0203125
0 0.6578125 0.48984375 0.015625 0.0171875
0 0.68046875 0.48671875 0.015625 0.0171875
0 0.65078125 0.540625 0.0203125 0.021875
0 0.6578125 0.59609375 0.021875 0.0203125
0 0.70234375 0.46875 0.015625 0.01875
0 0.80390625 0.2125 0.0265625 0.021875
0 0.88125 0.1828125 0.01875 0.015625
0 0.90390625 0.18359375 0.0171875 0.01875
0 0.9421875 0.22109375 0.0296875 0.0203125
0 0.88984375 0.2875 0.0328125 0.0296875
0 0.946875 0.325 0.03125 0.025
0 0.88515625 0.35078125 0.0265625 0.0234375
0 0.97265625 0.3671875 0.0296875 0.025
0 0.93203125 0.38359375 0.0234375 0.0171875
0 0.9234375 0.40625 0.0265625 0.01875
0 0.98203125 0.45078125 0.0296875 0.03125
0 0.98515625 0.49375 0.0296875 0.028125