0 0.46171875 0.01875 0.1015625 0.0375
0 0.7609375 0.10625 0.0875 0.096875
0 0.54375 0.096875 0.0453125 0.0734375
0 0.5859375 0.1046875 0.053125 0.071875
0 0.62890625 0.1203125 0.05 0.071875
0 0.79609375 0.31015625 0.0421875 0.0609375
0 0.8640625 0.37265625 0.059375 0.0703125
0 0.93984375 0.43828125 0.0828125 0.0734375
0 0.98671875 0.4140625 0.0265625 0.0625
0 0.7375 0.54609375 0.0328125 0.0328125
0 0.62421875 0.62109375 0.11875 0.1125
0 0.8046875 0.59921875 0.0546875 0.078125
0 0.88046875 0.6234375 0.046875 0.0484375
0 0.83984375 0.69765625 0.0546875 0.05625
0 0.78984375 0.68203125 0.0515625 0.0390625
0 0.76796875 0.71640625 0.040625 0.0515625
0 0.73359375 0.6625 0.05625 0.05
0 0.63125 0.54453125 0.0421875 0.059375
0 0.446875 0.55078125 0.1296875 0.1078125
0 0.271875 0.509375 0.071875 0.06875
0 0.31015625 0.44453125 0.0375 0.0359375
0 0.1734375 0.2921875 0.0515625 0.0625
0 0.05 0.36875 0.0890625 0.13125
0 0.11015625 0.43125 0.0484375 0.0578125
0 0.15 0.48515625 0.0390625 0.0359375
0 0.09375 0.71484375 0.05 0.0640625
0 0.24921875 0.86796875 0.0765625 0.0484375
0 0.52734375 0.94921875 0.0390625 0.034375
0 0.51796875 0.82421875 0.096875 0.0578125
1 0.6484375 0.865625 0.040625 0.0796875
1 0.20078125 0.66015625 0.040625 0.0875
1 0.44453125 0.73828125 0.04375 0.084375
1 0.64921875 0.98984375 0.0359375 0.0203125
1 0.4890625 0.43203125 0.040625 0.0515625
1 0.653125 0.46796875 0.0453125 0.084375
1 0.359375 0.29921875 0.053125 0.109375
1 0.68203125 0.25546875 0.0390625 0.071875