0 0.12578125 0.71015625 0.025 0.05078125
0 0.015625 0.88359375 0.03125 0.08984375
0 0.2703125 0.61796875 0.03515625 0.09140625
0 0.365625 0.4234375 0.02734375 0.06796875
0 0.425 0.165625 0.025 0.03125
0 0.4625 0.209375 0.0296875 0.0265625
0 0.4328125 0.34609375 0.0171875 0.03046875
0 0.746875 0.2546875 0.01875 0.02890625
0 0.70703125 0.1734375 0.03203125 0.05078125
0 0.80390625 0.3359375 0.02890625 0.03203125
0 0.66640625 0.09921875 0.03046875 0.03046875
0 0.66171875 0.16796875 0.02734375 0.04609375
0 0.853125 0.425 0.03046875 0.05078125
0 0.89921875 0.52890625 0.03359375 0.0703125
0 0.90234375 0.12890625 0.03046875 0.03203125
0 0.7109375 0.621875 0.02734375 0.04296875
0 0.74765625 0.72109375 0.02421875 0.05078125
0 0.35078125 0.009375 0.03359375 0.01875
1 0.24140625 0.09296875 0.0203125 0.05546875
1 0.26015625 0.2609375 0.0171875 0.0671875
1 0.33046875 0.3109375 0.02734375 0.0796875
1 0.9703125 0.0796875 0.0140625 0.05078125