1 0.4734375 0.08515625 0.01875 0.0453125
1 0.34375 0.1609375 0.0171875 0.03984375
1 0.54375 0.04609375 0.0171875 0.046875
1 0.478125 0.2484375 0.0140625 0.034375
1 0.890625 0.60234375 0.02578125 0.0609375
0 0.65625 0.2296875 0.0328125 0.03125
0 0.834375 0.6125 0.034375 0.04375
0 0.8734375 0.3484375 0.0296875 0.0328125
0 0.94609375 0.3609375 0.03671875 0.03671875
0 0.83828125 0.3203125 0.02578125 0.05078125
0 0.6484375 0.76953125 0.028125 0.06953125
0 0.14609375 0.38828125 0.034375 0.03984375
0 0.27578125 0.42578125 0.0296875 0.03828125
0 0.6640625 0.16484375 0.0453125 0.02109375
0 0.709375 0.15234375 0.02421875 0.02578125
0 0.57421875 0.72890625 0.02265625 0.05703125
0 0.76171875 0.73359375 0.0296875 0.02421875
0 0.859375 0.44375 0.0296875 0.02578125