0 0.11953125 0.39296875 0.05234375 0.05703125
0 0.07578125 0.828125 0.13046875 0.0625
0 0.22890625 0.80078125 0.046875 0.0390625
0 0.3765625 0.95703125 0.0546875 0.0703125
0 0.259375 0.8296875 0.0390625 0.04921875
0 0.3046875 0.84609375 0.03671875 0.04140625
0 0.553125 0.853125 0.0390625 0.04921875
0 0.64296875 0.85390625 0.046875 0.046875
0 0.73046875 0.86953125 0.03359375 0.05234375
0 0.77578125 0.92421875 0.02578125 0.03671875
0 0.7734375 0.8765625 0.03125 0.0390625
0 0.6890625 0.97890625 0.03359375 0.03671875
0 0.1953125 0.40625 0.02578125 0.02578125
0 0.0625 0.228125 0.03671875 0.04921875
0 0.07578125 0.2734375 0.05703125 0.05703125
0 0.1234375 0.24375 0.04921875 0.04921875
0 0.48046875 0.41640625 0.0703125 0.07265625
0 0.540625 0.43984375 0.04453125 0.05703125
0 0.1890625 0.26328125 0.04453125 0.05234375
0 0.33046875 0.39609375 0.03125 0.03671875
0 0.36484375 0.3375 0.05703125 0.03359375
0 0.6390625 0.50234375 0.0390625 0.078125
0 0.69921875 0.65 0.04921875 0.0234375
0 0.69921875 0.51953125 0.0703125 0.09140625
0 0.6234375 0.571875 0.0390625 0.0390625
0 0.54296875 0.50390625 0.0234375 0.02890625
0 0.77890625 0.56484375 0.0296875 0.02421875
0 0.8296875 0.5953125 0.03984375 0.01953125
0 0.8921875 0.621875 0.03984375 0.028125
0 0.6984375 0.6484375 0.03671875 0.02109375
0 0.9203125 0.54296875 0.01953125 0.01875
0 0.84140625 0.55546875 0.03515625 0.02265625
0 0.9671875 0.68828125 0.04296875 0.0296875
0 0.846875 0.70546875 0.03515625 0.02421875
0 0.79140625 0.66015625 0.03984375 0.03125
0 0.759375 0.6734375 0.015625 0.02265625
0 0.7328125 0.65703125 0.01171875 0.01875
0 0.60703125 0.5296875 0.02109375 0.03671875
0 0.6109375 0.440625 0.0140625 0.02734375
0 0.76796875 0.31640625 0.02734375 0.02265625
0 0.846875 0.2171875 0.0296875 0.02265625
0 0.79921875 0.19375 0.02578125 0.0296875
0 0.71953125 0.1484375 0.05859375 0.075
0 0.871875 0.140625 0.03984375 0.03984375
0 0.93125 0.11875 0.028125 0.0296875
0 0.609375 0.0609375 0.059375 0.0484375
0 0.21015625 0.2265625 0.03125 0.02421875
0 0.26640625 0.24921875 0.02734375 0.01875
0 0.31640625 0.2640625 0.03671875 0.02578125
0 0.3890625 0.05703125 0.02265625 0.0484375
0 0.4125 0.05078125 0.01875 0.03671875
0 0.24453125 0.0140625 0.02578125 0.028125
1 0.61796875 0.20859375 0.028125 0.08203125
1 0.29296875 0.57890625 0.02109375 0.05859375
1 0.4109375 0.80703125 0.0296875 0.08359375
1 0.55859375 0.66640625 0.02734375 0.07421875