0 0.11015625 0.2796875 0.0296875 0.0328125
0 0.02734375 0.0609375 0.0234375 0.0203125
0 0.01171875 0.109375 0.021875 0.01875
0 0.0078125 0.14609375 0.015625 0.0171875
0 0.00625 0.165625 0.0125 0.0109375
0 0.00546875 0.1875 0.009375 0.015625
0 0.11484375 0.12734375 0.025 0.0265625
0 0.0890625 0.25 0.015625 0.0171875
0 0.0609375 0.296875 0.025 0.0359375
0 0.05703125 0.35390625 0.0265625 0.03125
0 0.08671875 0.32109375 0.0125 0.015625
0 0.0796875 0.384375 0.0234375 0.01875
0 0.0625 0.40078125 0.0140625 0.0125
0 0.03984375 0.4640625 0.021875 0.015625
0 0.0890625 0.7625 0.0328125 0.021875
0 0.0296875 0.7796875 0.025 0.01875
0 0.240625 0.02421875 0.0234375 0.015625
0 0.234375 0.0421875 0.0203125 0.0171875
0 0.19375 0.09765625 0.0171875 0.021875
0 0.203125 0.12421875 0.015625 0.0203125
0 0.19375 0.14453125 0.01875 0.015625
0 0.18828125 0.165625 0.015625 0.01875
0 0.203125 0.19296875 0.0140625 0.015625
0 0.1921875 0.2125 0.0203125 0.0203125
0 0.30546875 0.03359375 0.0203125 0.0171875
0 0.32109375 0.0171875 0.021875 0.0140625
0 0.3390625 0.05 0.0140625 0.0125
0 0.3375 0.0296875 0.0140625 0.0125
0 0.36015625 0.01484375 0.0375 0.015625
0 0.3609375 0.0390625 0.0171875 0.0125
0 0.32734375 0.06328125 0.0140625 0.0140625
0 0.3296875 0.08359375 0.0140625 0.0125
0 0.3609375 0.08515625 0.0234375 0.0171875
0 0.30234375 0.128125 0.0203125 0.0296875
0 0.2984375 0.15625 0.0125 0.01875
0 0.321875 0.15546875 0.009375 0.021875
0 0.35703125 0.1328125 0.0125 0.0125
0 0.3453125 0.15234375 0.015625 0.0171875
0 0.340625 0.1703125 0.0171875 0.01875
0 0.296875 0.1875 0.01875 0.0203125
0 0.27890625 0.203125 0.025 0.0171875
0 0.26640625 0.2375 0.015625 0.0171875
0 0.34765625 0.2015625 0.0203125 0.015625
0 0.33125 0.23046875 0.0125 0.0140625
0 0.32734375 0.24609375 0.03125 0.015625
0 0.31796875 0.2578125 0.0203125 0.0140625
0 0.29765625 0.259375 0.0171875 0.0171875
0 0.2796875 0.2703125 0.009375 0.0171875
0 0.2609375 0.309375 0.0171875 0.0171875
0 0.24921875 0.22109375 0.0171875 0.01875
0 0.24140625 0.25859375 0.0125 0.0140625
0 0.2453125 0.28515625 0.015625 0.0125
0 0.2421875 0.3140625 0.0140625 0.0140625
0 0.259375 0.35703125 0.0140625 0.0203125
0 0.25546875 0.37109375 0.0125 0.01875
0 0.23984375 0.3796875 0.0140625 0.015625
0 0.22734375 0.41875 0.025 0.03125
0 0.20625 0.46328125 0.021875 0.0203125
0 0.221875 0.5046875 0.0171875 0.0203125
0 0.2140625 0.58125 0.021875 0.0140625
0 0.17734375 0.66484375 0.0296875 0.021875
0 0.1609375 0.703125 0.0140625 0.0125
0 0.1484375 0.775 0.0140625 0.0171875
0 0.30390625 0.3640625 0.01875 0.0140625
0 0.26015625 0.41171875 0.015625 0.0109375
0 0.26015625 0.43046875 0.0140625 0.015625
0 0.26171875 0.45234375 0.0140625 0.015625
0 0.253125 0.47265625 0.0109375 0.0234375
0 0.24453125 0.5 0.0203125 0.0171875
0 0.23984375 0.540625 0.01875 0.0203125
0 0.2125 0.60546875 0.0125 0.0140625
0 0.20703125 0.63125 0.0125 0.015625
0 0.2015625 0.6578125 0.0125 0.015625
0 0.2125 0.68515625 0.0140625 0.0140625
0 0.18671875 0.81015625 0.0171875 0.0171875
0 0.16953125 0.78671875 0.009375 0.0140625
0 0.2171875 0.77734375 0.021875 0.0171875
0 0.22109375 0.74609375 0.0203125 0.0109375
0 0.221875 0.73125 0.015625 0.0125
0 0.2453125 0.69609375 0.0171875 0.0125
0 0.27265625 0.70078125 0.01875 0.0171875
0 0.3328125 0.3234375 0.0171875 0.0140625
0 0.30859375 0.40078125 0.0171875 0.015625
0 0.31484375 0.425 0.0140625 0.0078125
0 0.4328125 0.01171875 0.0328125 0.0125
0 0.4015625 0.0625 0.0140625 0.025
0 0.4296875 0.08828125 0.0140625 0.025
0 0.39453125 0.1 0.0171875 0.0171875
0 0.3890625 0.12421875 0.0109375 0.0140625
0 0.3890625 0.14609375 0.0171875 0.0140625
0 0.3828125 0.18203125 0.0171875 0.021875
0 0.39296875 0.234375 0.01875 0.0203125
0 0.38828125 0.26640625 0.0109375 0.0109375
0 0.38359375 0.30859375 0.0234375 0.0125
0 0.42578125 0.109375 0.015625 0.0125
0 0.425 0.1296875 0.015625 0.0109375
0 0.42578125 0.159375 0.0203125 0.0171875
0 0.4171875 0.23515625 0.015625 0.0125
0 0.39296875 0.27734375 0.0140625 0.009375
0 0.4140625 0.2734375 0.0125 0.021875
0 0.39765625 0.290625 0.0109375 0.009375
0 0.3828125 0.340625 0.0203125 0.0171875
0 0.409375 0.328125 0.0203125 0.0125
0 0.37265625 0.40078125 0.01875 0.0171875
0 0.40078125 0.41015625 0.0171875 0.021875
0 0.3578125 0.43046875 0.0203125 0.0265625
0 0.378125 0.42578125 0.0109375 0.0109375
0 0.35859375 0.4734375 0.021875 0.0140625
0 0.34765625 0.48203125 0.0140625 0.015625
0 0.3625 0.48515625 0.0203125 0.0125
0 0.35859375 0.496875 0.0171875 0.0140625
0 0.34765625 0.5109375 0.0234375 0.015625
0 0.3421875 0.53671875 0.015625 0.0265625
0 0.3390625 0.55625 0.021875 0.015625
0 0.3703125 0.54609375 0.028125 0.0140625
0 0.4203125 0.40625 0.015625 0.0203125
0 0.340625 0.57890625 0.0265625 0.015625
0 0.2703125 0.5390625 0.0140625 0.0203125
0 0.33671875 0.59296875 0.0234375 0.0125
0 0.35625 0.6046875 0.0234375 0.0125
0 0.32109375 0.6546875 0.0203125 0.015625
0 0.3203125 0.70625 0.025 0.0171875
0 0.315625 0.78125 0.0296875 0.021875
0 0.30859375 0.81015625 0.015625 0.0140625
0 0.30234375 0.83359375 0.0171875 0.0109375
0 0.2984375 0.85 0.015625 0.0125
0 0.28515625 0.86953125 0.01875 0.025
0 0.2875 0.90078125 0.021875 0.009375
0 0.2828125 0.9140625 0.025 0.0109375
0 0.2828125 0.96640625 0.028125 0.0171875
0 0.49375 0.01328125 0.0171875 0.0203125
0 0.50703125 0.04765625 0.0234375 0.0140625
0 0.49453125 0.13125 0.0203125 0.0203125
0 0.4796875 0.18046875 0.015625 0.0234375
0 0.47109375 0.2640625 0.0171875 0.0171875
0 0.4609375 0.3078125 0.021875 0.0140625
0 0.4625 0.32265625 0.021875 0.015625
0 0.4421875 0.38671875 0.0109375 0.015625
0 0.4359375 0.4515625 0.025 0.0171875
0 0.421875 0.5234375 0.025 0.01875
0 0.42109375 0.5515625 0.0234375 0.0125
0 0.4171875 0.565625 0.0234375 0.0125
0 0.54375 0.18515625 0.0140625 0.0171875
0 0.5390625 0.209375 0.0203125 0.01875
0 0.53359375 0.228125 0.015625 0.0203125
0 0.5234375 0.26171875 0.015625 0.0140625
0 0.51796875 0.31484375 0.021875 0.0203125
0 0.5078125 0.36640625 0.021875 0.0171875
0 0.52578125 0.3953125 0.0171875 0.0234375
0 0.5109375 0.471875 0.01875 0.0203125
0 0.4796875 0.39765625 0.0140625 0.0125
0 0.49921875 0.4015625 0.0125 0.0140625
0 0.5421875 0.27265625 0.0171875 0.0109375
0 0.55546875 0.2328125 0.01875 0.0234375
0 0.54453125 0.28671875 0.0140625 0.015625
0 0.56484375 0.184375 0.009375 0.0125
0 0.4984375 0.4328125 0.015625 0.01875
0 0.52578125 0.43984375 0.0171875 0.01875
0 0.54140625 0.42265625 0.0171875 0.015625
0 0.50546875 0.5171875 0.025 0.015625
0 0.4953125 0.5453125 0.0125 0.0265625
0 0.4984375 0.59140625 0.0140625 0.0125
0 0.490625 0.63125 0.0203125 0.0171875
0 0.48828125 0.671875 0.0296875 0.01875
0 0.48828125 0.69609375 0.0234375 0.021875
0 0.60625 0.19609375 0.0109375 0.0109375
0 0.60625 0.18046875 0.021875 0.0140625
0 0.5953125 0.221875 0.0109375 0.034375
0 0.5953125 0.271875 0.015625 0.0171875
0 0.609375 0.31875 0.025 0.021875
0 0.56484375 0.315625 0.021875 0.025
0 0.59140625 0.29765625 0.015625 0.0171875
0 0.59453125 0.33984375 0.021875 0.0140625
0 0.5984375 0.36484375 0.0140625 0.0203125
0 0.6 0.39453125 0.0171875 0.0140625
0 0.58125 0.3796875 0.0140625 0.0171875
0 0.58125 0.4046875 0.021875 0.01875
0 0.59453125 0.425 0.0171875 0.0109375
0 0.57734375 0.4640625 0.0265625 0.028125
0 0.5640625 0.51953125 0.0234375 0.0125
0 0.55 0.58359375 0.0140625 0.0140625
0 0.55390625 0.61796875 0.034375 0.01875
0 0.5859375 0.609375 0.0140625 0.0140625
0 0.59609375 0.54296875 0.0171875 0.015625
0 0.53515625 0.67109375 0.025 0.0203125
0 0.61171875 0.59921875 0.0140625 0.021875
0 0.62421875 0.58203125 0.0171875 0.0140625
0 0.63125 0.4453125 0.0140625 0.015625
0 0.63984375 0.45546875 0.01875 0.0171875
0 0.64609375 0.4265625 0.0234375 0.021875
0 0.65078125 0.4046875 0.021875 0.021875
0 0.65078125 0.38125 0.0296875 0.01875
0 0.6640625 0.31328125 0.015625 0.0265625
0 0.67890625 0.41640625 0.015625 0.0203125
0 0.665625 0.47578125 0.021875 0.01875
0 0.65859375 0.50078125 0.015625 0.0171875
0 0.68046875 0.49921875 0.0140625 0.0171875
0 0.64765625 0.55078125 0.01875 0.021875
0 0.65078125 0.60703125 0.021875 0.01875
0 0.70390625 0.4828125 0.015625 0.0171875
0 0.82265625 0.234375 0.025 0.021875
0 0.90234375 0.21015625 0.01875 0.015625
0 0.925 0.2125 0.015625 0.01875
0 0.96015625 0.25234375 0.028125 0.01875
0 0.90390625 0.31484375 0.03125 0.028125
0 0.95859375 0.35703125 0.0296875 0.0234375
0 0.89453125 0.378125 0.025 0.0234375
0 0.98125 0.40078125 0.028125 0.0234375
0 0.9390625 0.4140625 0.0234375 0.015625
0 0.92890625 0.43671875 0.025 0.0171875
0 0.984375 0.48515625 0.028125 0.0296875
0 0.98515625 0.52890625 0.0296875 0.0265625