1 0.16328125 0.0875 0.01796875 0.053125
1 0.1625 0.32421875 0.0234375 0.1078125
1 0.14140625 0.4421875 0.01171875 0.04140625
1 0.2390625 0.284375 0.02734375 0.0703125
1 0.8453125 0.296875 0.0140625 0.04140625
1 0.9578125 0.06484375 0.015625 0.05859375
0 0.3734375 0.17265625 0.02578125 0.0390625
0 0.40234375 0.128125 0.0296875 0.03359375
0 0.4203125 0.221875 0.02421875 0.02890625
0 0.4609375 0.2328125 0.02890625 0.0328125
0 0.40703125 0.34609375 0.02109375 0.02578125
0 0.4328125 0.29609375 0.02109375 0.0203125
0 0.2828125 0.71171875 0.015625 0.21015625
0 0.17734375 0.86796875 0.03984375 0.04453125
0 0.64609375 0.140625 0.01875 0.02421875
0 0.7015625 0.1 0.02890625 0.0484375
0 0.8375 0.0734375 0.02265625 0.02109375
0 0.70859375 0.2203125 0.02265625 0.03125
0 0.8171875 0.35625 0.034375 0.0515625
0 0.8609375 0.41171875 0.02421875 0.0296875
0 0.91015625 0.465625 0.0171875 0.0359375
0 0.92734375 0.5203125 0.034375 0.05
0 0.9234375 0.340625 0.02734375 0.02578125
0 0.84765625 0.20546875 0.02421875 0.0359375
0 0.7796875 0.1734375 0.0203125 0.02890625
0 0.584375 0.11328125 0.02109375 0.02265625
0 0.53984375 0.04140625 0.02265625 0.02890625