0 0.4359375 0.01875 0.1 0.0375
0 0.73984375 0.09375 0.084375 0.0953125
0 0.52265625 0.0953125 0.0421875 0.0734375
0 0.56484375 0.10078125 0.05 0.071875
0 0.60859375 0.1140625 0.046875 0.0703125
0 0.78515625 0.2953125 0.0390625 0.0609375
0 0.85703125 0.35390625 0.05625 0.06875
0 0.9359375 0.415625 0.0796875 0.0703125
0 0.984375 0.38828125 0.03125 0.0609375
0 0.73984375 0.53359375 0.0328125 0.0328125
0 0.63046875 0.61484375 0.1140625 0.1078125
0 0.809375 0.5828125 0.0515625 0.0765625
0 0.8859375 0.603125 0.0453125 0.046875
0 0.85 0.6796875 0.053125 0.0546875
0 0.7984375 0.66640625 0.05 0.0359375
0 0.77890625 0.70234375 0.0390625 0.05
0 0.7421875 0.65 0.0546875 0.0484375
0 0.63359375 0.5375 0.040625 0.059375
0 0.44921875 0.55390625 0.1265625 0.1015625
0 0.27265625 0.52109375 0.0703125 0.065625
0 0.3078125 0.4546875 0.0359375 0.034375
0 0.16328125 0.31015625 0.05 0.0609375
0 0.04375 0.3921875 0.084375 0.1296875
0 0.10703125 0.45234375 0.046875 0.05625
0 0.15 0.50390625 0.0390625 0.034375
0 0.10625 0.7359375 0.046875 0.0625
0 0.26875 0.88046875 0.075 0.0453125
0 0.55078125 0.946875 0.0375 0.0328125
0 0.53515625 0.82265625 0.096875 0.053125
1 0.6671875 0.85703125 0.0359375 0.078125
1 0.209375 0.67578125 0.0359375 0.0875
1 0.45703125 0.740625 0.0390625 0.084375
1 0.6765625 0.9859375 0.034375 0.028125
1 0.48515625 0.4328125 0.0390625 0.05
1 0.65078125 0.46015625 0.0421875 0.084375
1 0.34921875 0.30703125 0.0484375 0.109375
1 0.66953125 0.24609375 0.0359375 0.071875