0 0.075 0.0359375 0.0171875 0.0140625
0 0.06953125 0.07265625 0.01875 0.01875
0 0.178125 0.0703125 0.0375 0.034375
0 0.146875 0.21875 0.03125 0.0296875
0 0.1296875 0.1875 0.025 0.0234375
0 0.06171875 0.10625 0.0171875 0.0421875
0 0.0984375 0.23203125 0.0359375 0.0515625
0 0.08671875 0.2875 0.0390625 0.0359375
0 0.10234375 0.3203125 0.0328125 0.0265625
0 0.07578125 0.33359375 0.03125 0.021875
0 0.05078125 0.39375 0.0234375 0.0203125
0 0.06171875 0.37421875 0.0140625 0.0171875
0 0.08515625 0.4609375 0.028125 0.0265625
0 0.08125 0.51875 0.0234375 0.0234375
0 0.05078125 0.69375 0.028125 0.015625
0 0.003125 0.70234375 0.00625 0.0203125
0 0.2578125 0.0546875 0.01875 0.0234375
0 0.2640625 0.08125 0.0203125 0.0296875
0 0.265625 0.09765625 0.0375 0.0140625
0 0.2515625 0.1484375 0.021875 0.01875
0 0.2421875 0.1671875 0.021875 0.0234375
0 0.29453125 0.1296875 0.021875 0.0171875
0 0.29375 0.18125 0.0265625 0.028125
0 0.28046875 0.2453125 0.01875 0.01875
0 0.2765625 0.27421875 0.01875 0.025
0 0.24375 0.37421875 0.0265625 0.0265625
0 0.2125 0.415625 0.03125 0.0234375
0 0.2265625 0.465625 0.025 0.0296875
0 0.15390625 0.6109375 0.0421875 0.03125
0 0.128125 0.6484375 0.0234375 0.0234375
0 0.18515625 0.63828125 0.0234375 0.0234375
0 0.21796875 0.6515625 0.021875 0.021875
0 0.37734375 0.00859375 0.0234375 0.0171875
0 0.39375 0.06171875 0.0234375 0.0234375
0 0.42265625 0.06640625 0.0234375 0.0203125
0 0.44765625 0.00546875 0.0203125 0.0109375
0 0.36328125 0.1 0.028125 0.0296875
0 0.41796875 0.1125 0.028125 0.0203125
0 0.3921875 0.14765625 0.0234375 0.0265625
0 0.34765625 0.15625 0.0203125 0.0234375
0 0.32890625 0.16875 0.0234375 0.0234375
0 0.39453125 0.17890625 0.0265625 0.0234375
0 0.3125 0.20390625 0.0234375 0.0234375
0 0.3765625 0.21640625 0.0203125 0.0359375
0 0.29296875 0.27109375 0.01875 0.0265625
0 0.28125 0.328125 0.0296875 0.0421875
0 0.3265625 0.3328125 0.0265625 0.0234375
0 0.33984375 0.32265625 0.021875 0.0234375
0 0.32421875 0.36875 0.0234375 0.0234375
0 0.3 0.37421875 0.0234375 0.0203125
0 0.29375 0.39765625 0.0203125 0.0203125
0 0.2828125 0.4203125 0.0234375 0.0125
0 0.284375 0.4421875 0.01875 0.01875
0 0.2609375 0.49921875 0.0265625 0.0234375
0 0.509375 0.009375 0.0375 0.01875
0 0.4671875 0.04921875 0.025 0.0296875
0 0.490625 0.08984375 0.028125 0.04375
0 0.4578125 0.08828125 0.0234375 0.0203125
0 0.4484375 0.1125 0.01875 0.0140625
0 0.48046875 0.1484375 0.0203125 0.0234375
0 0.44296875 0.1328125 0.0203125 0.01875
0 0.43203125 0.16640625 0.015625 0.0265625
0 0.4359375 0.215625 0.03125 0.0265625
0 0.4234375 0.26328125 0.0390625 0.0453125
0 0.41796875 0.2921875 0.034375 0.0234375
0 0.4390625 0.31328125 0.0265625 0.028125
0 0.41015625 0.3234375 0.03125 0.0265625
0 0.3875 0.38046875 0.03125 0.025
0 0.375 0.409375 0.0265625 0.034375
0 0.4125 0.40234375 0.0203125 0.0390625
0 0.3578125 0.46796875 0.0453125 0.05625
0 0.334375 0.5203125 0.025 0.053125
0 0.36484375 0.534375 0.0328125 0.0453125
0 0.321875 0.5578125 0.028125 0.0375
0 0.33671875 0.5859375 0.021875 0.0390625
0 0.29609375 0.628125 0.0328125 0.0328125
0 0.30703125 0.66640625 0.028125 0.034375
0 0.2796875 0.68671875 0.0203125 0.0453125
0 0.4875 0.171875 0.021875 0.025
0 0.50546875 0.11953125 0.01875 0.021875
0 0.553125 0.13671875 0.0171875 0.0171875
0 0.528125 0.18359375 0.01875 0.0234375
0 0.4921875 0.31015625 0.0234375 0.0296875
0 0.44140625 0.43828125 0.0203125 0.0234375
0 0.41875 0.50625 0.01875 0.021875
0 0.4140625 0.53671875 0.021875 0.01875
0 0.409375 0.5546875 0.025 0.0140625
0 0.5921875 0.14140625 0.021875 0.021875
0 0.5078125 0.34296875 0.0234375 0.0328125
0 0.49453125 0.39765625 0.0265625 0.0203125
0 0.48515625 0.42265625 0.01875 0.01875
0 0.4796875 0.44609375 0.0234375 0.0328125
0 0.4546875 0.4921875 0.021875 0.0203125
0 0.45390625 0.5109375 0.01875 0.0171875
0 0.4546875 0.546875 0.021875 0.021875
0 0.6 0.16484375 0.0234375 0.0203125
0 0.56484375 0.01796875 0.0171875 0.015625
0 0.5421875 0.0171875 0.0171875 0.0140625
0 0.59140625 0.196875 0.01875 0.021875
0 0.58125 0.21875 0.01875 0.01875
0 0.575 0.23515625 0.0203125 0.015625
0 0.53984375 0.24375 0.025 0.0234375
0 0.5953125 0.24453125 0.0171875 0.021875
0 0.56015625 0.265625 0.015625 0.0140625
0 0.54609375 0.31953125 0.01875 0.01875
0 0.52734375 0.3703125 0.01875 0.0203125
0 0.53984375 0.40390625 0.01875 0.0234375
0 0.63671875 0.24609375 0.009375 0.0203125
0 0.6546875 0.2890625 0.028125 0.021875
0 0.634375 0.3359375 0.025 0.021875
0 0.6296875 0.3671875 0.015625 0.0140625
0 0.61796875 0.3828125 0.01875 0.01875
0 0.6109375 0.41171875 0.015625 0.015625
0 0.5125 0.4734375 0.025 0.0171875
0 0.49453125 0.51640625 0.0171875 0.021875
0 0.57265625 0.384375 0.021875 0.0125
0 0.55390625 0.43125 0.0203125 0.01875
0 0.5921875 0.3265625 0.0234375 0.0265625
0 0.57265625 0.48125 0.021875 0.0203125
0 0.66171875 0.4296875 0.0234375 0.021875
0 0.66484375 0.503125 0.01875 0.021875
0 0.4796875 0.59296875 0.0203125 0.0203125
0 0.46875 0.63046875 0.0140625 0.0265625
0 0.46640625 0.665625 0.0234375 0.0265625
0 0.86015625 0.2921875 0.03125 0.03125
0 0.93125 0.38828125 0.05625 0.0546875