0 0.0953125 0.66015625 0.05 0.025
0 0.16484375 0.65703125 0.071875 0.028125
0 0.2671875 0.50546875 0.046875 0.034375
0 0.328125 0.503125 0.0546875 0.0375
0 0.22421875 0.52265625 0.025 0.025
0 0.23359375 0.71328125 0.071875 0.065625
0 0.18671875 0.7453125 0.025 0.046875
0 0.0515625 0.8234375 0.034375 0.04375
0 0.13671875 0.86640625 0.0703125 0.065625
0 0.2296875 0.84140625 0.05 0.053125
0 0.42890625 0.33671875 0.059375 0.0203125
0 0.421875 0.3703125 0.040625 0.025
0 0.434375 0.42890625 0.0375 0.0625
0 0.51015625 0.2890625 0.040625 0.04375
0 0.5 0.39296875 0.034375 0.053125
0 0.57578125 0.2546875 0.0484375 0.06875
1 0.68515625 0.709375 0.021875 0.0546875
1 0.32421875 0.75859375 0.01875 0.059375
1 0.4265625 0.76640625 0.0203125 0.059375
1 0.23984375 0.61953125 0.0328125 0.05
1 0.1484375 0.76015625 0.040625 0.078125
1 0.08984375 0.72421875 0.01875 0.046875
1 0.02890625 0.68671875 0.0140625 0.046875