0 0.34921875 0.43125 0.0234375 0.0578125
0 0.25234375 0.58671875 0.0609375 0.06640625
0 0.29375 0.51328125 0.0328125 0.034375
0 0.36328125 0.521875 0.034375 0.0375
0 0.4078125 0.50859375 0.046875 0.03984375
0 0.41015625 0.43828125 0.07421875 0.05390625
0 0.51953125 0.3359375 0.0359375 0.059375
0 0.5234375 0.2796875 0.0375 0.071875
0 0.653125 0.41484375 0.06875 0.08671875
0 0.68828125 0.35859375 0.034375 0.0328125
0 0.67890625 0.53125 0.0453125 0.0375
0 0.74375 0.25078125 0.06640625 0.06484375
0 0.6765625 0.1703125 0.025 0.06640625
0 0.6890625 0.10703125 0.02890625 0.06328125
0 0.8359375 0.06796875 0.02890625 0.04765625
0 0.87265625 0.153125 0.04140625 0.05
1 0.84375 0.36015625 0.01953125 0.0796875
1 0.7515625 0.38125 0.02578125 0.08984375
1 0.584375 0.4109375 0.015625 0.04609375
1 0.4515625 0.36484375 0.01796875 0.0703125
1 0.71640625 0.74765625 0.009375 0.09296875
1 0.77890625 0.8 0.015625 0.0671875