1 0.2171875 0.0375 0.065625 0.075
1 0.50234375 0.61953125 0.0390625 0.1515625
1 0.621875 0.56796875 0.05 0.3078125
1 0.528125 0.8390625 0.04375 0.1359375
1 0.95859375 0.8875 0.04375 0.1734375
1 0.7788484984374999 0.628162121875 0.786001715625 0.665862315625 0.8072975124999999 0.6693093578125 0.8193964453125 0.6642817140624999 0.8225710015625 0.6468826515625 0.8270260593750001 0.555173146875 0.8215420484375 0.563600190625 0.8200500500000001 0.5429379703125 0.80006904375 0.53468813125 0.7871050125 0.5660868546875 0.7788484984374999 0.628162121875
0 0.11796875 0.09375 0.034375 0.0359375
0 0.13125 0.14375 0.0734375 0.065625
0 0.36171875 0.01796875 0.0390625 0.0359375
0 0.215625 0.16875 0.0375 0.04375
0 0.19140625 0.2203125 0.028125 0.0296875
0 0.15390625 0.3046875 0.0671875 0.0640625
0 0.0609375 0.41484375 0.0390625 0.05625
0 0.06015625 0.62421875 0.0484375 0.040625
0 0.02734375 0.78046875 0.0421875 0.04375
0 0.3125 0.246875 0.0234375 0.03125
0 0.24765625 0.88984375 0.0390625 0.0421875
0 0.28046875 0.9296875 0.05625 0.0703125
0 0.2359375 0.959375 0.040625 0.0484375
0 0.21171875 0.8890625 0.0265625 0.028125
0 0.23046875 0.80859375 0.025 0.0375
0 0.26796875 0.82578125 0.0375 0.0515625
0 0.40390625 0.884375 0.040625 0.0390625
0 0.41328125 0.81953125 0.0359375 0.0328125
0 0.26796875 0.70546875 0.0203125 0.025
0 0.334375 0.66171875 0.0484375 0.078125
0 0.403125 0.68515625 0.028125 0.04375
0 0.43203125 0.5078125 0.06875 0.1140625
0 0.50546875 0.465625 0.021875 0.0265625
0 0.50859375 0.34609375 0.0703125 0.1078125
0 0.57578125 0.38984375 0.0359375 0.0421875
0 0.66796875 0.2265625 0.0515625 0.0640625
0 0.62421875 0.13046875 0.034375 0.0578125
0 0.703125 0.1625 0.03125 0.053125
0 0.59140625 0.18359375 0.0265625 0.0359375
0 0.55234375 0.171875 0.0328125 0.0328125
0 0.565625 0.228125 0.0203125 0.0328125
0 0.678125 0.03671875 0.0375 0.053125
0 0.54140625 0.090625 0.03125 0.0265625
0 0.87421875 0.23125 0.0359375 0.0234375
0 0.93046875 0.21484375 0.0390625 0.034375
0 0.8734375 0.26953125 0.0390625 0.028125
0 0.85859375 0.353125 0.0359375 0.0375
0 0.98359375 0.31484375 0.0328125 0.0390625
0 0.8515625 0.44375 0.0265625 0.0265625
0 0.9671875 0.625 0.053125 0.0609375
0 0.85546875 0.68828125 0.0453125 0.04375
0 0.8390625 0.74140625 0.059375 0.05
0 0.8078125 0.76640625 0.028125 0.0328125
0 0.83515625 0.921875 0.065625 0.1296875