1 0.43515625 0.1875 0.0421875 0.096875
1 0.59296875 0.61875 0.04375 0.146875
1 0.55546875 0.80078125 0.0375 0.14375
1 0.93671875 0.478125 0.04375 0.153125
1 0.24296875 0.353125 0.0390625 0.046875
1 0.2546875 0.040625 0.0453125 0.059375
0 0.146875 0.1265625 0.0515625 0.0609375
0 0.13125 0.08203125 0.0328125 0.0375
0 0.23828125 0.1609375 0.034375 0.0390625
0 0.20625 0.20859375 0.034375 0.03125
0 0.1625 0.2984375 0.0671875 0.059375
0 0.06796875 0.3921875 0.0390625 0.0671875
0 0.3265625 0.240625 0.0390625 0.028125
0 0.290625 0.27421875 0.04375 0.03125
0 0.55859375 0.0890625 0.025 0.0234375
0 0.703125 0.05 0.021875 0.05625
0 0.71640625 0.165625 0.028125 0.046875
0 0.6796875 0.2390625 0.0484375 0.059375
0 0.665625 0.275 0.021875 0.01875
0 0.6375 0.1296875 0.040625 0.0625
0 0.60546875 0.18046875 0.028125 0.0515625
0 0.5671875 0.171875 0.0328125 0.053125
0 0.575 0.234375 0.0234375 0.0359375
0 0.52265625 0.34140625 0.0734375 0.1046875
0 0.58125 0.3921875 0.0328125 0.05625
0 0.5359375 0.40625 0.0234375 0.021875
0 0.51328125 0.465625 0.0328125 0.04375
0 0.4390625 0.5046875 0.0546875 0.1078125
0 0.32734375 0.65234375 0.0390625 0.0703125
0 0.4 0.6828125 0.03125 0.04375
0 0.05546875 0.609375 0.0484375 0.0546875
0 0.01171875 0.7609375 0.0234375 0.0375
0 0.2609375 0.69765625 0.0265625 0.03125
0 0.24609375 0.80703125 0.0640625 0.053125
0 0.23125 0.88125 0.04375 0.04375
0 0.2703125 0.928125 0.034375 0.053125
0 0.22265625 0.959375 0.0453125 0.046875
0 0.38515625 0.8859375 0.03125 0.0328125
0 0.85078125 0.6984375 0.04375 0.04375
0 0.83125 0.74140625 0.053125 0.0515625
0 0.79765625 0.7765625 0.0359375 0.040625
0 0.815625 0.93671875 0.0453125 0.1125
0 0.96171875 0.640625 0.0734375 0.0546875
0 0.85859375 0.45390625 0.034375 0.0234375
0 0.865625 0.36875 0.03125 0.0359375
0 0.88046875 0.27734375 0.028125 0.034375
0 0.88359375 0.24609375 0.0328125 0.03125
0 0.9375 0.23125 0.040625 0.034375
0 0.9859375 0.3265625 0.028125 0.04375