0 0.246875 0.071875 0.025 0.0234375
0 0.4078125 0.2609375 0.028125 0.0765625
0 0.3484375 0.303125 0.028125 0.1046875
0 0.32421875 0.41484375 0.01875 0.0296875
0 0.3171875 0.4640625 0.0234375 0.0453125
0 0.56015625 0.2671875 0.04375 0.0671875
0 0.5703125 0.3421875 0.0265625 0.0421875
0 0.57890625 0.403125 0.0234375 0.040625
0 0.584375 0.46640625 0.0265625 0.0359375
0 0.59375 0.52734375 0.0296875 0.0484375
0 0.5953125 0.58828125 0.028125 0.0421875
0 0.6015625 0.665625 0.0296875 0.0671875
0 0.60078125 0.7328125 0.025 0.0421875
0 0.51875 0.74765625 0.03125 0.0421875
0 0.49609375 0.75078125 0.0203125 0.028125
0 0.403125 0.584375 0.0203125 0.0328125
0 0.38046875 0.4734375 0.0390625 0.1078125
0 0.321875 0.465625 0.0296875 0.05
0 0.2875 0.353125 0.028125 0.0421875
0 0.28515625 0.29375 0.03125 0.0609375
0 0.23046875 0.353125 0.0265625 0.0703125
0 0.36796875 0.5515625 0.028125 0.0296875
0 0.3609375 0.59921875 0.034375 0.0453125
0 0.34296875 0.72421875 0.0265625 0.0421875
0 0.30078125 0.64296875 0.0265625 0.0328125
0 0.1171875 0.534375 0.021875 0.0234375
0 0.25390625 0.16015625 0.0265625 0.0265625
0 0.1453125 0.16484375 0.0296875 0.025
0 0.15078125 0.271875 0.0265625 0.021875
1 0.684375 0.13984375 0.028125 0.05625
1 0.88515625 0.1046875 0.03125 0.0609375
1 0.81875 0.23671875 0.025 0.0671875
1 0.05703125 0.2640625 0.025 0.0609375
0 0.43671875 0.63203125 0.0359375 0.09375
0 0.41796875 0.44453125 0.028125 0.0625