1 0.6125 0.3109375 0.0296875 0.0984375
1 0.66328125 0.47578125 0.034375 0.1078125
1 0.6640625 0.14375 0.0609375 0.165625
1 0.82734375 0.5 0.0328125 0.0921875
1 0.871875 0.22890625 0.046875 0.1171875
1 0.3140625 0.64765625 0.04375 0.1078125
1 0.06015625 0.34609375 0.109375 0.059375
1 0.189103784375 0.5387851421875001 0.1950573484375 0.5404289343750001 0.1955684421875 0.550181175 0.2055251203125 0.5535709796875 0.211691415625 0.52195493125 0.207909325 0.44978834375 0.18337539375 0.44814040468750005 0.1835673890625 0.50778240625 0.1918802765625 0.5171257734375 0.18623336875000002 0.521333325 0.192698025 0.532729359375 0.189103784375 0.5387851421875001
1 0.1515625 0.0734375 0.0390625 0.040625
0 0.1390625 0.23125 0.075 0.0546875
0 0.0625 0.428125 0.028125 0.0515625
0 0.10703125 0.56328125 0.0609375 0.0765625
0 0.41015625 0.04140625 0.046875 0.0640625
0 0.465625 0.01640625 0.05 0.0328125
0 0.4140625 0.10703125 0.0390625 0.0421875
0 0.5546875 0.09453125 0.040625 0.0375
0 0.54609375 0.16875 0.0375 0.03125
0 0.47890625 0.290625 0.034375 0.0421875
0 0.40546875 0.2984375 0.0328125 0.03125
0 0.4453125 0.44296875 0.065625 0.0640625
0 0.440625 0.5 0.0734375 0.04375
0 0.46015625 0.6515625 0.075 0.0984375
0 0.5421875 0.62734375 0.028125 0.0421875
0 0.03828125 0.70234375 0.05625 0.0625
0 0.11640625 0.70859375 0.0328125 0.0375
0 0.23984375 0.665625 0.028125 0.0390625
0 0.47734375 0.77578125 0.028125 0.0359375
0 0.446875 0.82265625 0.0328125 0.0265625
0 0.48125 0.8953125 0.0234375 0.0375
0 0.4859375 0.83046875 0.0234375 0.0328125
0 0.58828125 0.7296875 0.021875 0.0328125
0 0.5703125 0.80390625 0.0515625 0.03125
0 0.58125 0.88671875 0.0265625 0.040625
0 0.51796875 0.98359375 0.0265625 0.0328125
0 0.778125 0.84296875 0.0390625 0.0296875
0 0.7671875 0.8796875 0.034375 0.0203125
0 0.8140625 0.91171875 0.03125 0.0234375
0 0.79609375 0.759375 0.0390625 0.0265625
0 0.8234375 0.671875 0.028125 0.025
0 0.984375 0.55625 0.03125 0.06875
0 0.9171875 0.4390625 0.0484375 0.0375
0 0.89765625 0.34453125 0.0515625 0.0359375
0 0.9171875 0.390625 0.0546875 0.0328125
0 0.96796875 0.221875 0.040625 0.0921875