1 0.7375 0.12578125 0.0171875 0.078125
1 0.9046875 0.103125 0.01328125 0.053125
1 0.7953125 0.053125 0.00859375 0.04453125
1 0.94609375 0.31484375 0.01875 0.0796875
1 0.6328125 0.14765625 0.015625 0.06953125
0 0.11875 0.20546875 0.02890625 0.02578125
0 0.1265625 0.3171875 0.021875 0.03046875
0 0.22578125 0.246875 0.0203125 0.021875
0 0.14921875 0.47734375 0.0234375 0.03203125
0 0.215625 0.38125 0.0140625 0.06484375
0 0.25703125 0.30703125 0.01328125 0.03046875
0 0.2671875 0.31640625 0.0140625 0.07265625
0 0.27421875 0.38203125 0.01328125 0.03203125
0 0.26953125 0.43359375 0.01328125 0.04609375
0 0.25703125 0.4953125 0.0171875 0.05078125
0 0.29921875 0.29140625 0.0203125 0.1171875
0 0.315625 0.2421875 0.01328125 0.0734375
0 0.3296875 0.30390625 0.01171875 0.12109375
0 0.315625 0.43203125 0.015625 0.02890625
0 0.32109375 0.48203125 0.0234375 0.04765625
0 0.31484375 0.66171875 0.015625 0.0390625
0 0.2703125 0.61484375 0.0203125 0.04609375
0 0.38515625 0.25859375 0.015625 0.10390625
0 0.37734375 0.48359375 0.02890625 0.10234375
0 0.38125 0.57109375 0.02421875 0.034375
0 0.3734375 0.61796875 0.02421875 0.03359375
0 0.3765625 0.66875 0.021875 0.04453125
0 0.4171875 0.43984375 0.02421875 0.040625
0 0.41484375 0.47265625 0.02578125 0.0171875
0 0.40859375 0.59140625 0.015625 0.02890625
0 0.37578125 0.75546875 0.0140625 0.0625
0 0.34375 0.82265625 0.0203125 0.040625
0 0.45078125 0.57734375 0.0203125 0.05078125
0 0.45234375 0.6625 0.0171875 0.08984375
0 0.52421875 0.74609375 0.01875 0.0234375
0 0.55078125 0.74921875 0.0234375 0.05234375
0 0.62109375 0.71953125 0.02421875 0.03359375
0 0.6296875 0.78984375 0.01328125 0.02578125
0 0.6234375 0.665625 0.034375 0.05078125
0 0.5359375 0.2453125 0.0359375 0.05625
0 0.56328125 0.3671875 0.01875 0.04921875
0 0.5953125 0.51796875 0.03046875 0.0609375
0 0.7578125 0.496875 0.02578125 0.0390625
0 0.778125 0.55859375 0.0234375 0.0359375
0 0.815625 0.41796875 0.034375 0.0546875
0 0.86171875 0.484375 0.02890625 0.04921875
0 0.85625 0.5984375 0.0203125 0.03203125
0 0.8953125 0.65234375 0.04609375 0.04921875
0 0.93046875 0.709375 0.04453125 0.0390625
0 0.9 0.49453125 0.02421875 0.0546875