0 0.59921875 0.2125 0.1203125 0.046875
0 0.47265625 0.1890625 0.0453125 0.0453125
0 0.33984375 0.17890625 0.04375 0.0578125
0 0.37890625 0.16953125 0.021875 0.025
0 0.4109375 0.17265625 0.0265625 0.0234375
0 0.30234375 0.18828125 0.0453125 0.028125
0 0.29140625 0.20859375 0.0421875 0.0234375
0 0.2765625 0.1609375 0.025 0.0234375
0 0.30234375 0.12421875 0.0328125 0.028125
0 0.3671875 0.25390625 0.01875 0.0203125
0 0.25234375 0.19453125 0.0234375 0.0421875
0 0.20546875 0.1734375 0.021875 0.040625
0 0.675 0.19921875 0.0234375 0.0296875
0 0.15546875 0.22421875 0.0375 0.0390625
0 0.1953125 0.2328125 0.0203125 0.0328125
0 0.24921875 0.24609375 0.021875 0.01875
0 0.05 0.421875 0.046875 0.0328125
0 0.11953125 0.428125 0.0515625 0.034375
0 0.1203125 0.396875 0.03125 0.0328125
0 0.221875 0.41015625 0.0328125 0.0453125
0 0.2625 0.42421875 0.034375 0.0390625
0 0.26640625 0.38515625 0.03125 0.034375
0 0.28359375 0.36484375 0.0265625 0.0296875
0 0.3296875 0.35703125 0.028125 0.0234375
0 0.4046875 0.35234375 0.06875 0.028125
0 0.44609375 0.37421875 0.0234375 0.0234375
0 0.4890625 0.33046875 0.01875 0.0125
0 0.51640625 0.3375 0.0203125 0.0203125
0 0.5484375 0.3453125 0.021875 0.0328125
0 0.54453125 0.38828125 0.034375 0.0359375
0 0.578125 0.39453125 0.025 0.0359375
0 0.57265625 0.3640625 0.0265625 0.01875
0 0.60234375 0.36015625 0.01875 0.01875
0 0.6171875 0.3890625 0.0203125 0.0265625
0 0.51015625 0.42421875 0.0390625 0.028125
0 0.68984375 0.415625 0.028125 0.0171875
0 0.71640625 0.41015625 0.03125 0.0265625
0 0.65234375 0.45625 0.04375 0.028125
0 0.65546875 0.48359375 0.0328125 0.01875
0 0.58828125 0.4796875 0.0234375 0.0234375
0 0.54609375 0.4859375 0.028125 0.0265625
0 0.4734375 0.49765625 0.059375 0.0296875
0 0.3984375 0.49609375 0.05 0.03125
0 0.3421875 0.4921875 0.0484375 0.053125
0 0.06328125 0.49609375 0.0375 0.0390625
0 0.121875 0.50390625 0.053125 0.040625
0 0.040625 0.5953125 0.0265625 0.0328125
0 0.22421875 0.5734375 0.040625 0.028125
0 0.27109375 0.56640625 0.0390625 0.0359375
0 0.37421875 0.559375 0.0328125 0.034375
0 0.453125 0.55546875 0.0375 0.0328125
0 0.5484375 0.56328125 0.0421875 0.028125
0 0.6015625 0.6015625 0.025 0.0234375
0 0.603125 0.53984375 0.0328125 0.0234375
0 0.621875 0.55234375 0.0640625 0.01875
0 0.68515625 0.53125 0.0265625 0.0328125
0 0.734375 0.52421875 0.05 0.0296875
0 0.74375 0.54140625 0.0734375 0.0140625
0 0.7875 0.571875 0.021875 0.0390625
0 0.66953125 0.575 0.0265625 0.0265625
0 0.67421875 0.6046875 0.034375 0.0328125
0 0.71171875 0.62265625 0.040625 0.028125
0 0.63671875 0.64453125 0.01875 0.0265625
0 0.3796875 0.61015625 0.0421875 0.03125
0 0.346875 0.6375 0.0421875 0.0359375
0 0.4453125 0.603125 0.028125 0.0421875
0 0.4734375 0.67421875 0.0453125 0.0359375
0 0.4890625 0.64375 0.0515625 0.0296875
0 0.26484375 0.61875 0.0296875 0.0203125
0 0.0890625 0.63671875 0.0390625 0.0359375
0 0.4828125 0.72578125 0.040625 0.034375
0 0.57265625 0.59296875 0.0171875 0.021875
0 0.534375 0.59140625 0.0265625 0.0234375