0 0.26015625 0.8515625 0.059375 0.059375
0 0.23671875 0.90546875 0.0515625 0.0546875
0 0.16875 0.89375 0.0296875 0.034375
0 0.13671875 0.875 0.040625 0.046875
0 0.17109375 0.84375 0.03125 0.0359375
0 0.19453125 0.80859375 0.028125 0.0359375
0 0.21484375 0.78671875 0.0390625 0.0453125
0 0.23125 0.74453125 0.034375 0.0453125
0 0.2515625 0.72265625 0.034375 0.0359375
0 0.29140625 0.68125 0.046875 0.04375
0 0.390625 0.803125 0.0390625 0.0375
0 0.32890625 0.87890625 0.0546875 0.0609375
0 0.34765625 0.89765625 0.021875 0.0296875
0 0.40625 0.76015625 0.040625 0.05
0 0.446875 0.771875 0.0328125 0.0359375
0 0.42734375 0.8015625 0.028125 0.0328125
0 0.30703125 0.553125 0.040625 0.0484375
0 0.2453125 0.65625 0.0296875 0.0359375
0 0.19296875 0.7203125 0.028125 0.034375
0 0.1296875 0.81171875 0.046875 0.05
0 0.078125 0.878125 0.0421875 0.0375
0 0.346875 0.57109375 0.034375 0.0328125
0 0.35078125 0.6 0.04375 0.0328125
0 0.4015625 0.51640625 0.0296875 0.028125
0 0.3171875 0.5125 0.0296875 0.040625
0 0.34765625 0.50390625 0.0421875 0.0375
0 0.3734375 0.43359375 0.0375 0.034375
0 0.41171875 0.42890625 0.034375 0.0375
0 0.271875 0.57421875 0.0234375 0.034375
0 0.3953125 0.6515625 0.0515625 0.05
0 0.42265625 0.6 0.0359375 0.0328125
0 0.59765625 0.5046875 0.0421875 0.05625
0 0.46484375 0.53671875 0.0359375 0.0515625
0 0.58515625 0.384375 0.0421875 0.0546875
0 0.49296875 0.38359375 0.0421875 0.0484375
0 0.4296875 0.3890625 0.021875 0.021875
0 0.546875 0.5328125 0.021875 0.03125
0 0.55234375 0.615625 0.0265625 0.0296875
0 0.546875 0.671875 0.046875 0.0515625
0 0.603125 0.2953125 0.0421875 0.053125
0 0.6625 0.22421875 0.034375 0.0421875
0 0.7046875 0.1671875 0.0328125 0.040625
0 0.73125 0.13515625 0.0453125 0.0390625
0 0.57890625 0.25234375 0.0296875 0.0375
0 0.809375 0.10859375 0.0328125 0.0390625
0 0.484375 0.2515625 0.0265625 0.0359375
0 0.475 0.29375 0.0296875 0.0265625
0 0.49921875 0.30859375 0.0265625 0.0359375
0 0.55078125 0.321875 0.034375 0.0265625
0 0.646875 0.37734375 0.021875 0.025
0 0.78515625 0.54765625 0.0328125 0.0375
0 0.7578125 0.5765625 0.040625 0.0484375
0 0.6203125 0.5703125 0.0265625 0.025
0 0.63359375 0.5375 0.025 0.021875
0 0.62890625 0.4484375 0.0296875 0.034375
0 0.69375 0.6390625 0.021875 0.03125
0 0.728125 0.68515625 0.0421875 0.03125
0 0.60859375 0.746875 0.0296875 0.0328125
0 0.6375 0.71015625 0.01875 0.0234375
0 0.6609375 0.80859375 0.0421875 0.0375
0 0.62421875 0.83984375 0.0578125 0.05
0 0.60078125 0.87890625 0.0453125 0.0359375
0 0.59765625 0.93359375 0.0421875 0.0359375
0 0.68828125 0.8703125 0.0265625 0.0234375
0 0.5015625 0.73203125 0.025 0.0328125
0 0.7078125 0.7484375 0.0234375 0.0265625
0 0.8578125 0.89609375 0.0375 0.0375
0 0.60859375 0.6 0.0234375 0.0265625