0 0.00703125 0.5671875 0.0140625 0.0375
0 0.1015625 0.69921875 0.0546875 0.0375
0 0.01640625 0.70859375 0.0328125 0.0453125
0 0.5140625 0.0984375 0.04375 0.028125
0 0.90703125 0.24609375 0.034375 0.025
0 0.784375 0.4046875 0.0421875 0.0359375
0 0.7515625 0.4703125 0.0421875 0.034375
0 0.60234375 0.46640625 0.0453125 0.0359375
0 0.5734375 0.44140625 0.04375 0.0359375
0 0.53671875 0.41171875 0.04375 0.034375
0 0.5640625 0.33359375 0.03125 0.0296875
0 0.5984375 0.3328125 0.0296875 0.0265625
0 0.38984375 0.2859375 0.0296875 0.025
0 0.3109375 0.2140625 0.0265625 0.01875
0 0.1640625 0.1875 0.0375 0.034375
0 0.24140625 0.32421875 0.028125 0.0234375
0 0.40234375 0.50859375 0.03125 0.021875
0 0.4875 0.4875 0.0296875 0.025
0 0.07109375 0.396875 0.0265625 0.0234375
0 0.00546875 0.4921875 0.0109375 0.03125
0 0.053125 0.46015625 0.0390625 0.0328125
0 0.2859375 0.62734375 0.0390625 0.0328125
0 0.34140625 0.5765625 0.0421875 0.0296875
0 0.2109375 0.63125 0.0296875 0.021875
0 0.190625 0.70703125 0.04375 0.0359375
0 0.24921875 0.81953125 0.0359375 0.0328125
0 0.45390625 0.7328125 0.03125 0.0234375
0 0.675 0.57734375 0.0328125 0.0203125
0 0.57265625 0.6484375 0.0359375 0.0328125
1 0.2234375 0.47734375 0.028125 0.06875
1 0.35390625 0.68984375 0.028125 0.0640625
1 0.5109375 0.6359375 0.021875 0.065625
1 0.453125 0.81171875 0.0296875 0.0625
1 0.83203125 0.5578125 0.021875 0.065625