0 0.29140625 0.1203125 0.0421875 0.0421875
0 0.33671875 0.16171875 0.0515625 0.05
0 0.43203125 0.171875 0.0578125 0.065625
0 0.328125 0.36171875 0.0515625 0.053125
0 0.37265625 0.3984375 0.059375 0.0515625
0 0.5125 0.06171875 0.04375 0.046875
0 0.6265625 0.13046875 0.0390625 0.0484375
0 0.48671875 0.2765625 0.0328125 0.034375
0 0.5125 0.34140625 0.0890625 0.06875
0 0.43671875 0.52890625 0.053125 0.028125
0 0.3546875 0.58984375 0.0625 0.05
0 0.43828125 0.61484375 0.040625 0.034375
0 0.3859375 0.68984375 0.046875 0.0453125
0 0.41171875 0.76953125 0.059375 0.053125