1 0.1890625 0.3046875 0.034375 0.109375
1 0.6875 0.4140625 0.0375 0.159375
1 0.584375 0.559375 0.04375 0.1375
1 0.8140625 0.640625 0.028125 0.1125
1 0.78125 0.1953125 0.04375 0.146875
0 0.29375 0.04375 0.04375 0.0375
0 0.2375 0.12734375 0.0703125 0.06015625
0 0.1046875 0.2984375 0.03515625 0.06875
0 0.1078125 0.43828125 0.06484375 0.06484375
0 0.08828125 0.525 0.03359375 0.04375
0 0.07421875 0.58046875 0.03515625 0.04140625
0 0.015625 0.54921875 0.03125 0.0640625
0 0.20078125 0.5625 0.0296875 0.075
0 0.4109375 0.640625 0.06015625 0.0953125
0 0.3984375 0.746875 0.0484375 0.0296875
0 0.346875 0.79140625 0.03828125 0.028125
0 0.4671875 0.8171875 0.06171875 0.03359375
0 0.36640625 0.8703125 0.03203125 0.03359375
0 0.45390625 0.89296875 0.03515625 0.0453125
0 0.390625 0.85 0.03046875 0.04140625
0 0.3765625 0.96015625 0.01875 0.03515625
0 0.496875 0.63359375 0.03203125 0.04375
0 0.51015625 0.73984375 0.028125 0.0296875
0 0.475 0.59140625 0.03203125 0.0265625
0 0.453125 0.4609375 0.0671875 0.1203125
0 0.47109375 0.284375 0.03359375 0.03984375
0 0.546875 0.29296875 0.03515625 0.021875
0 0.49453125 0.0984375 0.03671875 0.0234375
0 0.53125 0.09921875 0.03984375 0.028125
0 0.6765625 0.1296875 0.04375 0.03515625
0 0.58203125 0.0265625 0.125 0.053125
0 0.92265625 0.471875 0.03671875 0.028125
0 0.9328125 0.51953125 0.0515625 0.03671875
0 0.91640625 0.5671875 0.05859375 0.03515625
0 0.9640625 0.70234375 0.0671875 0.06875
0 0.753125 0.76015625 0.04140625 0.0265625
0 0.70390625 0.8359375 0.03515625 0.021875
0 0.659375 0.90703125 0.03203125 0.03671875
0 0.64140625 0.946875 0.03984375 0.04140625