0 0.10703125 0.4609375 0.0609375 0.065625
0 0.1390625 0.896875 0.1390625 0.084375
0 0.28515625 0.84296875 0.053125 0.046875
0 0.4578125 0.96640625 0.065625 0.0671875
0 0.3203125 0.86640625 0.046875 0.0546875
0 0.36796875 0.875 0.04375 0.046875
0 0.61328125 0.83828125 0.046875 0.0546875
0 0.70234375 0.8234375 0.0546875 0.0546875
0 0.79140625 0.82421875 0.0421875 0.0578125
0 0.8453125 0.86953125 0.03125 0.040625
0 0.834375 0.8234375 0.0375 0.04375
0 0.76953125 0.9390625 0.0390625 0.0421875
0 0.18359375 0.4609375 0.0296875 0.0296875
0 0.021875 0.30859375 0.04375 0.0546875
0 0.04296875 0.35078125 0.065625 0.065625
0 0.084375 0.31328125 0.05625 0.05625
0 0.46640625 0.42109375 0.08125 0.084375
0 0.5296875 0.43359375 0.053125 0.0640625
0 0.15234375 0.32109375 0.053125 0.059375
0 0.31484375 0.42734375 0.0375 0.0421875
0 0.3390625 0.36328125 0.0625 0.04375
0 0.6375 0.478125 0.0515625 0.084375
0 0.721875 0.61328125 0.053125 0.03125
0 0.69921875 0.484375 0.084375 0.1015625
0 0.634375 0.54921875 0.0453125 0.0453125
0 0.54296875 0.49609375 0.028125 0.0328125
0 0.7859375 0.515625 0.0328125 0.0296875
0 0.84140625 0.53671875 0.0421875 0.0265625
0 0.90703125 0.5515625 0.04375 0.034375
0 0.72109375 0.61171875 0.0390625 0.0265625
0 0.92109375 0.46953125 0.021875 0.021875
0 0.84609375 0.4953125 0.0390625 0.028125
0 0.984375 0.60390625 0.03125 0.0359375
0 0.87734375 0.6421875 0.0390625 0.0296875
0 0.81484375 0.60703125 0.0453125 0.0375
0 0.7859375 0.62578125 0.01875 0.025
0 0.75625 0.6140625 0.0140625 0.0203125
0 0.6109375 0.5109375 0.0265625 0.0390625
0 0.59921875 0.421875 0.01875 0.0296875
0 0.73203125 0.27265625 0.03125 0.0265625
0 0.7921875 0.1609375 0.0328125 0.028125
0 0.74140625 0.14609375 0.03125 0.034375
0 0.65546875 0.115625 0.0703125 0.084375
0 0.80390625 0.08125 0.046875 0.046875
0 0.85859375 0.05 0.0328125 0.034375
0 0.53125 0.0484375 0.0671875 0.0578125
0 0.1671875 0.28125 0.034375 0.0296875
0 0.2265625 0.29375 0.0296875 0.0234375
0 0.278125 0.29921875 0.040625 0.03125
0 0.3140625 0.0828125 0.03125 0.0515625
0 0.3359375 0.07265625 0.025 0.0390625
0 0.1640625 0.065625 0.0296875 0.0328125
1 0.565625 0.1921875 0.0421875 0.0859375
1 0.31015625 0.61328125 0.03125 0.0609375
1 0.465625 0.81796875 0.04375 0.0875
1 0.58671875 0.65390625 0.0390625 0.078125