0 0.16796875 0.28046875 0.0453125 0.0328125
0 0.39140625 0.3609375 0.04375 0.0296875
0 0.4109375 0.3265625 0.0359375 0.03125
0 0.5015625 0.02109375 0.0359375 0.0328125
0 0.57578125 0.21484375 0.046875 0.0421875
0 0.61015625 0.271875 0.03125 0.0296875
0 0.52265625 0.396875 0.040625 0.040625
0 0.48515625 0.40703125 0.0375 0.034375
0 0.446875 0.42109375 0.0359375 0.034375
0 0.2578125 0.47890625 0.0328125 0.0296875
0 0.05625 0.61796875 0.0359375 0.0328125
0 0.21640625 0.62578125 0.0265625 0.025
0 0.47734375 0.50625 0.028125 0.028125
0 0.6609375 0.396875 0.0390625 0.0390625
0 0.45859375 0.58984375 0.034375 0.0265625
0 0.48046875 0.68046875 0.046875 0.04375
0 0.184375 0.8140625 0.03125 0.0234375
0 0.16875 0.90625 0.025 0.03125
0 0.22109375 0.9296875 0.0359375 0.0359375
0 0.28125 0.971875 0.0484375 0.0390625
0 0.45546875 0.94765625 0.040625 0.034375
0 0.5125 0.87734375 0.0390625 0.0453125
0 0.6359375 0.87734375 0.0421875 0.0453125
0 0.5 0.74921875 0.040625 0.0375
0 0.66953125 0.659375 0.0328125 0.0359375
0 0.6640625 0.51953125 0.0390625 0.034375
1 0.7609375 0.6578125 0.040625 0.0609375
1 0.5515625 0.5921875 0.05 0.0953125
1 0.33359375 0.784375 0.05 0.0875
1 0.603125 0.88828125 0.040625 0.0890625
1 0.5078125 0.21328125 0.0484375 0.096875
1 0.615625 0.065625 0.03125 0.065625