0 0.15 0.31640625 0.0625 0.0671875
0 0.04375 0.7328125 0.0875 0.0875
0 0.17265625 0.7375 0.0546875 0.0484375
0 0.284375 0.92109375 0.06875 0.0796875
0 0.19609375 0.77265625 0.0484375 0.05625
0 0.23671875 0.79765625 0.04375 0.0484375
0 0.47890625 0.85625 0.0484375 0.05625
0 0.56640625 0.87578125 0.05625 0.05625
0 0.6484375 0.909375 0.04375 0.0578125
0 0.68125 0.97265625 0.0328125 0.040625
0 0.6890625 0.925 0.0390625 0.0453125
0 0.584375 0.99296875 0.040625 0.0140625
0 0.22109375 0.3453125 0.03125 0.03125
0 0.12890625 0.14296875 0.046875 0.05625
0 0.13203125 0.18984375 0.0671875 0.0671875
0 0.18515625 0.17109375 0.0578125 0.0578125
0 0.4984375 0.4140625 0.084375 0.0859375
0 0.55234375 0.44921875 0.0546875 0.065625
0 0.2453125 0.20390625 0.0546875 0.0609375
0 0.35546875 0.36328125 0.0375 0.0421875
0 0.4015625 0.31328125 0.0625 0.0453125
0 0.63515625 0.53125 0.0546875 0.084375
0 0.6640625 0.68828125 0.053125 0.0328125
0 0.690625 0.56015625 0.0875 0.1046875
0 0.60546875 0.59609375 0.046875 0.046875
0 0.54140625 0.5125 0.0296875 0.0328125
0 0.759375 0.62109375 0.034375 0.0296875
0 0.80234375 0.66171875 0.04375 0.028125
0 0.85859375 0.70078125 0.0453125 0.0359375
0 0.66328125 0.68671875 0.040625 0.028125
0 0.90234375 0.6296875 0.0234375 0.021875
0 0.82265625 0.625 0.0390625 0.0296875
0 0.91796875 0.78125 0.0484375 0.0375
0 0.796875 0.7734375 0.0390625 0.03125
0 0.7515625 0.7171875 0.0453125 0.0390625
0 0.71796875 0.7234375 0.0203125 0.025
0 0.6953125 0.70234375 0.015625 0.0203125
0 0.5984375 0.5515625 0.028125 0.040625
0 0.62109375 0.46484375 0.01875 0.0296875
0 0.8 0.37578125 0.03125 0.028125
0 0.8984375 0.2953125 0.034375 0.028125
0 0.85625 0.2625 0.03125 0.034375
0 0.7875 0.2015625 0.0734375 0.0859375
0 0.93828125 0.22578125 0.046875 0.046875
0 0.99140625 0.215625 0.0171875 0.034375
0 0.6984375 0.09296875 0.06875 0.059375
0 0.2734375 0.17265625 0.0359375 0.0296875
0 0.3234375 0.20625 0.03125 0.0234375
0 0.36953125 0.23125 0.040625 0.0328125
0 0.48359375 0.04375 0.0328125 0.0515625
0 0.5078125 0.0421875 0.0265625 0.0390625
1 0.67578125 0.23984375 0.0453125 0.0859375
1 0.28125 0.534375 0.0328125 0.0609375
1 0.34921875 0.78203125 0.046875 0.0875
1 0.52265625 0.675 0.0421875 0.078125