0 0.07890625 0.16875 0.0234375 0.025
0 0.1203125 0.20078125 0.0296875 0.0390625
0 0.14921875 0.1203125 0.0421875 0.04375
0 0.15703125 0.20546875 0.025 0.028125
0 0.18515625 0.2296875 0.0328125 0.0390625
0 0.1828125 0.19140625 0.021875 0.015625
0 0.39453125 0.36328125 0.0375 0.0453125
0 0.5921875 0.18515625 0.0609375 0.065625
0 0.53515625 0.178125 0.0359375 0.0328125
0 0.709375 0.25078125 0.034375 0.03125
0 0.82890625 0.31640625 0.0515625 0.0375
0 0.85390625 0.359375 0.0296875 0.0515625
0 0.88828125 0.34453125 0.0234375 0.0234375
0 0.88984375 0.2921875 0.03125 0.025
0 0.896875 0.37734375 0.0296875 0.025
0 0.8796875 0.39140625 0.025 0.01875
0 0.93515625 0.39921875 0.0359375 0.028125
0 0.98515625 0.42265625 0.025 0.053125
0 0.76015625 0.3625 0.034375 0.0265625
0 0.85390625 0.42890625 0.0203125 0.0203125
0 0.91796875 0.453125 0.0265625 0.021875
0 0.95390625 0.46640625 0.0234375 0.01875
0 0.51015625 0.36171875 0.059375 0.0484375
0 0.5765625 0.34296875 0.0234375 0.0328125
0 0.459375 0.32109375 0.0296875 0.028125
0 0.37578125 0.29140625 0.046875 0.0546875
0 0.4921875 0.3078125 0.021875 0.0234375
0 0.5171875 0.33125 0.0296875 0.0265625
0 0.5484375 0.328125 0.025 0.025
0 0.5265625 0.41640625 0.0296875 0.0328125
0 0.66484375 0.428125 0.0546875 0.0625
0 0.725 0.47421875 0.025 0.03125
0 0.73671875 0.56953125 0.04375 0.0421875
0 0.753125 0.5375 0.0421875 0.0390625
0 0.775 0.5984375 0.05 0.046875
0 0.784375 0.55703125 0.040625 0.0328125
0 0.85859375 0.6 0.046875 0.0640625
0 0.84765625 0.66953125 0.0421875 0.0359375
0 0.86484375 0.64453125 0.0390625 0.0390625
0 0.23828125 0.2734375 0.0328125 0.0453125
0 0.26953125 0.3125 0.0390625 0.0390625
0 0.30078125 0.33671875 0.040625 0.0515625
0 0.16953125 0.2609375 0.025 0.01875
0 0.2109375 0.36328125 0.028125 0.0296875
0 0.25390625 0.36171875 0.028125 0.0328125
0 0.27890625 0.36640625 0.0359375 0.046875
0 0.315625 0.39921875 0.025 0.0328125
0 0.2984375 0.45 0.0296875 0.0328125
0 0.23671875 0.4625 0.0359375 0.0484375
0 0.2734375 0.46953125 0.0328125 0.03125
0 0.2828125 0.5015625 0.021875 0.025
0 0.2859375 0.5296875 0.021875 0.028125
0 0.29921875 0.58359375 0.0234375 0.0203125
0 0.353125 0.45859375 0.0390625 0.053125
0 0.3796875 0.45546875 0.0234375 0.0328125
0 0.3625 0.40234375 0.0453125 0.040625
0 0.41171875 0.45625 0.0515625 0.0609375
0 0.4296875 0.42109375 0.028125 0.0234375
0 0.52265625 0.50703125 0.0390625 0.05625
0 0.61171875 0.4171875 0.0265625 0.028125
0 0.57421875 0.546875 0.0265625 0.040625
0 0.625 0.57890625 0.046875 0.0609375
0 0.85234375 0.74921875 0.0359375 0.0390625
0 0.80078125 0.72734375 0.0421875 0.0609375
0 0.6359375 0.68828125 0.0359375 0.0359375
0 0.6015625 0.734375 0.0359375 0.034375
0 0.671875 0.7234375 0.0421875 0.0484375
0 0.70234375 0.759375 0.0203125 0.0234375
0 0.740625 0.7625 0.034375 0.0265625
0 0.7484375 0.7859375 0.0296875 0.03125
0 0.8078125 0.8578125 0.0296875 0.0390625
0 0.8296875 0.82421875 0.0234375 0.021875
0 0.74375 0.85625 0.0453125 0.0390625
0 0.5296875 0.69765625 0.0484375 0.0453125
0 0.515625 0.65625 0.0328125 0.0359375
0 0.42265625 0.7578125 0.0171875 0.015625
0 0.36171875 0.684375 0.05 0.0453125
0 0.40234375 0.6171875 0.040625 0.0453125
0 0.3953125 0.65234375 0.0484375 0.0546875
0 0.44609375 0.66171875 0.0359375 0.04375
0 0.46796875 0.71640625 0.0453125 0.046875
0 0.471875 0.6109375 0.03125 0.028125
0 0.40078125 0.5453125 0.0265625 0.03125
0 0.5609375 0.615625 0.0359375 0.0515625
0 0.4140625 0.5109375 0.0375 0.0375
0 0.48828125 0.56328125 0.028125 0.0234375