1 0.490625 0.83515625 0.0359375 0.090625
1 0.77109375 0.678125 0.05 0.1125
1 0.546875 0.3546875 0.0328125 0.0515625
1 0.81015625 0.571875 0.0671875 0.0671875
1 0.96328125 0.4359375 0.025 0.096875
0 0.26328125 0.39765625 0.04375 0.0828125
0 0.34296875 0.36953125 0.03125 0.0421875
0 0.384375 0.42578125 0.0671875 0.0625
0 0.45546875 0.36015625 0.0734375 0.065625
0 0.50703125 0.44609375 0.0453125 0.075
0 0.628125 0.4015625 0.05 0.05
0 0.64140625 0.38984375 0.0578125 0.0515625
0 0.68671875 0.35234375 0.0515625 0.05
0 0.85546875 0.38828125 0.0390625 0.034375
0 0.91484375 0.34921875 0.0421875 0.0375
0 0.8484375 0.490625 0.0703125 0.0984375
0 0.66875 0.54765625 0.1078125 0.0859375
0 0.865625 0.69609375 0.040625 0.0515625
0 0.95390625 0.60625 0.0578125 0.0859375