0 0.390625 0.0421875 0.0671875 0.0609375
0 0.07421875 0.16328125 0.115625 0.0640625
0 0.23671875 0.196875 0.034375 0.0421875
0 0.2703125 0.1609375 0.0546875 0.05625
0 0.31875 0.15390625 0.0390625 0.05625
0 0.5671875 0.1546875 0.0296875 0.040625
0 0.65703125 0.14609375 0.03125 0.040625
0 0.740625 0.13984375 0.03125 0.0484375
0 0.78203125 0.13984375 0.0265625 0.040625
0 0.70234375 0.03046875 0.0296875 0.0296875
0 0.796875 0.08359375 0.034375 0.0390625
0 0.69921875 0.36015625 0.03125 0.0296875
0 0.7828125 0.353125 0.05625 0.053125
0 0.84453125 0.3109375 0.0375 0.0328125
0 0.96640625 0.33515625 0.046875 0.046875
0 0.8609375 0.3796875 0.021875 0.0265625
0 0.8953125 0.39765625 0.028125 0.0234375
0 0.83203125 0.41953125 0.0375 0.025
0 0.78203125 0.44765625 0.03125 0.0296875
0 0.6203125 0.428125 0.0515625 0.0328125
0 0.60703125 0.47421875 0.01875 0.015625
0 0.63984375 0.49375 0.0265625 0.0265625
0 0.690625 0.49609375 0.05625 0.059375
0 0.54765625 0.496875 0.028125 0.01875
0 0.5375 0.56953125 0.0296875 0.0484375
0 0.48203125 0.58125 0.0578125 0.0484375
0 0.32734375 0.596875 0.03125 0.021875
0 0.12421875 0.59609375 0.0390625 0.028125
0 0.0796875 0.715625 0.059375 0.0390625
0 0.0453125 0.759375 0.034375 0.0421875
0 0.11328125 0.74921875 0.06875 0.0484375
0 0.18046875 0.7296875 0.0453125 0.0328125
0 0.3828125 0.94453125 0.0625 0.05625
0 0.23203125 0.98046875 0.034375 0.0234375
0 0.7609375 0.6984375 0.0578125 0.0359375
0 0.8359375 0.79296875 0.0296875 0.03125
0 0.8640625 0.8828125 0.065625 0.071875
0 0.59921875 0.946875 0.04375 0.040625
0 0.69921875 0.86171875 0.0578125 0.0515625
0 0.92265625 0.4734375 0.0375 0.0296875
0 0.98984375 0.6515625 0.0203125 0.040625
1 0.865625 0.615625 0.034375 0.0671875
1 0.33359375 0.40859375 0.025 0.0515625