1 0.221875 0.06640625 0.0328125 0.09375
1 0.990625 0.15234375 0.01875 0.0578125
1 0.2015625 0.315625 0.04375 0.0984375
0 0.4359375 0.1296875 0.0375 0.053125
0 0.45859375 0.0953125 0.0546875 0.0453125
0 0.3625 0.13671875 0.040625 0.05
0 0.47265625 0.190625 0.05 0.0265625
0 0.678125 0.1703125 0.03125 0.0484375
0 0.66796875 0.11953125 0.025 0.0296875
0 0.78828125 0.140625 0.0359375 0.03125
0 0.7609375 0.253125 0.0359375 0.0390625
0 0.85625 0.43984375 0.053125 0.0578125
0 0.87265625 0.528125 0.0265625 0.040625
0 0.30625 0.5078125 0.0296875 0.0484375
0 0.21953125 0.6265625 0.0421875 0.040625
0 0.43359375 0.3140625 0.0296875 0.0375
0 0.69296875 0.6359375 0.0359375 0.0640625
0 0.73359375 0.75546875 0.046875 0.059375
0 0.9328125 0.1375 0.040625 0.0328125