0 0.33671875 0.46953125 0.0375 0.0625
0 0.28046875 0.64375 0.075 0.0796875
0 0.303125 0.5625 0.040625 0.040625
0 0.37265625 0.5546875 0.0421875 0.0453125
0 0.4125 0.53046875 0.0546875 0.05
0 0.39765625 0.46171875 0.084375 0.0703125
0 0.47890625 0.3359375 0.05 0.065625
0 0.46953125 0.28046875 0.053125 0.078125
0 0.628125 0.38046875 0.0875 0.1
0 0.6484375 0.3171875 0.040625 0.040625
0 0.68125 0.48671875 0.053125 0.046875
0 0.6765625 0.19921875 0.0796875 0.0796875
0 0.59140625 0.1375 0.040625 0.0703125
0 0.58828125 0.07265625 0.04375 0.06875
0 0.72109375 0.0125 0.0390625 0.025
0 0.77734375 0.0734375 0.0515625 0.0578125
1 0.8 0.28125 0.0375 0.0828125
1 0.715625 0.32421875 0.046875 0.09375
1 0.56015625 0.39296875 0.0265625 0.0484375
1 0.4203125 0.38046875 0.034375 0.071875
1 0.76953125 0.68828125 0.03125 0.0921875
1 0.84296875 0.7234375 0.03125 0.06875