0 0.41953125 0.25078125 0.053125 0.0453125
0 0.3890625 0.3203125 0.0390625 0.0234375
0 0.3578125 0.40390625 0.03125 0.0203125
0 0.36484375 0.4421875 0.01875 0.0296875
0 0.39296875 0.475 0.0234375 0.028125
0 0.41875 0.47421875 0.0171875 0.025
0 0.42265625 0.50234375 0.028125 0.01875
0 0.36953125 0.48046875 0.009375 0.01875
0 0.33359375 0.475 0.0140625 0.0140625
0 0.35 0.615625 0.01875 0.040625
0 0.3265625 0.63203125 0.01875 0.0359375
0 0.29765625 0.65625 0.025 0.0484375
0 0.46875 0.6703125 0.0296875 0.0453125
0 0.465625 0.73046875 0.025 0.034375
0 0.32421875 0.81328125 0.028125 0.01875
0 0.3015625 0.83203125 0.021875 0.021875
0 0.27890625 0.85625 0.0265625 0.0125
0 0.39296875 0.83046875 0.040625 0.0546875
0 0.4609375 0.9375 0.03125 0.05
0 0.59375 0.87265625 0.028125 0.0328125
0 0.40546875 0.98203125 0.0359375 0.0328125
1 0.34921875 0.74375 0.0140625 0.053125
1 0.56015625 0.76015625 0.0140625 0.053125
1 0.5046875 0.8375 0.0140625 0.046875
1 0.3484375 0.89765625 0.0140625 0.05
1 0.309375 0.54921875 0.009375 0.0390625