1 0.20703125 0.0765625 0.0296875 0.0921875
1 0.98515625 0.1359375 0.0296875 0.05625
1 0.1953125 0.32578125 0.040625 0.0984375
0 0.4234375 0.13203125 0.0359375 0.053125
0 0.44453125 0.096875 0.053125 0.04375
0 0.35 0.14140625 0.040625 0.0484375
0 0.46171875 0.1921875 0.0484375 0.025
0 0.6671875 0.1640625 0.0296875 0.0484375
0 0.6546875 0.1140625 0.025 0.0296875
0 0.77578125 0.13046875 0.0359375 0.0296875
0 0.75234375 0.24453125 0.034375 0.0375
0 0.85390625 0.42734375 0.0515625 0.05625
0 0.8734375 0.51484375 0.025 0.040625
0 0.30625 0.51484375 0.028125 0.0484375
0 0.22421875 0.63671875 0.0421875 0.0390625
0 0.42734375 0.31640625 0.0296875 0.0375
0 0.69765625 0.62890625 0.034375 0.0640625
0 0.74296875 0.746875 0.04375 0.0578125
0 0.9203125 0.12265625 0.0390625 0.0328125