0 0.23515625 0.3 0.0453125 0.0421875
0 0.36328125 0.6046875 0.0375 0.0375
0 0.42421875 0.55078125 0.0328125 0.0421875
0 0.4625 0.57265625 0.0296875 0.0515625
0 0.5078125 0.5890625 0.0390625 0.0546875
0 0.63984375 0.61953125 0.0421875 0.04375
0 0.66640625 0.48828125 0.0296875 0.0390625
0 0.51015625 0.78828125 0.0359375 0.0515625
0 0.5640625 0.7328125 0.0328125 0.0421875
0 0.1125 0.64921875 0.0375 0.040625
0 0.25 0.4515625 0.0390625 0.0515625
0 0.5125 0.3 0.0296875 0.040625
0 0.47421875 0.3796875 0.03125 0.0421875
0 0.58671875 0.11015625 0.046875 0.0515625
0 0.70703125 0.1171875 0.0390625 0.046875
0 0.54140625 0.021875 0.0390625 0.04375
0 0.24140625 0.10703125 0.0359375 0.0453125
1 0.38828125 0.1234375 0.03125 0.0796875
1 0.60859375 0.34140625 0.04375 0.109375
1 0.65390625 0.80703125 0.0390625 0.1203125
1 0.30234375 0.79296875 0.0375 0.103125
0 0.7109375 0.3484375 0.04375 0.05625
0 0.53828125 0.221875 0.0515625 0.0484375