1 0.478125 0.1625 0.03125 0.1
1 0.3625 0.4515625 0.03125 0.140625
1 0.5046875 0.409375 0.040625 0.09375
1 0.1984375 0.434375 0.090625 0.0875
1 0.6734375 0.321875 0.059375 0.0375
1 0.8671875 0.66875 0.028125 0.09375
1 0.9546875 0.8515625 0.046875 0.128125
1 0.484375 0.871875 0.09375 0.09375
0 0.10546875 0.12890625 0.11953125 0.06328125
0 0.26796875 0.16953125 0.03046875 0.03984375
0 0.3046875 0.140625 0.04609375 0.05546875
0 0.3453125 0.1375 0.03359375 0.05234375
0 0.428125 0.0328125 0.05859375 0.06484375
0 0.59375 0.159375 0.03046875 0.03046875
0 0.684375 0.16015625 0.02421875 0.04140625
0 0.77265625 0.16171875 0.02890625 0.04140625
0 0.809375 0.165625 0.0203125 0.04453125
0 0.73515625 0.05390625 0.03359375 0.03828125
0 0.83359375 0.1109375 0.03671875 0.04140625
0 0.7125 0.3765625 0.03671875 0.03203125
0 0.86484375 0.33828125 0.04140625 0.03828125
0 0.97734375 0.375 0.0453125 0.03203125
0 0.79453125 0.37421875 0.05390625 0.05234375
0 0.746875 0.37421875 0.01875 0.02734375
0 0.62109375 0.4390625 0.03828125 0.02734375
0 0.61328125 0.4859375 0.03203125 0.01875
0 0.65859375 0.52265625 0.096875 0.03828125
0 0.78203125 0.471875 0.02578125 0.02890625
0 0.840625 0.49140625 0.03515625 0.02578125
0 0.8328125 0.44765625 0.03828125 0.0203125
0 0.87421875 0.415625 0.03203125 0.0203125
0 0.49453125 0.571875 0.0859375 0.06015625
0 0.32109375 0.58046875 0.03203125 0.02734375
0 0.1125 0.56328125 0.03203125 0.04296875
0 0.05703125 0.6734375 0.04140625 0.04453125
0 0.025 0.71484375 0.03046875 0.04140625
0 0.0953125 0.715625 0.04453125 0.03984375
0 0.16484375 0.70078125 0.04296875 0.03515625
0 0.18671875 0.95703125 0.03359375 0.02890625
0 0.340625 0.9296875 0.04609375 0.05078125
0 0.5578125 0.9515625 0.05390625 0.03203125
0 0.74140625 0.7171875 0.02421875 0.03046875
0 0.671875 0.878125 0.06328125 0.05234375
0 0.809375 0.82734375 0.03046875 0.02421875
0 0.8296875 0.9078125 0.06015625 0.05859375
0 0.97890625 0.6953125 0.03515625 0.02734375
0 0.91953125 0.51171875 0.02734375 0.01875