0 0.56875 0.0265625 0.0296875 0.01875
0 0.6171875 0.2203125 0.03359375 0.02265625
0 0.4125 0.34921875 0.0328125 0.02109375
0 0.45625 0.41171875 0.025 0.02109375
0 0.50078125 0.40625 0.03125 0.025
0 0.53984375 0.403125 0.0296875 0.03359375
0 0.67421875 0.41796875 0.02734375 0.02109375
0 0.63984375 0.29453125 0.03515625 0.0234375
0 0.43359375 0.31875 0.02265625 0.025
0 0.1984375 0.2328125 0.04375 0.0234375
0 0.2640625 0.44765625 0.0328125 0.02265625
0 0.040625 0.55625 0.0359375 0.02734375
0 0.20234375 0.58984375 0.03515625 0.01484375
0 0.4796875 0.50234375 0.02734375 0.0171875
0 0.4484375 0.575 0.0390625 0.02734375
0 0.14140625 0.7640625 0.0296875 0.0171875
0 0.1640625 0.88828125 0.0328125 0.0234375
0 0.1171875 0.8578125 0.0203125 0.0171875
0 0.21640625 0.93671875 0.03515625 0.0234375
0 0.1359375 0.98984375 0.02265625 0.01953125
0 0.39921875 0.93671875 0.03125 0.03125
0 0.4609375 0.87109375 0.0328125 0.025
0 0.459375 0.74765625 0.02890625 0.025
0 0.4546875 0.67421875 0.03125 0.0296875
0 0.6609375 0.5375 0.025 0.0203125
0 0.646875 0.684375 0.0265625 0.02890625
0 0.57890625 0.89453125 0.0296875 0.0234375
1 0.73125 0.6203125 0.01484375 0.04375
1 0.57578125 0.6328125 0.01875 0.0375
1 0.75234375 0.225 0.00390625 0.03515625
1 0.5421875 0.1515625 0.01640625 0.04609375
1 0.721875 0.0796875 0.0109375 0.05
1 0.3296875 0.3859375 0.0109375 0.0421875