0 0.46328125 0.240625 0.0609375 0.053125
0 0.421875 0.30390625 0.0421875 0.0296875
0 0.3765625 0.38046875 0.034375 0.025
0 0.37734375 0.41953125 0.0234375 0.0328125
0 0.3984375 0.45625 0.028125 0.03125
0 0.42421875 0.4609375 0.0203125 0.028125
0 0.4234375 0.4890625 0.0296875 0.0234375
0 0.375 0.45859375 0.0125 0.01875
0 0.33984375 0.446875 0.015625 0.015625
0 0.3328125 0.5875 0.0265625 0.0421875
0 0.30625 0.6 0.025 0.0375
0 0.27421875 0.61875 0.0328125 0.0515625
0 0.43984375 0.6625 0.0375 0.05
0 0.42578125 0.72109375 0.03125 0.0375
0 0.27265625 0.778125 0.03125 0.0234375
0 0.246875 0.7921875 0.025 0.025
0 0.2203125 0.8125 0.028125 0.0171875
0 0.33671875 0.80625 0.0484375 0.0609375
0 0.3859375 0.92421875 0.0390625 0.0546875
0 0.52734375 0.88359375 0.0328125 0.0359375
0 0.3234375 0.95859375 0.040625 0.0390625
1 0.30859375 0.71328125 0.0234375 0.0546875
1 0.5140625 0.7671875 0.021875 0.053125
1 0.44609375 0.83359375 0.021875 0.0484375
1 0.28203125 0.86484375 0.021875 0.05
1 0.30390625 0.51484375 0.015625 0.040625