0 0.17265625 0.77734375 0.034375 0.0546875
0 0.09765625 0.9609375 0.0484375 0.078125
0 0.296875 0.659375 0.0515625 0.096875
0 0.353125 0.45078125 0.0390625 0.071875
0 0.3625 0.1859375 0.03125 0.0359375
0 0.4078125 0.221875 0.034375 0.03125
0 0.4046875 0.36171875 0.0234375 0.0328125
0 0.6953125 0.21171875 0.0234375 0.03125
0 0.640625 0.13984375 0.040625 0.05625
0 0.7671875 0.28125 0.034375 0.0375
0 0.58671875 0.075 0.0359375 0.0359375
0 0.5953125 0.14296875 0.0359375 0.05
0 0.83203125 0.359375 0.0390625 0.05625
0 0.89765625 0.45234375 0.046875 0.075
0 0.82421875 0.05859375 0.0359375 0.0375
0 0.73046875 0.5796875 0.034375 0.046875
0 0.78515625 0.66953125 0.0328125 0.0546875
0 0.26015625 0.046875 0.0359375 0.025
1 0.16875 0.15 0.03125 0.0578125
1 0.21875 0.3109375 0.0296875 0.06875
1 0.29765625 0.346875 0.0421875 0.0828125
1 0.88046875 0.01171875 0.0234375 0.0234375