0 0.15390625 0.1734375 0.04140625 0.02890625
0 0.3296875 0.1 0.02890625 0.0328125
0 0.23828125 0.1890625 0.04296875 0.0390625
0 0.3078125 0.2953125 0.04765625 0.0328125
0 0.3484375 0.36875 0.0328125 0.0390625
0 0.5109375 0.24140625 0.0390625 0.04140625
0 0.39609375 0.45 0.0359375 0.0171875
0 0.4703125 0.5 0.03046875 0.0328125
0 0.02734375 0.4609375 0.03046875 0.021875
0 0.5984375 0.3640625 0.03046875 0.0203125
0 0.6828125 0.4625 0.034375 0.01875
0 0.58515625 0.55 0.0375 0.015625
0 0.54140625 0.5703125 0.0390625 0.02578125
0 0.49921875 0.59296875 0.03046875 0.02890625
0 0.315625 0.6640625 0.0328125 0.02734375
0 0.18046875 0.58671875 0.0390625 0.02421875
0 0.4953125 0.6703125 0.0359375 0.02734375
0 0.725 0.59296875 0.04140625 0.01875
0 0.7484375 0.66640625 0.0390625 0.04609375
0 0.075 0.69375 0.034375 0.021875
0 0.215625 0.71953125 0.04140625 0.0328125
1 0.51328125 0.15390625 0.0171875 0.0578125
1 0.45234375 0.27734375 0.02890625 0.06484375
1 0.1828125 0.3609375 0.0171875 0.071875
1 0.828125 0.51328125 0.0203125 0.08203125