0 0.17578125 0.26953125 0.0453125 0.03125
0 0.39609375 0.35703125 0.0421875 0.028125
0 0.41640625 0.3234375 0.0359375 0.0296875
0 0.51875 0.02109375 0.0359375 0.03125
0 0.5859375 0.21796875 0.0453125 0.040625
0 0.61796875 0.27578125 0.03125 0.028125
0 0.52578125 0.39765625 0.0390625 0.0390625
0 0.4890625 0.40625 0.0359375 0.0328125
0 0.44921875 0.41953125 0.0359375 0.034375
0 0.25859375 0.47109375 0.0328125 0.0296875
0 0.05234375 0.60234375 0.0359375 0.03125
0 0.2125 0.61640625 0.0265625 0.025
0 0.47734375 0.50546875 0.028125 0.028125
0 0.6640625 0.40234375 0.0375 0.0390625
0 0.45546875 0.58828125 0.034375 0.025
0 0.47421875 0.6796875 0.0453125 0.0421875
0 0.17421875 0.803125 0.03125 0.0234375
0 0.1546875 0.89453125 0.025 0.0296875
0 0.20625 0.91953125 0.0359375 0.0359375
0 0.26484375 0.9640625 0.0484375 0.0390625
0 0.43984375 0.94609375 0.0390625 0.034375
0 0.49921875 0.878125 0.0375 0.0453125
0 0.62265625 0.88203125 0.0421875 0.04375
0 0.490625 0.74921875 0.040625 0.0359375
0 0.6640625 0.66484375 0.03125 0.0359375
0 0.66328125 0.525 0.0375 0.0328125
1 0.7546875 0.66640625 0.0390625 0.0609375
1 0.5484375 0.59375 0.0484375 0.0953125
1 0.3234375 0.778125 0.046875 0.0875
1 0.58984375 0.89140625 0.0375 0.0890625
1 0.51796875 0.21328125 0.0453125 0.096875
1 0.63046875 0.06953125 0.0296875 0.065625