0 0.0875 0.0046875 0.03125 0.009375
0 0.1734375 0.04609375 0.03125 0.03125
0 0.11953125 0.1 0.0421875 0.0359375
0 0.11015625 0.2328125 0.0328125 0.034375
0 0.44609375 0.23046875 0.0453125 0.0421875
0 0.3625 0.0390625 0.034375 0.0328125
0 0.425 0.09375 0.0515625 0.0484375
0 0.55546875 0.06484375 0.04375 0.03125
0 0.434375 0.30859375 0.0375 0.040625
0 0.63828125 0.284375 0.03125 0.0453125
0 0.43671875 0.4015625 0.021875 0.0296875
0 0.4765625 0.4875 0.028125 0.028125
0 0.675 0.55703125 0.04375 0.034375
0 0.65625 0.434375 0.0375 0.0328125
0 0.54765625 0.58515625 0.046875 0.0375
0 0.4984375 0.57890625 0.034375 0.034375
0 0.45078125 0.57421875 0.0359375 0.034375
0 0.65 0.6921875 0.0375 0.04375
0 0.63046875 0.76953125 0.0375 0.034375
0 0.4109375 0.64375 0.046875 0.040625
0 0.4390625 0.6734375 0.0296875 0.025
0 0.2578125 0.5515625 0.0375 0.0265625
0 0.17890625 0.41328125 0.0359375 0.03125
0 0.028125 0.4515625 0.0359375 0.0359375
0 0.146875 0.54296875 0.053125 0.0296875
0 0.20078125 0.771875 0.034375 0.034375
1 0.79921875 0.73828125 0.028125 0.059375
1 0.54375 0.89765625 0.0265625 0.05625
1 0.74375 0.5109375 0.0234375 0.04375
1 0.58203125 0.4 0.0203125 0.046875