1 0.2 0.2890625 0.040625 0.1109375
1 0.69140625 0.42421875 0.0453125 0.1609375
1 0.58125 0.5640625 0.0515625 0.1390625
1 0.80625 0.65703125 0.034375 0.1140625
1 0.796875 0.21015625 0.0515625 0.1484375
0 0.31796875 0.03359375 0.0453125 0.0390625
0 0.25703125 0.1140625 0.0734375 0.0640625
0 0.115625 0.278125 0.0390625 0.0703125
0 0.11171875 0.41796875 0.06875 0.06875
0 0.0875 0.503125 0.0359375 0.0453125
0 0.0703125 0.5578125 0.0375 0.04375
0 0.015625 0.5234375 0.03125 0.065625
0 0.19765625 0.546875 0.0328125 0.0765625
0 0.40390625 0.6359375 0.065625 0.0984375
0 0.3859375 0.74140625 0.05 0.0328125
0 0.33203125 0.7828125 0.0390625 0.0296875
0 0.45078125 0.81484375 0.0640625 0.0375
0 0.346875 0.8625 0.034375 0.0359375
0 0.43359375 0.88984375 0.0375 0.046875
0 0.37265625 0.84375 0.0328125 0.0421875
0 0.35234375 0.953125 0.0203125 0.0359375
0 0.48984375 0.63359375 0.034375 0.0453125
0 0.49765625 0.73984375 0.0296875 0.03125
0 0.4703125 0.58984375 0.0328125 0.028125
0 0.45546875 0.45859375 0.0734375 0.1234375
0 0.48203125 0.2828125 0.0359375 0.0421875
0 0.5578125 0.29609375 0.0359375 0.0234375
0 0.515625 0.0984375 0.0375 0.025
0 0.55234375 0.1015625 0.040625 0.0296875
0 0.6953125 0.1390625 0.0453125 0.0375
0 0.60703125 0.03125 0.128125 0.059375
0 0.9234375 0.49375 0.0375 0.0296875
0 0.93125 0.5421875 0.053125 0.0390625
0 0.9125 0.5890625 0.0609375 0.0375
0 0.953125 0.7265625 0.0703125 0.071875
0 0.7390625 0.7734375 0.0421875 0.028125
0 0.6859375 0.84609375 0.0359375 0.0234375
0 0.6375 0.91484375 0.034375 0.0390625
0 0.61796875 0.95390625 0.0421875 0.04375