0 0.2359375 0.20234375 0.040625 0.0234375
0 0.43125 0.3375 0.0390625 0.0203125
0 0.45859375 0.309375 0.03125 0.0234375
0 0.62578125 0.0375 0.03125 0.025
0 0.646875 0.24453125 0.0390625 0.0328125
0 0.665625 0.3078125 0.0265625 0.0234375
0 0.5484375 0.40625 0.0328125 0.0328125
0 0.51015625 0.40625 0.03125 0.0265625
0 0.46875 0.41015625 0.0296875 0.028125
0 0.27109375 0.4171875 0.028125 0.0234375
0 0.040625 0.49921875 0.03125 0.025
0 0.19375 0.5484375 0.021875 0.0203125
0 0.4765625 0.5 0.0234375 0.0234375
0 0.68203125 0.4421875 0.03125 0.0328125
0 0.43671875 0.57578125 0.03125 0.01875
0 0.434375 0.66953125 0.0390625 0.034375
0 0.1140625 0.721875 0.028125 0.0171875
0 0.075 0.80703125 0.01875 0.0265625
0 0.11953125 0.84296875 0.0296875 0.0296875
0 0.16640625 0.89921875 0.0421875 0.0296875
0 0.071875 0.94609375 0.034375 0.0296875
0 0.34140625 0.92109375 0.034375 0.0265625
0 0.2796875 0.98671875 0.040625 0.0265625
0 0.4140625 0.86796875 0.0296875 0.0390625
0 0.53359375 0.9 0.034375 0.0375
0 0.43515625 0.740625 0.034375 0.0296875
0 0.62265625 0.69765625 0.025 0.03125
0 0.653125 0.5609375 0.0328125 0.0265625
1 0.7109375 0.71953125 0.0265625 0.05625
1 0.52578125 0.60234375 0.028125 0.090625
1 0.265625 0.73125 0.0296875 0.0828125
1 0.49921875 0.9015625 0.01875 0.0875
1 0.58203125 0.225 0.025 0.09375
1 0.72421875 0.11015625 0.015625 0.0640625