0 0.19453125 0.06015625 0.021875 0.025
0 0.22421875 0.103125 0.028125 0.0375
0 0.27578125 0.034375 0.0421875 0.04375
0 0.2578125 0.11796875 0.025 0.028125
0 0.278125 0.14921875 0.03125 0.0390625
0 0.28671875 0.11171875 0.0203125 0.015625
0 0.4390625 0.33828125 0.0375 0.0453125
0 0.68046875 0.22578125 0.0609375 0.0640625
0 0.628125 0.20234375 0.0359375 0.0328125
0 0.7734375 0.32265625 0.034375 0.03125
0 0.86875 0.42109375 0.0515625 0.0375
0 0.8796875 0.46875 0.0296875 0.0515625
0 0.91640625 0.46484375 0.0234375 0.0234375
0 0.934375 0.41484375 0.03125 0.025
0 0.91484375 0.4984375 0.0296875 0.025
0 0.8953125 0.50703125 0.025 0.01875
0 0.9453125 0.53125 0.034375 0.0265625
0 0.98671875 0.56796875 0.0234375 0.053125
0 0.7890625 0.44453125 0.0328125 0.0265625
0 0.859375 0.53515625 0.0203125 0.0203125
0 0.91328125 0.57734375 0.0265625 0.021875
0 0.94453125 0.6 0.0234375 0.01875
0 0.55078125 0.3703125 0.0578125 0.0484375
0 0.61875 0.37265625 0.0234375 0.0328125
0 0.51328125 0.3171875 0.028125 0.028125
0 0.4421875 0.2640625 0.046875 0.0546875
0 0.54921875 0.3140625 0.021875 0.0234375
0 0.56640625 0.34375 0.028125 0.0265625
0 0.596875 0.34921875 0.0234375 0.025
0 0.54921875 0.428125 0.0296875 0.0328125
0 0.67890625 0.4796875 0.053125 0.0625
0 0.72265625 0.54140625 0.025 0.03125
0 0.70546875 0.63515625 0.04375 0.0421875
0 0.73125 0.61015625 0.040625 0.0390625
0 0.734375 0.675 0.05 0.0453125
0 0.75546875 0.6375 0.040625 0.0328125
0 0.81328125 0.7 0.046875 0.0640625
0 0.78359375 0.7640625 0.0421875 0.0359375
0 0.80625 0.7453125 0.0375 0.0375
0 0.31640625 0.20703125 0.0328125 0.0453125
0 0.334375 0.253125 0.0375 0.0375
0 0.35703125 0.2859375 0.0390625 0.05
0 0.25390625 0.175 0.025 0.01875
0 0.26328125 0.284375 0.028125 0.028125
0 0.30546875 0.29609375 0.028125 0.03125
0 0.32734375 0.3078125 0.034375 0.046875
0 0.353125 0.35 0.025 0.0328125
0 0.321875 0.39296875 0.0296875 0.0328125
0 0.259375 0.3875 0.034375 0.0484375
0 0.2921875 0.4046875 0.0328125 0.03125
0 0.2921875 0.4375 0.0203125 0.025
0 0.2859375 0.465625 0.021875 0.028125
0 0.28359375 0.52109375 0.0234375 0.0203125
0 0.371875 0.4171875 0.0390625 0.053125
0 0.3984375 0.42265625 0.0234375 0.0328125
0 0.39765625 0.36640625 0.04375 0.040625
0 0.428125 0.43203125 0.05 0.059375
0 0.45625 0.40390625 0.028125 0.0234375
0 0.51953125 0.51328125 0.0390625 0.05625
0 0.63125 0.45390625 0.0265625 0.0265625
0 0.55703125 0.56640625 0.0265625 0.040625
0 0.59609375 0.6125 0.0453125 0.0609375
0 0.76328125 0.84140625 0.034375 0.0390625
0 0.72109375 0.80546875 0.040625 0.0609375
0 0.575 0.71953125 0.0359375 0.0359375
0 0.528125 0.75390625 0.0359375 0.034375
0 0.59921875 0.7640625 0.040625 0.046875
0 0.61796875 0.80703125 0.0203125 0.0234375
0 0.65390625 0.82109375 0.034375 0.025
0 0.65390625 0.84609375 0.0296875 0.03125
0 0.6890625 0.93203125 0.028125 0.0375
0 0.7203125 0.90625 0.0234375 0.021875
0 0.62890625 0.91171875 0.04375 0.0390625
0 0.4703125 0.69765625 0.0484375 0.0453125
0 0.46875 0.65390625 0.0328125 0.0359375
0 0.35078125 0.72421875 0.0171875 0.015625
0 0.3140625 0.6359375 0.05 0.04375
0 0.371875 0.58359375 0.040625 0.04375
0 0.35546875 0.615625 0.0484375 0.0546875
0 0.40078125 0.6390625 0.0359375 0.04375
0 0.40625 0.69765625 0.0453125 0.046875
0 0.440625 0.5984375 0.0296875 0.028125
0 0.3921875 0.5140625 0.0265625 0.0296875
0 0.52421875 0.628125 0.0359375 0.0515625
0 0.4140625 0.4859375 0.0375 0.0359375
0 0.46953125 0.55703125 0.028125 0.0234375