0 0.26328125 0.17421875 0.028125 0.025
0 0.45 0.32890625 0.0265625 0.0296875
0 0.475 0.30625 0.03125 0.03125
0 0.675 0.25703125 0.0390625 0.040625
0 0.678125 0.32890625 0.04375 0.0296875
0 0.47421875 0.40703125 0.03125 0.025
0 0.521875 0.4078125 0.040625 0.0296875
0 0.5609375 0.41171875 0.046875 0.0328125
0 0.68359375 0.459375 0.0390625 0.0296875
0 0.47734375 0.4984375 0.0328125 0.0203125
0 0.428125 0.5703125 0.0328125 0.034375
0 0.64140625 0.57265625 0.040625 0.025
0 0.284375 0.39609375 0.0265625 0.0203125
0 0.18671875 0.515625 0.0328125 0.021875
0 0.09453125 0.6796875 0.0296875 0.021875
0 0.04921875 0.759375 0.009375 0.0125
0 0.08046875 0.8 0.03125 0.028125
0 0.03515625 0.89453125 0.0375 0.0265625
0 0.12109375 0.86015625 0.034375 0.0296875
0 0.23515625 0.9609375 0.028125 0.015625
0 0.29921875 0.90078125 0.025 0.028125
0 0.3734375 0.85625 0.034375 0.0375
0 0.40390625 0.7359375 0.034375 0.0328125
0 0.48828125 0.9 0.025 0.021875
0 0.6046875 0.7125 0.025 0.03125
0 0.66875 0.04921875 0.034375 0.025
1 0.75234375 0.184375 0.0375 0.0765625
1 0.41484375 0.0984375 0.0265625 0.0625
1 0.33046875 0.325 0.0328125 0.084375
1 0.31328125 0.625 0.0421875 0.103125
1 0.525 0.64296875 0.0265625 0.0765625
0 0.4171875 0.65703125 0.0375 0.0296875