0 0.0203125 0.0140625 0.0203125 0.0203125
0 0.02109375 0.059375 0.02578125 0.02421875
0 0.0078125 0.1078125 0.015625 0.0125
0 0.0078125 0.1453125 0.015625 0.0171875
0 0.23515625 0.0265625 0.02421875 0.02109375
0 0.11484375 0.12578125 0.0328125 0.0296875
0 0.12109375 0.01796875 0.028125 0.02421875
0 0.10703125 0.27734375 0.028125 0.02578125
0 0.08515625 0.24921875 0.02265625 0.0203125
0 0.00546875 0.1796875 0.0109375 0.040625
0 0.06171875 0.2984375 0.0296875 0.046875
0 0.05859375 0.3546875 0.034375 0.03125
0 0.07890625 0.384375 0.0296875 0.02265625
0 0.0546875 0.40234375 0.0296875 0.0171875
0 0.03984375 0.465625 0.0203125 0.0171875
0 0.04765625 0.44453125 0.0125 0.015625
0 0.084375 0.5265625 0.02421875 0.02265625
0 0.0890625 0.584375 0.02109375 0.02109375
0 0.0171875 0.72578125 0.02265625 0.0171875
0 0.08671875 0.76171875 0.02578125 0.0125
0 0.03125 0.7796875 0.02578125 0.0171875
0 0.015625 0.8140625 0.02578125 0.0171875
0 0.0109375 0.8875 0.02109375 0.0328125
0 0.0109375 0.96484375 0.02109375 0.0203125
0 0.19140625 0.09765625 0.015625 0.02109375
0 0.2015625 0.1234375 0.015625 0.028125
0 0.20546875 0.1390625 0.0359375 0.00859375
0 0.19921875 0.19140625 0.0203125 0.015625
0 0.19296875 0.21171875 0.01875 0.0203125
0 0.2390625 0.16640625 0.0203125 0.0140625
0 0.24609375 0.2171875 0.02265625 0.02421875
0 0.24296875 0.2828125 0.015625 0.0171875
0 0.24375 0.31171875 0.015625 0.02265625
0 0.22734375 0.415625 0.02265625 0.02265625
0 0.203125 0.46171875 0.028125 0.01875
0 0.22421875 0.50859375 0.02109375 0.02734375
0 0.17578125 0.66328125 0.03828125 0.02578125
0 0.15625 0.7046875 0.0203125 0.0203125
0 0.2109375 0.6859375 0.0203125 0.0203125
0 0.2453125 0.69375 0.01875 0.01875
0 0.30234375 0.03125 0.02109375 0.0203125
0 0.3265625 0.08359375 0.02109375 0.0203125
0 0.35546875 0.08359375 0.0203125 0.0171875
0 0.37109375 0.015625 0.0171875 0.0171875
0 0.30234375 0.1265625 0.02421875 0.02578125
0 0.35859375 0.1296875 0.02578125 0.0171875
0 0.33828125 0.16875 0.0203125 0.02421875
0 0.29609375 0.184375 0.0171875 0.02109375
0 0.27890625 0.2 0.0203125 0.02109375
0 0.3453125 0.19921875 0.02421875 0.0203125
0 0.26875 0.23671875 0.0203125 0.02109375
0 0.33359375 0.2390625 0.015625 0.034375
0 0.259375 0.30625 0.015625 0.02421875
0 0.25703125 0.36484375 0.02421875 0.03828125
0 0.30234375 0.36171875 0.02421875 0.0203125
0 0.3140625 0.35 0.01875 0.0203125
0 0.30546875 0.39765625 0.02109375 0.02109375
0 0.2828125 0.40703125 0.02109375 0.0171875
0 0.28046875 0.43125 0.0171875 0.0171875
0 0.2734375 0.45546875 0.02265625 0.00859375
0 0.278125 0.4765625 0.015625 0.0171875
0 0.2640625 0.53671875 0.02421875 0.0203125
0 0.4328125 0.01171875 0.034375 0.0203125
0 0.396875 0.06015625 0.0203125 0.02734375
0 0.4265625 0.09609375 0.02265625 0.04140625
0 0.39375 0.1 0.02109375 0.0171875
0 0.38828125 0.125 0.0171875 0.01171875
0 0.42578125 0.15546875 0.0171875 0.0203125
0 0.3859375 0.14609375 0.01875 0.015625
0 0.38046875 0.18125 0.0125 0.02421875
0 0.3921875 0.22890625 0.02734375 0.02265625
0 0.3875 0.278125 0.0328125 0.04140625
0 0.38671875 0.3078125 0.03125 0.01875
0 0.4109375 0.325 0.02265625 0.02421875
0 0.38359375 0.33984375 0.02734375 0.02265625
0 0.3703125 0.39921875 0.028125 0.02109375
0 0.3625 0.4296875 0.02265625 0.03125
0 0.3984375 0.4171875 0.0140625 0.03671875
0 0.3546875 0.490625 0.03828125 0.0515625
0 0.33984375 0.54609375 0.0171875 0.0515625
0 0.371875 0.55546875 0.02734375 0.04140625
0 0.3328125 0.58515625 0.02265625 0.034375
0 0.35234375 0.61015625 0.015625 0.03671875
0 0.31875 0.65859375 0.028125 0.028125
0 0.33515625 0.69453125 0.02421875 0.03125
0 0.31171875 0.71875 0.0140625 0.04296875
0 0.43671875 0.178125 0.01875 0.02265625
0 0.44609375 0.1234375 0.015625 0.01953125
0 0.4953125 0.1328125 0.015625 0.015625
0 0.478125 0.1828125 0.01484375 0.021875
0 0.4625 0.3140625 0.0203125 0.0265625
0 0.4328125 0.4484375 0.01640625 0.021875
0 0.42109375 0.51875 0.015625 0.01953125
0 0.42109375 0.55 0.0203125 0.01640625
0 0.41875 0.56796875 0.0234375 0.0109375
0 0.53515625 0.13125 0.01953125 0.01875
0 0.4828125 0.34375 0.01953125 0.0296875
0 0.47890625 0.4 0.02421875 0.01640625
0 0.4734375 0.42578125 0.01640625 0.015625
0 0.471875 0.45 0.01953125 0.0296875
0 0.45390625 0.49921875 0.01953125 0.0171875
0 0.45625 0.51796875 0.0171875 0.01484375
0 0.4625 0.553125 0.01875 0.01875
0 0.54609375 0.153125 0.02109375 0.01796875
0 0.4890625 0.0140625 0.01484375 0.0140625
0 0.46640625 0.01640625 0.015625 0.0125
0 0.54296875 0.1859375 0.01640625 0.0203125
0 0.5359375 0.209375 0.01640625 0.015625
0 0.5328125 0.2265625 0.01796875 0.0125
0 0.49921875 0.240625 0.02265625 0.0203125
0 0.55390625 0.2328125 0.0140625 0.0203125
0 0.52265625 0.259375 0.01328125 0.01171875
0 0.5171875 0.31484375 0.01640625 0.015625
0 0.50703125 0.36796875 0.01640625 0.01796875
0 0.52421875 0.39921875 0.01640625 0.02109375
0 0.5953125 0.228125 0.00703125 0.01875
0 0.61953125 0.2671875 0.02578125 0.01875
0 0.60703125 0.3171875 0.021875 0.01875
0 0.60703125 0.3484375 0.01328125 0.01171875
0 0.5984375 0.365625 0.0171875 0.015625
0 0.59609375 0.3953125 0.0140625 0.01328125
0 0.50859375 0.471875 0.0234375 0.01328125
0 0.496875 0.5171875 0.01484375 0.01953125
0 0.55390625 0.37421875 0.02109375 0.00859375
0 0.5421875 0.4234375 0.01875 0.015625
0 0.5640625 0.3140625 0.0203125 0.02421875
0 0.56875 0.4703125 0.01953125 0.0171875
0 0.6484375 0.40546875 0.0203125 0.01953125
0 0.66328125 0.47734375 0.01640625 0.01953125
0 0.49453125 0.5953125 0.01796875 0.0171875
0 0.48984375 0.63359375 0.01015625 0.02578125
0 0.49296875 0.66875 0.0203125 0.0234375
0 0.8234375 0.23828125 0.0265625 0.028125
0 0.90859375 0.321875 0.04921875 0.046875