0 0.271875 0.13203125 0.040625 0.040625
0 0.31953125 0.17109375 0.0484375 0.046875
0 0.41484375 0.17578125 0.05390625 0.06328125
0 0.32109375 0.37109375 0.0484375 0.05
0 0.3671875 0.40546875 0.05703125 0.0484375
0 0.48984375 0.06171875 0.0421875 0.0453125
0 0.60703125 0.12421875 0.0359375 0.046875
0 0.475 0.27734375 0.03046875 0.0328125
0 0.50390625 0.340625 0.0859375 0.06484375
0 0.43828125 0.53203125 0.0515625 0.02578125
0 0.359375 0.59765625 0.06015625 0.046875
0 0.44453125 0.61796875 0.0390625 0.0328125
0 0.39609375 0.6953125 0.0453125 0.04375
0 0.42578125 0.7734375 0.05703125 0.05