0 0.584375 0.2078125 0.11875 0.040625
0 0.45625 0.190625 0.04375 0.04375
0 0.3234375 0.1875 0.040625 0.05625
0 0.36171875 0.1765625 0.0203125 0.02421875
0 0.39375 0.178125 0.02578125 0.02265625
0 0.2859375 0.19921875 0.04453125 0.0265625
0 0.2765625 0.21953125 0.04140625 0.021875
0 0.259375 0.1734375 0.02421875 0.021875
0 0.2828125 0.13515625 0.03203125 0.02578125
0 0.3546875 0.2609375 0.0171875 0.01875
0 0.23671875 0.2078125 0.021875 0.04140625
0 0.1890625 0.1890625 0.0203125 0.0390625
0 0.659375 0.190625 0.021875 0.028125
0 0.14140625 0.24296875 0.03515625 0.03671875
0 0.18203125 0.24921875 0.01875 0.03203125
0 0.2359375 0.259375 0.0203125 0.0171875
0 0.046875 0.4453125 0.04609375 0.0296875
0 0.11640625 0.4484375 0.05 0.03203125
0 0.115625 0.4171875 0.0296875 0.03203125
0 0.2171875 0.425 0.03125 0.04296875
0 0.25859375 0.43671875 0.03203125 0.03671875
0 0.2609375 0.39765625 0.0296875 0.03359375
0 0.2765625 0.3765625 0.02578125 0.028125
0 0.32265625 0.36640625 0.0265625 0.021875
0 0.396875 0.3578125 0.0671875 0.02421875
0 0.43984375 0.37734375 0.021875 0.02265625
0 0.48046875 0.33125 0.01875 0.0109375
0 0.5078125 0.33671875 0.01875 0.01875
0 0.540625 0.34296875 0.0203125 0.03203125
0 0.53828125 0.3859375 0.03203125 0.03359375
0 0.57265625 0.390625 0.02265625 0.03515625
0 0.565625 0.36015625 0.02578125 0.0171875
0 0.59453125 0.3546875 0.0171875 0.0171875
0 0.6109375 0.3828125 0.01875 0.02578125
0 0.50625 0.4234375 0.0375 0.02578125
0 0.68515625 0.40546875 0.0265625 0.01640625
0 0.71171875 0.39921875 0.0296875 0.02578125
0 0.65 0.4484375 0.04296875 0.0265625
0 0.6546875 0.47578125 0.03125 0.0171875
0 0.58671875 0.475 0.021875 0.021875
0 0.5453125 0.48359375 0.0265625 0.02578125
0 0.4734375 0.49921875 0.0578125 0.0265625
0 0.3984375 0.5015625 0.0484375 0.028125
0 0.3421875 0.50078125 0.04609375 0.05078125
0 0.06328125 0.51875 0.03515625 0.03671875
0 0.12265625 0.5234375 0.05078125 0.0375
0 0.04609375 0.61953125 0.02421875 0.03125
0 0.228125 0.5875 0.0390625 0.02578125
0 0.275 0.578125 0.03671875 0.03359375
0 0.37734375 0.565625 0.03125 0.03203125
0 0.45625 0.5578125 0.03515625 0.03125
0 0.5515625 0.5609375 0.04140625 0.0265625
0 0.60703125 0.59609375 0.02421875 0.021875
0 0.6046875 0.534375 0.03125 0.021875
0 0.62421875 0.54609375 0.06328125 0.01484375
0 0.68671875 0.521875 0.02421875 0.03125
0 0.73515625 0.51171875 0.0484375 0.0265625
0 0.7453125 0.52890625 0.07265625 0.0109375
0 0.790625 0.55703125 0.0203125 0.0375
0 0.6734375 0.565625 0.02578125 0.02578125
0 0.6796875 0.5953125 0.03203125 0.03125
0 0.71796875 0.61171875 0.0390625 0.02578125
0 0.64375 0.6375 0.0171875 0.02578125
0 0.3859375 0.61640625 0.04140625 0.0296875
0 0.35390625 0.6453125 0.040625 0.03359375
0 0.45078125 0.60546875 0.0265625 0.040625
0 0.4828125 0.675 0.04296875 0.03359375
0 0.496875 0.64375 0.05078125 0.0265625
0 0.27109375 0.63125 0.028125 0.01875
0 0.096875 0.6578125 0.0375 0.03359375
0 0.49453125 0.7265625 0.0390625 0.03203125
0 0.57734375 0.5890625 0.01640625 0.0203125
0 0.5390625 0.58984375 0.02578125 0.02265625