0 0.54375 0.0234375 0.03125 0.0203125
0 0.60234375 0.21484375 0.034375 0.025
0 0.4046875 0.35390625 0.034375 0.0234375
0 0.4515625 0.4140625 0.0265625 0.021875
0 0.49609375 0.40625 0.0328125 0.0265625
0 0.534375 0.4015625 0.03125 0.034375
0 0.66953125 0.40859375 0.028125 0.021875
0 0.62890625 0.2875 0.0359375 0.025
0 0.42421875 0.32265625 0.0234375 0.0265625
0 0.18515625 0.24921875 0.0453125 0.025
0 0.26171875 0.46015625 0.034375 0.025
0 0.04453125 0.58046875 0.0375 0.0296875
0 0.2078125 0.60546875 0.0359375 0.0171875
0 0.4796875 0.503125 0.028125 0.01875
0 0.45234375 0.57734375 0.040625 0.0296875
0 0.15546875 0.7828125 0.03125 0.01875
0 0.18515625 0.90546875 0.034375 0.025
0 0.13671875 0.87734375 0.021875 0.01875
0 0.23984375 0.95078125 0.0359375 0.025
0 0.421875 0.94140625 0.0328125 0.0328125
0 0.48046875 0.87265625 0.034375 0.0265625
0 0.47265625 0.74921875 0.0296875 0.0265625
0 0.4640625 0.6765625 0.0328125 0.03125
0 0.6625 0.52890625 0.0265625 0.021875
0 0.65625 0.6765625 0.028125 0.0296875
0 0.59921875 0.88984375 0.03125 0.025
1 0.7375 0.6078125 0.0171875 0.04375
1 0.5828125 0.62890625 0.0203125 0.0390625
1 0.7375 0.2125 0.00625 0.0359375
1 0.52421875 0.15 0.01875 0.046875
1 0.69921875 0.06875 0.0140625 0.05
1 0.32421875 0.3953125 0.0125 0.0421875