1 0.5140625 0.1 0.071875 0.05625
1 0.5015625 0.2171875 0.071875 0.046875
1 0.1296875 0.40625 0.021875 0.06875
1 0.2484375 0.4328125 0.028125 0.153125
1 0.3953125 0.4359375 0.034375 0.153125
1 0.5328125 0.4046875 0.034375 0.140625
1 0.8234375 0.6875 0.034375 0.13125
0 0.14296875 0.09765625 0.11953125 0.06875
0 0.4640625 0.02890625 0.065625 0.0578125
0 0.38515625 0.125 0.03515625 0.04765625
0 0.334375 0.128125 0.04453125 0.04453125
0 0.29921875 0.15078125 0.03203125 0.03046875
0 0.625 0.16875 0.02578125 0.03984375
0 0.71640625 0.1828125 0.03359375 0.03984375
0 0.8 0.18828125 0.02890625 0.03203125
0 0.84140625 0.18359375 0.0203125 0.03828125
0 0.78046875 0.07109375 0.02421875 0.02578125
0 0.865625 0.1421875 0.02578125 0.04140625
0 0.88515625 0.2109375 0.03046875 0.0234375
0 0.8796875 0.37421875 0.02890625 0.02578125
0 0.80390625 0.396875 0.04296875 0.05078125
0 0.7578125 0.3984375 0.01875 0.02578125
0 0.7234375 0.3984375 0.03046875 0.0234375
0 0.89140625 0.45078125 0.05859375 0.04140625
0 0.98359375 0.4203125 0.0328125 0.025
0 0.83984375 0.4765625 0.03828125 0.03359375
0 0.8453125 0.52109375 0.03359375 0.03359375
0 0.78359375 0.49765625 0.03046875 0.01875
0 0.6328125 0.4578125 0.03359375 0.03359375
0 0.60546875 0.49609375 0.02734375 0.02421875
0 0.68828125 0.5359375 0.0703125 0.0703125
0 0.52734375 0.578125 0.04296875 0.06171875
0 0.4703125 0.57578125 0.06484375 0.06640625
0 0.3140625 0.56484375 0.03203125 0.02890625
0 0.325 0.63828125 0.04140625 0.03828125
0 0.10703125 0.52734375 0.02890625 0.03359375
0 0.18359375 0.52734375 0.02578125 0.03359375
0 0.03828125 0.63203125 0.05546875 0.03515625
0 0.14609375 0.66875 0.04609375 0.04296875
0 0.08046875 0.68125 0.06328125 0.04453125
0 0.0125 0.68125 0.02421875 0.04140625
0 0.1453125 0.928125 0.03203125 0.02734375
0 0.2046875 0.90078125 0.01875 0.02421875
0 0.309375 0.91953125 0.05078125 0.05390625
0 0.521875 0.95703125 0.05390625 0.02734375
0 0.64140625 0.896875 0.06640625 0.04765625
0 0.72109375 0.73828125 0.0234375 0.02578125
0 0.7359375 0.86640625 0.02421875 0.02421875
0 0.77890625 0.8484375 0.03359375 0.03046875
0 0.8 0.9375 0.04140625 0.03984375
0 0.97265625 0.74921875 0.0546875 0.05078125