0 0.3984375 0.040625 0.065625 0.06015625
0 0.08046875 0.15625 0.11484375 0.06171875
0 0.2421875 0.1921875 0.034375 0.0421875
0 0.2765625 0.15703125 0.053125 0.0546875
0 0.325 0.15078125 0.03828125 0.05625
0 0.5734375 0.15625 0.0296875 0.03984375
0 0.66328125 0.14921875 0.03125 0.03984375
0 0.746875 0.14375 0.0296875 0.04765625
0 0.78828125 0.14453125 0.02578125 0.040625
0 0.71015625 0.034375 0.0296875 0.0296875
0 0.80390625 0.0890625 0.034375 0.03828125
0 0.7015625 0.36328125 0.03125 0.0296875
0 0.78515625 0.3578125 0.0546875 0.0515625
0 0.84765625 0.3171875 0.03671875 0.0328125
0 0.96953125 0.34296875 0.04609375 0.04609375
0 0.86328125 0.3859375 0.021875 0.02578125
0 0.896875 0.4046875 0.02734375 0.0234375
0 0.83359375 0.425 0.03671875 0.02421875
0 0.7828125 0.45234375 0.03125 0.0296875
0 0.621875 0.43046875 0.05078125 0.03125
0 0.6078125 0.47578125 0.01875 0.01484375
0 0.63984375 0.49609375 0.02578125 0.02578125
0 0.690625 0.49921875 0.0546875 0.05859375
0 0.54765625 0.49765625 0.02734375 0.01796875
0 0.5359375 0.5703125 0.02890625 0.04765625
0 0.48046875 0.58125 0.05703125 0.04765625
0 0.32578125 0.59375 0.03125 0.021875
0 0.12265625 0.58984375 0.03828125 0.02734375
0 0.07578125 0.70859375 0.05859375 0.03828125
0 0.040625 0.7515625 0.034375 0.0421875
0 0.109375 0.7421875 0.06796875 0.04765625
0 0.1765625 0.72421875 0.0453125 0.03125
0 0.375 0.9421875 0.06171875 0.0546875
0 0.2234375 0.97578125 0.034375 0.0234375
0 0.7578125 0.703125 0.05703125 0.03515625
0 0.83046875 0.7984375 0.0296875 0.03125
0 0.85703125 0.8890625 0.0640625 0.07109375
0 0.59140625 0.9484375 0.04375 0.03984375
0 0.69296875 0.86484375 0.05625 0.05078125
0 0.9234375 0.48046875 0.03671875 0.0296875
0 0.98828125 0.6609375 0.0234375 0.040625
1 0.86328125 0.621875 0.0328125 0.0671875
1 0.33515625 0.40546875 0.0234375 0.0515625