0 0.39765625 0.1734375 0.028125 0.03125
0 0.40859375 0.12890625 0.0203125 0.0171875
0 0.434375 0.13046875 0.021875 0.0234375
0 0.6375 0.15703125 0.028125 0.0390625
0 0.6765625 0.1515625 0.025 0.0234375
0 0.74140625 0.11484375 0.028125 0.0359375
0 0.728125 0.234375 0.025 0.0265625
0 0.784375 0.30625 0.0359375 0.0234375
0 0.875 0.2296875 0.015625 0.0203125
0 0.82109375 0.378125 0.0328125 0.040625
0 0.68203125 0.5 0.0203125 0.0328125
0 0.85390625 0.51328125 0.015625 0.025
0 0.90078125 0.48828125 0.0234375 0.0328125
0 0.93828125 0.56171875 0.0265625 0.046875
0 0.78046875 0.58203125 0.021875 0.028125
0 0.8078125 0.61796875 0.0171875 0.0484375
0 0.7140625 0.61328125 0.0265625 0.053125
0 0.55390625 0.4203125 0.025 0.0484375
0 0.59609375 0.48046875 0.0203125 0.046875
0 0.5875 0.5671875 0.0265625 0.04375
0 0.59609375 0.634375 0.021875 0.0453125
0 0.63359375 0.5953125 0.0203125 0.0390625
0 0.45234375 0.290625 0.03125 0.04375
0 0.48359375 0.2328125 0.0265625 0.04375
0 0.4109375 0.35390625 0.021875 0.040625
0 0.365625 0.4625 0.0453125 0.0515625
0 0.2921875 0.56875 0.028125 0.040625
1 0.25234375 0.23671875 0.0171875 0.0328125
1 0.8609375 0.13828125 0.0296875 0.0328125
1 0.96640625 0.0609375 0.01875 0.0453125
1 0.86328125 0.3203125 0.03125 0.0484375
1 0.7015625 0.32109375 0.03125 0.0484375
1 0.1703125 0.35390625 0.0265625 0.0390625
1 0.2 0.07265625 0.015625 0.0375
1 0.203125 0.16875 0.0140625 0.0890625
0 0.8765625 0.0984375 0.0203125 0.025