0 0.125 0.3375 0.0578125 0.0625
0 0.321875 0.48515625 0.0375 0.0484375
0 0.3078125 0.534375 0.0203125 0.0265625
0 0.2984375 0.6140625 0.021875 0.04375
0 0.2765625 0.70703125 0.0328125 0.1140625
0 0.346875 0.7046875 0.0296875 0.090625
0 0.23984375 0.6375 0.0265625 0.075
0 0.25546875 0.57109375 0.021875 0.0453125
0 0.2015625 0.565625 0.034375 0.084375
0 0.29453125 0.3375 0.0296875 0.046875
0 0.37890625 0.48984375 0.034375 0.084375
0 0.40703125 0.52890625 0.015625 0.05
0 0.40234375 0.38984375 0.028125 0.0890625
0 0.43125 0.39140625 0.0203125 0.0421875
0 0.4046875 0.1625 0.021875 0.034375
0 0.48359375 0.34921875 0.028125 0.09375
0 0.48359375 0.42734375 0.0171875 0.0453125
0 0.5875 0.26875 0.0515625 0.0421875
0 0.653125 0.36875 0.03125 0.0625
0 0.615625 0.465625 0.0328125 0.0375
0 0.56953125 0.5796875 0.028125 0.0515625
0 0.66640625 0.31328125 0.040625 0.034375
0 0.6828125 0.2484375 0.025 0.040625
0 0.71953125 0.21640625 0.0203125 0.028125
0 0.70546875 0.16484375 0.0328125 0.0328125
0 0.81171875 0.62421875 0.04375 0.059375
0 0.86875 0.47890625 0.03125 0.0234375
0 0.9015625 0.43515625 0.0296875 0.0578125
0 0.91484375 0.54453125 0.028125 0.0265625
0 0.89921875 0.56953125 0.025 0.0265625
1 0.6890625 0.82890625 0.025 0.071875
1 0.8546875 0.83515625 0.0171875 0.0671875
1 0.63125 0.73046875 0.0296875 0.0921875
1 0.009375 0.59609375 0.01875 0.0671875
0 0.06953125 0.71640625 0.040625 0.0359375
0 0.15625 0.4578125 0.025 0.0390625