0 0.2703125 0.6265625 0.0625 0.078125
0 0.2984375 0.55 0.0390625 0.0515625
0 0.3375 0.45390625 0.034375 0.0578125
0 0.36875 0.4546875 0.021875 0.0265625
0 0.490625 0.33125 0.0515625 0.0703125
0 0.484375 0.2734375 0.0390625 0.05625
0 0.49609375 0.23203125 0.0328125 0.0359375
0 0.61484375 0.08359375 0.028125 0.05
0 0.62265625 0.14453125 0.028125 0.0625
0 0.68671875 0.20859375 0.065625 0.0828125
0 0.63125 0.38828125 0.0828125 0.096875
0 0.6578125 0.32734375 0.0375 0.0296875
0 0.76875 0.02265625 0.046875 0.0453125
0 0.82734375 0.08671875 0.0578125 0.075
0 0.8125 0.18671875 0.05 0.0640625
0 0.8640625 0.3203125 0.046875 0.0375
1 0.78046875 0.36640625 0.0296875 0.0875
1 0.67109375 0.07109375 0.0265625 0.0734375
1 0.54921875 0.215625 0.03125 0.0796875
1 0.428125 0.340625 0.034375 0.0796875
1 0.7578125 0.7046875 0.0359375 0.078125