0 0.41484375 0.25234375 0.053125 0.04453125
0 0.3859375 0.32265625 0.03828125 0.0234375
0 0.35625 0.40625 0.03125 0.01953125
0 0.3640625 0.44453125 0.01796875 0.0296875
0 0.3921875 0.4765625 0.02265625 0.02734375
0 0.41796875 0.47578125 0.01640625 0.025
0 0.42265625 0.50390625 0.02734375 0.01796875
0 0.36953125 0.4828125 0.009375 0.01796875
0 0.3328125 0.478125 0.0140625 0.01328125
0 0.35234375 0.61796875 0.01875 0.03984375
0 0.32890625 0.63515625 0.01796875 0.03515625
0 0.30078125 0.659375 0.0234375 0.04765625
0 0.471875 0.67109375 0.02890625 0.0453125
0 0.46953125 0.73125 0.025 0.03359375
0 0.3296875 0.81640625 0.028125 0.01796875
0 0.30703125 0.83515625 0.02109375 0.021875
0 0.28515625 0.86015625 0.02578125 0.0125
0 0.3984375 0.83203125 0.0390625 0.0546875
0 0.46875 0.93828125 0.03046875 0.05
0 0.6 0.87109375 0.02734375 0.03203125
0 0.4140625 0.98359375 0.03515625 0.0328125
1 0.353125 0.74609375 0.01328125 0.053125
1 0.56484375 0.759375 0.0125 0.05234375
1 0.5109375 0.8375 0.01328125 0.04609375
1 0.35546875 0.9 0.0125 0.04921875
1 0.31015625 0.55234375 0.00859375 0.0390625