0 0.3515625 0.42578125 0.025 0.059375
0 0.24921875 0.578125 0.0625 0.06875
0 0.29375 0.50625 0.034375 0.0359375
0 0.3625 0.5171875 0.0359375 0.0390625
0 0.4078125 0.50546875 0.0484375 0.0421875
0 0.4125 0.43515625 0.0765625 0.05625
0 0.525 0.33671875 0.0375 0.0609375
0 0.53125 0.28046875 0.040625 0.0734375
0 0.65625 0.4203125 0.071875 0.0890625
0 0.69296875 0.365625 0.0359375 0.034375
0 0.67734375 0.5375 0.046875 0.0390625
0 0.75234375 0.259375 0.06875 0.0671875
0 0.68828125 0.1765625 0.0265625 0.0671875
0 0.70234375 0.1140625 0.03125 0.0640625
0 0.85078125 0.0796875 0.03125 0.0484375
0 0.884375 0.16640625 0.04375 0.0515625
1 0.8484375 0.371875 0.021875 0.0796875
1 0.75546875 0.38984375 0.028125 0.090625
1 0.5875 0.4140625 0.0171875 0.046875
1 0.45625 0.36328125 0.0203125 0.0703125
1 0.7078125 0.7546875 0.0125 0.09375
1 0.76796875 0.809375 0.0171875 0.0671875