0 0.49765625 0.1578125 0.0328125 0.0359375
0 0.52109375 0.11796875 0.0234375 0.021875
0 0.5453125 0.12734375 0.0265625 0.028125
0 0.73203125 0.21171875 0.0359375 0.04375
0 0.7703125 0.21796875 0.0296875 0.028125
0 0.84375 0.20234375 0.034375 0.040625
0 0.79609375 0.3125 0.0296875 0.0296875
0 0.828125 0.39765625 0.0390625 0.0296875
0 0.9375 0.3515625 0.0203125 0.0234375
0 0.84296875 0.47734375 0.040625 0.0453125
0 0.67421875 0.553125 0.028125 0.0375
0 0.834375 0.61640625 0.0203125 0.028125
0 0.88671875 0.60625 0.0296875 0.0359375
0 0.90078125 0.6875 0.0359375 0.05
0 0.74453125 0.66015625 0.0265625 0.03125
0 0.759375 0.703125 0.028125 0.05
0 0.671875 0.6703125 0.0375 0.05625
0 0.575 0.4390625 0.034375 0.0515625
0 0.59765625 0.509375 0.0296875 0.05
0 0.5640625 0.58984375 0.034375 0.046875
0 0.55234375 0.65625 0.03125 0.0484375
0 0.6 0.63046875 0.0296875 0.0421875
0 0.515625 0.2859375 0.040625 0.0484375
0 0.5625 0.2390625 0.034375 0.046875
0 0.4578125 0.334375 0.0296875 0.04375
0 0.3828125 0.425 0.0546875 0.059375
0 0.28125 0.50546875 0.0375 0.0453125
1 0.33984375 0.17578125 0.0234375 0.034375
1 0.95078125 0.259375 0.0359375 0.0390625
1 0.9 0.434375 0.040625 0.053125
1 0.7453125 0.3875 0.040625 0.053125
1 0.22734375 0.26328125 0.034375 0.0421875
1 0.33671875 0.01171875 0.0234375 0.0234375
1 0.31328125 0.09609375 0.034375 0.0890625
0 0.978125 0.22578125 0.025 0.0296875