0 0.1265625 0.253125 0.02734375 0.03125
0 0.059375 0.02890625 0.02265625 0.01953125
0 0.03984375 0.0765625 0.0203125 0.0171875
0 0.03359375 0.11328125 0.015625 0.01640625
0 0.03046875 0.13203125 0.0125 0.009375
0 0.028125 0.15390625 0.00859375 0.015625
0 0.14140625 0.1015625 0.0234375 0.02421875
0 0.1078125 0.221875 0.0140625 0.01640625
0 0.0765625 0.26640625 0.02265625 0.034375
0 0.06796875 0.3234375 0.025 0.02890625
0 0.1 0.29296875 0.0109375 0.01484375
0 0.0890625 0.35546875 0.02265625 0.0171875
0 0.0703125 0.3703125 0.0125 0.01171875
0 0.04375 0.43203125 0.0203125 0.01484375
0 0.071875 0.7328125 0.03203125 0.01953125
0 0.01171875 0.74609375 0.0234375 0.0171875
0 0.27421875 0.00703125 0.02265625 0.0140625
0 0.2671875 0.025 0.01875 0.015625
0 0.22265625 0.07734375 0.015625 0.0203125
0 0.2296875 0.1046875 0.0140625 0.01953125
0 0.21953125 0.12421875 0.0171875 0.01484375
0 0.2125 0.14453125 0.01484375 0.0171875
0 0.225 0.17265625 0.0125 0.0140625
0 0.21328125 0.19140625 0.01875 0.01875
0 0.33828125 0.02109375 0.01875 0.01640625
0 0.35546875 0.00625 0.0203125 0.0125
0 0.37109375 0.03984375 0.01328125 0.01171875
0 0.3703125 0.01953125 0.0125 0.01171875
0 0.39453125 0.00625 0.03671875 0.0125
0 0.39375 0.03046875 0.01640625 0.0109375
0 0.35859375 0.05234375 0.0125 0.01328125
0 0.359375 0.07265625 0.01328125 0.01171875
0 0.38984375 0.0765625 0.02265625 0.015625
0 0.32890625 0.115625 0.01875 0.02890625
0 0.32265625 0.14296875 0.0109375 0.01875
0 0.34609375 0.14375 0.0078125 0.02109375
0 0.3828125 0.1234375 0.01171875 0.0109375
0 0.3703125 0.1421875 0.01484375 0.01640625
0 0.3640625 0.16015625 0.015625 0.0171875
0 0.31953125 0.17421875 0.0171875 0.01953125
0 0.3 0.18828125 0.02421875 0.015625
0 0.28515625 0.221875 0.01484375 0.015625
0 0.36875 0.19140625 0.01953125 0.01484375
0 0.35078125 0.21953125 0.01171875 0.0125
0 0.3453125 0.234375 0.0296875 0.0140625
0 0.33515625 0.2453125 0.01875 0.01328125
0 0.31484375 0.24609375 0.01640625 0.01640625
0 0.29609375 0.25546875 0.0078125 0.01640625
0 0.275 0.29296875 0.01640625 0.015625
0 0.26953125 0.20390625 0.01640625 0.0171875
0 0.25859375 0.24140625 0.0109375 0.01328125
0 0.2609375 0.26796875 0.015625 0.01171875
0 0.25546875 0.296875 0.0125 0.01328125
0 0.2703125 0.340625 0.0125 0.01875
0 0.26484375 0.3546875 0.01171875 0.01875
0 0.24921875 0.36171875 0.0125 0.0140625
0 0.23359375 0.4 0.0234375 0.02890625
0 0.209375 0.44296875 0.0203125 0.01875
0 0.221875 0.48515625 0.015625 0.01953125
0 0.209375 0.5609375 0.02109375 0.0125
0 0.16640625 0.6421875 0.02890625 0.01953125
0 0.14765625 0.67890625 0.0140625 0.0109375
0 0.13046875 0.75 0.0125 0.01640625
0 0.3140625 0.35078125 0.0171875 0.01328125
0 0.2671875 0.3953125 0.01484375 0.01015625
0 0.265625 0.4140625 0.01328125 0.0140625
0 0.265625 0.4359375 0.01328125 0.01484375
0 0.25546875 0.45546875 0.009375 0.02265625
0 0.2453125 0.48203125 0.01875 0.01640625
0 0.2375 0.52265625 0.0171875 0.01875
0 0.20546875 0.58515625 0.01171875 0.0125
0 0.1984375 0.61015625 0.0109375 0.01484375
0 0.19140625 0.63671875 0.01171875 0.01484375
0 0.2 0.66484375 0.01328125 0.01328125
0 0.165625 0.7875 0.01640625 0.015625
0 0.15 0.76328125 0.00859375 0.01328125
0 0.1984375 0.75703125 0.02109375 0.015625
0 0.2046875 0.72578125 0.0203125 0.009375
0 0.20625 0.7109375 0.01484375 0.01171875
0 0.23203125 0.678125 0.01640625 0.0109375
0 0.259375 0.684375 0.0171875 0.015625
0 0.3453125 0.3125 0.01640625 0.0125
0 0.315625 0.3875 0.01640625 0.0140625
0 0.3203125 0.4125 0.0140625 0.00703125
0 0.4671875 0.00859375 0.03203125 0.0109375
0 0.43203125 0.05703125 0.0125 0.0234375
0 0.45859375 0.084375 0.0125 0.0234375
0 0.42265625 0.09375 0.015625 0.01640625
0 0.415625 0.1171875 0.01015625 0.01328125
0 0.4140625 0.1390625 0.015625 0.01328125
0 0.40546875 0.175 0.015625 0.0203125
0 0.41171875 0.22734375 0.0171875 0.01875
0 0.4046875 0.259375 0.0109375 0.0109375
0 0.396875 0.30078125 0.0234375 0.0109375
0 0.453125 0.10546875 0.0140625 0.01171875
0 0.45078125 0.125 0.01484375 0.01015625
0 0.45 0.1546875 0.01875 0.015625
0 0.4359375 0.2296875 0.01484375 0.01171875
0 0.40859375 0.2703125 0.01328125 0.0078125
0 0.4296875 0.26796875 0.0109375 0.02109375
0 0.4125 0.284375 0.0109375 0.00859375
0 0.39453125 0.3328125 0.01875 0.01640625
0 0.421875 0.321875 0.01953125 0.01171875
0 0.3796875 0.3921875 0.0171875 0.015625
0 0.40703125 0.403125 0.015625 0.02109375
0 0.36328125 0.42109375 0.01875 0.025
0 0.38359375 0.4171875 0.0109375 0.01015625
0 0.3609375 0.46328125 0.02109375 0.01328125
0 0.34921875 0.47109375 0.0125 0.0140625
0 0.3640625 0.47578125 0.01953125 0.0109375
0 0.359375 0.48671875 0.01640625 0.01328125
0 0.34765625 0.5 0.02265625 0.01484375
0 0.33984375 0.52578125 0.01328125 0.025
0 0.3359375 0.54453125 0.02109375 0.0140625
0 0.3671875 0.53671875 0.0265625 0.0125
0 0.42734375 0.40078125 0.0140625 0.01875
0 0.33515625 0.5671875 0.02578125 0.0140625
0 0.26796875 0.52265625 0.01328125 0.01953125
0 0.33046875 0.58125 0.0234375 0.0109375
0 0.34921875 0.59453125 0.02265625 0.0109375
0 0.3109375 0.6421875 0.01875 0.0140625
0 0.30625 0.69296875 0.0234375 0.01484375
0 0.29609375 0.76796875 0.02890625 0.01953125
0 0.2875 0.79609375 0.0140625 0.01328125
0 0.2796875 0.81875 0.01640625 0.01015625
0 0.27421875 0.83515625 0.015625 0.0109375
0 0.26015625 0.85390625 0.01640625 0.0234375
0 0.26015625 0.88515625 0.02109375 0.0078125
0 0.2546875 0.89765625 0.02421875 0.00859375
0 0.25078125 0.95 0.02734375 0.01484375
0 0.52734375 0.0140625 0.01640625 0.01875
0 0.53828125 0.04921875 0.021875 0.01328125
0 0.5203125 0.13203125 0.01875 0.01953125
0 0.50234375 0.1796875 0.0140625 0.021875
0 0.4875 0.2625 0.015625 0.01640625
0 0.47421875 0.30546875 0.02109375 0.01328125
0 0.475 0.3203125 0.02109375 0.0140625
0 0.45 0.3828125 0.009375 0.015625
0 0.43984375 0.446875 0.0234375 0.015625
0 0.4203125 0.51796875 0.0234375 0.01640625
0 0.41796875 0.54609375 0.02265625 0.01171875
0 0.4125 0.559375 0.0234375 0.01015625
0 0.565625 0.1890625 0.01328125 0.01640625
0 0.559375 0.2125 0.01953125 0.0171875
0 0.55234375 0.23125 0.01484375 0.01953125
0 0.53984375 0.2640625 0.01484375 0.01328125
0 0.53046875 0.31640625 0.0203125 0.01953125
0 0.5171875 0.3671875 0.0203125 0.01640625
0 0.5328125 0.39765625 0.01640625 0.02265625
0 0.5125 0.47265625 0.0171875 0.01875
0 0.48671875 0.39609375 0.01328125 0.0109375
0 0.50625 0.4015625 0.01171875 0.01328125
0 0.5578125 0.27578125 0.01640625 0.009375
0 0.57421875 0.2375 0.0171875 0.021875
0 0.559375 0.290625 0.0125 0.0140625
0 0.58671875 0.18984375 0.00859375 0.0125
0 0.503125 0.4328125 0.0140625 0.0171875
0 0.5296875 0.44140625 0.015625 0.0171875
0 0.546875 0.42578125 0.01640625 0.0140625
0 0.50390625 0.5171875 0.02421875 0.0140625
0 0.4921875 0.54453125 0.01015625 0.02578125
0 0.4921875 0.59140625 0.01328125 0.01171875
0 0.48125 0.63046875 0.01953125 0.015625
0 0.4765625 0.6703125 0.02890625 0.0171875
0 0.475 0.69453125 0.02265625 0.02109375
0 0.62734375 0.20390625 0.0109375 0.01015625
0 0.628125 0.18828125 0.02109375 0.01328125
0 0.61484375 0.22890625 0.009375 0.03359375
0 0.6109375 0.27890625 0.01484375 0.01640625
0 0.621875 0.3265625 0.02421875 0.0203125
0 0.57734375 0.3203125 0.01953125 0.02421875
0 0.60546875 0.3046875 0.0140625 0.01640625
0 0.60546875 0.346875 0.02109375 0.0125
0 0.6078125 0.371875 0.01328125 0.01875
0 0.60703125 0.4015625 0.01640625 0.0125
0 0.5890625 0.3859375 0.0125 0.015625
0 0.5875 0.4109375 0.0203125 0.0171875
0 0.59921875 0.43203125 0.01640625 0.01015625
0 0.5796875 0.46953125 0.025 0.02578125
0 0.5625 0.52421875 0.0234375 0.01015625
0 0.54375 0.58671875 0.01328125 0.01328125
0 0.5453125 0.62109375 0.03359375 0.01640625
0 0.578125 0.61484375 0.01328125 0.0125
0 0.59296875 0.54921875 0.015625 0.0140625
0 0.5234375 0.6734375 0.02421875 0.01875
0 0.6046875 0.60703125 0.01328125 0.02109375
0 0.61796875 0.590625 0.015625 0.0125
0 0.634375 0.4546875 0.01328125 0.01484375
0 0.64296875 0.465625 0.0171875 0.01640625
0 0.65078125 0.43671875 0.021875 0.02109375
0 0.65703125 0.415625 0.0203125 0.02109375
0 0.65859375 0.3921875 0.028125 0.01640625
0 0.6765625 0.325 0.0140625 0.02578125
0 0.684375 0.42890625 0.01484375 0.01953125
0 0.6671875 0.4875 0.0203125 0.0171875
0 0.6578125 0.51171875 0.0140625 0.015625
0 0.68046875 0.51171875 0.01328125 0.015625
0 0.64375 0.5609375 0.0171875 0.0203125
0 0.64296875 0.6171875 0.0203125 0.0171875
0 0.7046875 0.496875 0.0140625 0.01640625
0 0.840625 0.2578125 0.0234375 0.01953125
0 0.921875 0.2390625 0.0171875 0.0140625
0 0.94375 0.24296875 0.01484375 0.0171875
0 0.9765625 0.28515625 0.02734375 0.0171875
0 0.915625 0.34375 0.0296875 0.02578125
0 0.9671875 0.3890625 0.028125 0.021875
0 0.90234375 0.40625 0.0234375 0.02109375
0 0.98671875 0.434375 0.0265625 0.02109375
0 0.94375 0.44453125 0.021875 0.0140625
0 0.93203125 0.46640625 0.02421875 0.01484375
0 0.984375 0.51875 0.0265625 0.02734375
0 0.98203125 0.5625 0.02734375 0.02421875