0 0.096875 0.4328125 0.065625 0.0703125
0 0.3234375 0.52890625 0.04375 0.0515625
0 0.321875 0.5796875 0.0234375 0.028125
0 0.33203125 0.659375 0.028125 0.0453125
0 0.3328125 0.75546875 0.046875 0.115625
0 0.40078125 0.7359375 0.0421875 0.0921875
0 0.28125 0.69609375 0.0375 0.0765625
0 0.2796875 0.628125 0.028125 0.046875
0 0.2265625 0.6359375 0.0453125 0.0875
0 0.2609375 0.3921875 0.034375 0.05
0 0.38046875 0.51953125 0.0453125 0.0875
0 0.41640625 0.55078125 0.021875 0.05
0 0.37890625 0.4171875 0.0390625 0.090625
0 0.40703125 0.41171875 0.0265625 0.04375
0 0.3265625 0.1953125 0.0265625 0.0375
0 0.44765625 0.35703125 0.040625 0.0953125
0 0.46640625 0.43359375 0.0234375 0.046875
0 0.52890625 0.2546875 0.05625 0.0484375
0 0.6171875 0.3359375 0.0390625 0.065625
0 0.603125 0.43828125 0.0375 0.0421875
0 0.58671875 0.56015625 0.034375 0.0546875
0 0.61640625 0.278125 0.04375 0.0390625
0 0.61640625 0.21171875 0.03125 0.04375
0 0.64453125 0.171875 0.0234375 0.0296875
0 0.61796875 0.125 0.0359375 0.0375
0 0.8328125 0.5453125 0.0515625 0.0640625
0 0.85234375 0.38984375 0.0328125 0.0265625
0 0.87421875 0.33984375 0.0375 0.0609375
0 0.91328125 0.44296875 0.03125 0.0296875
0 0.90390625 0.47109375 0.028125 0.0296875
1 0.76328125 0.7734375 0.034375 0.0734375
1 0.92578125 0.73984375 0.0265625 0.0671875
1 0.6828125 0.6921875 0.0421875 0.09375
1 0.046875 0.7125 0.0296875 0.06875
0 0.134375 0.8140625 0.04375 0.040625
0 0.15625 0.5421875 0.0296875 0.0421875