0 0.2546875 0.0671875 0.025 0.0234375
0 0.4125 0.259375 0.028125 0.0765625
0 0.35234375 0.3 0.0296875 0.1046875
0 0.32578125 0.41171875 0.0203125 0.0296875
0 0.31796875 0.4609375 0.0234375 0.0453125
0 0.5640625 0.26796875 0.0453125 0.06875
0 0.5734375 0.34296875 0.028125 0.0421875
0 0.58046875 0.4046875 0.025 0.0421875
0 0.58515625 0.46796875 0.028125 0.0359375
0 0.59375 0.52890625 0.03125 0.05
0 0.59375 0.58984375 0.028125 0.0421875
0 0.5984375 0.6671875 0.0296875 0.0671875
0 0.596875 0.734375 0.0265625 0.0421875
0 0.51484375 0.7484375 0.03125 0.0421875
0 0.4921875 0.75078125 0.0203125 0.028125
0 0.4015625 0.5828125 0.0203125 0.0328125
0 0.38125 0.471875 0.040625 0.109375
0 0.32265625 0.4625 0.0296875 0.05
0 0.290625 0.35 0.028125 0.0421875
0 0.2890625 0.28984375 0.03125 0.0609375
0 0.2328125 0.3484375 0.028125 0.0703125
0 0.3671875 0.54921875 0.028125 0.03125
0 0.35859375 0.596875 0.034375 0.0453125
0 0.3390625 0.72109375 0.028125 0.0421875
0 0.2984375 0.63984375 0.0265625 0.034375
0 0.11640625 0.528125 0.021875 0.0234375
0 0.26015625 0.15625 0.0265625 0.028125
0 0.1515625 0.15859375 0.0296875 0.0265625
0 0.1546875 0.265625 0.0265625 0.021875
1 0.690625 0.14375 0.028125 0.0578125
1 0.8921875 0.1109375 0.0328125 0.0609375
1 0.8234375 0.24296875 0.0265625 0.06875
1 0.06171875 0.25625 0.0265625 0.0609375
0 0.434375 0.63125 0.0375 0.09375
0 0.41875 0.44296875 0.028125 0.0625