0 0.52734375 0.03984375 0.1078125 0.0796875
0 0.19375 0.0578125 0.134375 0.0890625
0 0.33671875 0.13203125 0.040625 0.0515625
0 0.3796875 0.1109375 0.0515625 0.0578125
0 0.43046875 0.11875 0.0546875 0.071875
0 0.66171875 0.1890625 0.034375 0.0390625
0 0.75078125 0.2109375 0.040625 0.0421875
0 0.83515625 0.22890625 0.03125 0.0453125
0 0.8765625 0.23671875 0.0328125 0.0359375
0 0.90390625 0.1859375 0.034375 0.034375
0 0.88984375 0.4234375 0.04375 0.040625
0 0.9875 0.4796875 0.025 0.034375
0 0.815625 0.434375 0.05625 0.0578125
0 0.8984375 0.50625 0.059375 0.0421875
0 0.83671875 0.51796875 0.0359375 0.0296875
0 0.8359375 0.5609375 0.04375 0.0328125
0 0.73125 0.42578125 0.0375 0.0265625
0 0.7828125 0.53046875 0.040625 0.0359375
0 0.63125 0.46796875 0.0484375 0.0390625
0 0.6796875 0.5515625 0.06875 0.075
0 0.62421875 0.5390625 0.028125 0.0359375
0 0.60546875 0.51015625 0.03125 0.03125
0 0.54140625 0.51875 0.0328125 0.0328125
0 0.5125 0.578125 0.040625 0.06875
0 0.45703125 0.5734375 0.0671875 0.075
0 0.29921875 0.540625 0.04375 0.0421875
0 0.17890625 0.48984375 0.0265625 0.0328125
0 0.1078125 0.48125 0.046875 0.05
0 0.0296875 0.57578125 0.059375 0.0453125
0 0.0609375 0.62265625 0.06875 0.053125
0 0.12578125 0.62578125 0.04375 0.0515625
0 0.30078125 0.615625 0.078125 0.05625
0 0.00859375 0.615625 0.0171875 0.05625
0 0.09921875 0.88046875 0.0453125 0.034375
0 0.1625 0.86484375 0.0375 0.04375
0 0.253125 0.8890625 0.0625 0.071875
0 0.459375 0.9515625 0.0625 0.0546875
0 0.68828125 0.7640625 0.0578125 0.046875
0 0.7421875 0.8859375 0.053125 0.05
0 0.73828125 0.96796875 0.0703125 0.0640625
0 0.93515625 0.7953125 0.040625 0.0421875
1 0.8859375 0.91640625 0.03125 0.096875
1 0.784375 0.69609375 0.0359375 0.0765625
1 0.46875 0.83125 0.0296875 0.06875
1 0.33125 0.88046875 0.04375 0.0953125
1 0.403125 0.471875 0.0421875 0.1046875
1 0.5203125 0.19765625 0.021875 0.0671875
1 0.24140625 0.3671875 0.0484375 0.10625