0 0.18984375 0.1109375 0.021875 0.0203125
0 0.37578125 0.27578125 0.0171875 0.075
0 0.32265625 0.32578125 0.0140625 0.103125
0 0.3140625 0.43984375 0.015625 0.02734375
0 0.3140625 0.48984375 0.0171875 0.04296875
0 0.52734375 0.2609375 0.0359375 0.06328125
0 0.54765625 0.33359375 0.021875 0.0390625
0 0.56484375 0.39296875 0.01875 0.0390625
0 0.57890625 0.4546875 0.02265625 0.0328125
0 0.596875 0.5140625 0.02421875 0.04609375
0 0.60703125 0.57421875 0.02265625 0.03984375
0 0.6234375 0.65 0.0203125 0.06484375
0 0.63203125 0.71640625 0.0203125 0.03984375
0 0.553125 0.74296875 0.02578125 0.0390625
0 0.53125 0.74921875 0.0171875 0.02578125
0 0.415625 0.596875 0.015625 0.03046875
0 0.378125 0.490625 0.02421875 0.10625
0 0.31875 0.490625 0.02265625 0.04765625
0 0.26953125 0.384375 0.02265625 0.03984375
0 0.25859375 0.32578125 0.02265625 0.0578125
0 0.2125 0.3921875 0.0171875 0.06875
0 0.3765625 0.56953125 0.02421875 0.02734375
0 0.37578125 0.61796875 0.02890625 0.04140625
0 0.37578125 0.74375 0.021875 0.03984375
0 0.32265625 0.66953125 0.02265625 0.03046875
0 0.12578125 0.5875 0.01875 0.0203125
0 0.209375 0.19765625 0.02265625 0.02421875
0 0.10234375 0.2171875 0.02734375 0.021875
0 0.12265625 0.32265625 0.02421875 0.01875
1 0.6328125 0.11796875 0.0203125 0.0546875
1 0.8265625 0.0546875 0.02421875 0.0578125
1 0.77890625 0.1953125 0.015625 0.06640625
1 0.02890625 0.328125 0.0171875 0.05859375
0 0.45546875 0.63984375 0.0234375 0.090625
0 0.4109375 0.45625 0.01953125 0.06015625