0 0.359375 0.0234375 0.09375 0.046875
0 0.6734375 0.0609375 0.071875 0.084375
0 0.459375 0.096875 0.03125 0.06875
0 0.5015625 0.0953125 0.040625 0.065625
0 0.546875 0.1015625 0.0375 0.065625
0 0.75 0.253125 0.03125 0.05625
0 0.8296875 0.3 0.046875 0.0625
0 0.9171875 0.3484375 0.071875 0.059375
0 0.96875 0.3125 0.0375 0.05625
0 0.7421875 0.4953125 0.028125 0.028125
0 0.646875 0.59296875 0.10078125 0.09375
0 0.81875 0.53359375 0.04140625 0.07109375
0 0.89765625 0.54140625 0.0390625 0.04140625
0 0.8734375 0.62265625 0.04609375 0.0484375
0 0.82109375 0.61796875 0.04609375 0.0296875
0 0.80703125 0.65625 0.03203125 0.04609375
0 0.7625 0.61015625 0.0484375 0.04140625
0 0.6375 0.51640625 0.03203125 0.0546875
0 0.45859375 0.5609375 0.11484375 0.08515625
0 0.27890625 0.55625 0.06171875 0.05703125
0 0.303125 0.48515625 0.03203125 0.0296875
0 0.1375 0.36484375 0.04140625 0.0546875
0 0.0328125 0.46484375 0.065625 0.1203125
0 0.1046875 0.5140625 0.0390625 0.05078125
0 0.1546875 0.55859375 0.034375 0.0296875
0 0.0140625 0.75078125 0.02734375 0.04375
0 0.14765625 0.79453125 0.0390625 0.05703125
0 0.33125 0.91171875 0.07109375 0.034375
0 0.6203125 0.93359375 0.034375 0.02734375
0 0.58515625 0.81328125 0.09140625 0.0390625
1 0.72109375 0.8265625 0.025 0.07578125
1 0.240625 0.71875 0.02265625 0.08515625
1 0.4953125 0.74453125 0.02734375 0.08046875
1 0.753125 0.96875 0.025 0.05703125
1 0.475 0.4359375 0.03203125 0.04609375
1 0.64296875 0.43671875 0.0296875 0.08046875
1 0.32109375 0.3328125 0.03203125 0.10546875
1 0.62734375 0.22265625 0.025 0.06875