1 0.378125 0.17578125 0.0234375 0.053125
1 0.6890625 0.2484375 0.0140625 0.0390625
1 0.5796875 0.6109375 0.01015625 0.0640625
1 0.34140625 0.753125 0.01796875 0.06171875
1 0.74296875 0.74140625 0.015625 0.05703125
0 0.5328125 0.2015625 0.03203125 0.03515625
0 0.371875 0.37734375 0.03359375 0.025
0 0.3875 0.3421875 0.02109375 0.01953125
0 0.42890625 0.4296875 0.028125 0.0234375
0 0.4734375 0.4078125 0.0265625 0.03359375
0 0.50859375 0.39609375 0.03046875 0.0265625
0 0.2546875 0.51640625 0.0265625 0.0234375
0 0.48203125 0.51171875 0.025 0.028125
0 0.47265625 0.59140625 0.01953125 0.03359375
0 0.49921875 0.67890625 0.028125 0.03046875
0 0.64140625 0.378125 0.025 0.0265625
0 0.57265625 0.26171875 0.03359375 0.03046875
0 0.23125 0.66484375 0.0296875 0.0234375
0 0.228125 0.85078125 0.03046875 0.028125
0 0.51953125 0.95078125 0.0296875 0.03515625
0 0.55859375 0.86796875 0.0265625 0.0421875
0 0.52578125 0.7484375 0.025 0.0265625
0 0.5 0.815625 0.01796875 0.0296875
0 0.68515625 0.85859375 0.025 0.0234375
0 0.69140625 0.64140625 0.03515625 0.03359375
0 0.6640625 0.49453125 0.025 0.02265625
0 0.2828125 0.965625 0.0296875 0.01953125
0 0.34765625 0.98984375 0.03046875 0.0203125