0 0.359375 0.05703125 0.1109375 0.09375
0 0.06171875 0.19609375 0.1234375 0.0953125
0 0.215625 0.21484375 0.0421875 0.053125
0 0.2484375 0.1796875 0.053125 0.0609375
0 0.2984375 0.16875 0.0578125 0.0734375
0 0.53984375 0.15234375 0.0359375 0.040625
0 0.63046875 0.13984375 0.0421875 0.04375
0 0.715625 0.1265625 0.0328125 0.046875
0 0.75703125 0.11953125 0.034375 0.0375
0 0.76484375 0.06171875 0.0359375 0.0359375
0 0.8359375 0.2890625 0.0453125 0.0421875
0 0.953125 0.30390625 0.0375 0.0359375
0 0.77109375 0.32578125 0.059375 0.059375
0 0.87421875 0.36328125 0.0609375 0.04375
0 0.8203125 0.39609375 0.0359375 0.03125
0 0.8359375 0.43671875 0.0453125 0.0359375
0 0.68984375 0.34765625 0.0390625 0.028125
0 0.775 0.42734375 0.0421875 0.0375
0 0.6109375 0.42265625 0.05 0.040625
0 0.6859375 0.48359375 0.071875 0.078125
0 0.6296875 0.49140625 0.0296875 0.0359375
0 0.6015625 0.471875 0.0328125 0.0328125
0 0.5453125 0.50234375 0.034375 0.034375
0 0.5390625 0.56796875 0.04375 0.06875
0 0.4859375 0.584375 0.0703125 0.078125
0 0.32734375 0.61015625 0.0453125 0.04375
0 0.196875 0.60546875 0.028125 0.034375
0 0.1265625 0.6234375 0.0484375 0.0515625
0 0.08671875 0.740625 0.065625 0.0484375
0 0.13359375 0.771875 0.0703125 0.05625
0 0.1953125 0.7515625 0.0453125 0.053125
0 0.35546875 0.6796875 0.08125 0.059375
0 0.0522492875 0.7748806593750001 0.0533613 0.8035972984375 0.0786031578125 0.8002287359375 0.0780771359375 0.788359990625 0.070315415625 0.7800260015625 0.0522492875 0.7748806593750001
0 0.07109375 0.78828125 0.046875 0.0578125
0 0.26171875 0.98984375 0.0453125 0.0203125
0 0.315625 0.96171875 0.0390625 0.0453125
0 0.409375 0.9515625 0.065625 0.0734375
0 0.62421875 0.9359375 0.0640625 0.0578125
0 0.7703125 0.67890625 0.059375 0.0484375
0 0.8640625 0.7734375 0.0546875 0.053125
0 0.8921875 0.85703125 0.0734375 0.075
0 0.9953125 0.61875 0.009375 0.04375
1 0.9953125 0.75 0.009375 0.096875
1 0.8359375 0.58125 0.040625 0.078125
1 0.58984375 0.8203125 0.0328125 0.06875
1 0.47890625 0.915625 0.0484375 0.0953125
1 0.39921875 0.50859375 0.0484375 0.1046875
1 0.4109375 0.2109375 0.025 0.0671875
1 0.21171875 0.46875 0.0546875 0.10625