1 0.4375 0.16796875 0.04375 0.103125
1 0.3578125 0.46875 0.0484375 0.14375
1 0.49375 0.409375 0.0515625 0.0984375
1 0.19296875 0.471875 0.1 0.0984375
1 0.65078125 0.30234375 0.0640625 0.04375
1 0.88515625 0.62265625 0.0390625 0.096875
1 0.98125 0.79296875 0.0375 0.1328125
1 0.5296875 0.87109375 0.1046875 0.1046875
0 0.06328125 0.1796875 0.1265625 0.078125
0 0.2296875 0.2 0.034375 0.04375
0 0.2625 0.1671875 0.053125 0.0609375
0 0.30234375 0.159375 0.0390625 0.05625
0 0.371875 0.0453125 0.065625 0.071875
0 0.5515625 0.15078125 0.034375 0.034375
0 0.64140625 0.13984375 0.0296875 0.04375
0 0.7296875 0.13125 0.034375 0.0453125
0 0.76640625 0.13046875 0.025 0.046875
0 0.67890625 0.02890625 0.0375 0.0421875
0 0.78359375 0.0734375 0.0421875 0.0453125
0 0.69609375 0.3515625 0.040625 0.0359375
0 0.8421875 0.2953125 0.0453125 0.04375
0 0.95859375 0.31796875 0.0484375 0.0375
0 0.77734375 0.3390625 0.059375 0.0578125
0 0.7296875 0.3453125 0.021875 0.0296875
0 0.6125 0.425 0.040625 0.03125
0 0.6109375 0.471875 0.034375 0.021875
0 0.66015625 0.503125 0.1015625 0.05
0 0.7765625 0.4375 0.0296875 0.03125
0 0.83671875 0.45 0.0375 0.0296875
0 0.82421875 0.4078125 0.040625 0.025
0 0.8609375 0.3703125 0.034375 0.0234375
0 0.503125 0.571875 0.0921875 0.0703125
0 0.33203125 0.6015625 0.034375 0.03125
0 0.1234375 0.61015625 0.0375 0.046875
0 0.08125 0.72578125 0.046875 0.05
0 0.0546875 0.77109375 0.0359375 0.0453125
0 0.12421875 0.76328125 0.0484375 0.0453125
0 0.1921875 0.73984375 0.046875 0.040625
0 0.24375 0.9875 0.0375 0.025
0 0.39453125 0.94609375 0.0515625 0.05625
0 0.6125 0.94140625 0.0578125 0.0390625
0 0.76640625 0.6859375 0.028125 0.0328125
0 0.71640625 0.8546875 0.06875 0.059375
0 0.846875 0.7875 0.0328125 0.028125
0 0.8765625 0.86484375 0.0671875 0.065625
0 0.98984375 0.634375 0.0203125 0.03125
0 0.91796875 0.46015625 0.0296875 0.021875