0 0.33125 0.890625 0.05 0.05
0 0.31875 0.9484375 0.04375 0.046875
0 0.25 0.95 0.0234375 0.03125
0 0.21484375 0.9375 0.0328125 0.040625
0 0.24296875 0.9 0.025 0.03125
0 0.25859375 0.8609375 0.021875 0.0328125
0 0.275 0.8359375 0.0328125 0.0390625
0 0.2828125 0.79140625 0.0265625 0.040625
0 0.2984375 0.765625 0.0296875 0.03125
0 0.3296875 0.71796875 0.040625 0.0359375
0 0.45078125 0.81796875 0.034375 0.03125
0 0.4046875 0.9046875 0.04609375 0.05234375
0 0.4265625 0.91953125 0.0171875 0.0265625
0 0.4578125 0.7734375 0.0328125 0.0453125
0 0.5 0.77734375 0.028125 0.03125
0 0.4859375 0.81015625 0.0234375 0.028125
0 0.32109375 0.5890625 0.0328125 0.0421875
0 0.2796875 0.70234375 0.0234375 0.0328125
0 0.240625 0.775 0.0234375 0.0296875
0 0.19609375 0.8765625 0.0390625 0.04375
0 0.1578125 0.9515625 0.0375 0.03125
0 0.36328125 0.59921875 0.0296875 0.028125
0 0.37265625 0.6265625 0.0390625 0.0265625
0 0.40625 0.53515625 0.025 0.0234375
0 0.32265625 0.546875 0.0234375 0.0375
0 0.3515625 0.5328125 0.0375 0.03125
0 0.36328125 0.45859375 0.0328125 0.028125
0 0.4 0.446875 0.028125 0.0328125
0 0.290625 0.61640625 0.0171875 0.03125
0 0.42578125 0.66875 0.04375 0.0421875
0 0.44296875 0.61328125 0.03125 0.028125
0 0.596875 0.4859375 0.0328125 0.05078125
0 0.47265625 0.54296875 0.028125 0.04765625
0 0.56171875 0.3703125 0.0328125 0.04921875
0 0.47109375 0.38671875 0.034375 0.0421875
0 0.41015625 0.4046875 0.01875 0.01875
0 0.55234375 0.5234375 0.0171875 0.028125
0 0.5734375 0.603125 0.021875 0.0265625
0 0.57890625 0.659375 0.0390625 0.0453125
0 0.5625 0.2796875 0.034375 0.04765625
0 0.60703125 0.1984375 0.028125 0.0375
0 0.6375 0.134375 0.0265625 0.0359375
0 0.65703125 0.09765625 0.040625 0.03125
0 0.53046875 0.24140625 0.0234375 0.034375
0 0.72890625 0.05703125 0.0265625 0.034375
0 0.4375 0.259375 0.0203125 0.0328125
0 0.4359375 0.30234375 0.0265625 0.021875
0 0.4625 0.3125 0.0203125 0.0328125
0 0.515625 0.315625 0.03125 0.0203125
0 0.62109375 0.3515625 0.01875 0.021875
0 0.7890625 0.4921875 0.0265625 0.0328125
0 0.76796875 0.52578125 0.0328125 0.0421875
0 0.63125 0.54609375 0.0234375 0.0203125
0 0.63828125 0.5109375 0.021875 0.01875
0 0.61640625 0.425 0.025 0.0296875
0 0.71640625 0.59921875 0.0171875 0.028125
0 0.759375 0.63828125 0.0375 0.025
0 0.65390625 0.721875 0.025 0.028125
0 0.675 0.6796875 0.0140625 0.021875
0 0.7171875 0.771875 0.0375 0.03125
0 0.68671875 0.81015625 0.05078125 0.040625
0 0.67109375 0.85234375 0.040625 0.028125
0 0.67890625 0.90703125 0.0375 0.0296875
0 0.75546875 0.82734375 0.0234375 0.01875
0 0.54609375 0.72734375 0.0203125 0.0296875
0 0.7515625 0.70390625 0.01875 0.0234375
0 0.9265625 0.8203125 0.03125 0.0328125
0 0.62578125 0.57734375 0.01875 0.0234375