0 0.11171875 0.3125 0.0578125 0.03125
0 0.17265625 0.3265625 0.0671875 0.03125
0 0.25390625 0.278125 0.0828125 0.053125
0 0.1484375 0.1203125 0.078125 0.0625
0 0.20625 0.08125 0.03125 0.05
0 0.24375 0.14453125 0.034375 0.0546875
0 0.05625 0.14609375 0.059375 0.0546875
0 0.3625 0.32734375 0.040625 0.0390625
0 0.41875 0.36875 0.08125 0.06875
0 0.26484375 0.48046875 0.0828125 0.0703125
0 0.340625 0.49453125 0.0625 0.0453125
0 0.43359375 0.6484375 0.0421875 0.06875
0 0.434375 0.584375 0.025 0.065625
0 0.5234375 0.38359375 0.028125 0.0859375
0 0.51328125 0.62109375 0.0140625 0.0671875
0 0.52421875 0.728125 0.0421875 0.03125
0 0.58671875 0.76328125 0.0484375 0.0484375
0 0.5484375 0.67578125 0.0375 0.0453125
0 0.68828125 0.6921875 0.0328125 0.065625
0 0.23984375 0.8015625 0.0234375 0.05