1 0.5046875 0.2296875 0.040625 0.159375
1 0.5765625 0.4125 0.021875 0.125
1 0.6609375 0.521875 0.034375 0.14375
1 0.9671875 0.525 0.040625 0.14375
1 0.384375 0.765625 0.01875 0.16875
1 0.1234375 0.5546875 0.034375 0.128125
0 0.0125 0.23359375 0.025 0.040625
0 0.04609375 0.2859375 0.0234375 0.025
0 0.059375 0.390625 0.0578125 0.05
0 0.071875 0.60390625 0.040625 0.0578125
0 0.1546875 0.71640625 0.06328125 0.06328125
0 0.2984375 0.721875 0.034375 0.02890625
0 0.15078125 0.87578125 0.0515625 0.0671875
0 0.134375 0.9203125 0.0421875 0.04453125
0 0.20703125 0.79140625 0.02890625 0.02890625
0 0.228125 0.8421875 0.04453125 0.04609375
0 0.328125 0.75546875 0.02890625 0.03046875
0 0.52421875 0.65546875 0.075 0.09609375
0 0.5828125 0.7609375 0.0265625 0.02890625
0 0.58828125 0.6015625 0.03046875 0.03828125
0 0.53828125 0.59140625 0.03046875 0.0328125
0 0.665625 0.67421875 0.03046875 0.02890625
0 0.6796875 0.7578125 0.025 0.0578125
0 0.721875 0.81953125 0.02890625 0.0421875
0 0.640625 0.86484375 0.0265625 0.05546875
0 0.70859375 0.94296875 0.02890625 0.0671875
0 0.57109375 0.821875 0.0234375 0.040625
0 0.6125 0.8109375 0.025 0.0328125
0 0.43046875 0.49140625 0.06953125 0.090625
0 0.33671875 0.34453125 0.0265625 0.06171875
0 0.4015625 0.31640625 0.0265625 0.02890625
0 0.3953125 0.10859375 0.03671875 0.0515625
0 0.21796875 0.04921875 0.04453125 0.0484375
0 0.23828125 0.1125 0.0421875 0.0484375
0 0.27421875 0.07421875 0.0328125 0.06328125
0 0.25703125 0.1765625 0.03671875 0.05
0 0.83046875 0.05078125 0.065625 0.1015625
0 0.81171875 0.20859375 0.034375 0.04453125
0 0.8453125 0.23359375 0.040625 0.040625
0 0.85703125 0.28828125 0.03671875 0.03046875
0 0.96796875 0.3421875 0.06328125 0.06953125
0 0.859375 0.52421875 0.03046875 0.040625
0 0.87421875 0.6234375 0.025 0.0421875
0 0.8875 0.70078125 0.0328125 0.0328125
0 0.8875 0.7421875 0.0328125 0.01953125
0 0.946875 0.75234375 0.04453125 0.03046875