1 0.25390625 0.51484375 0.0546875 0.1125
1 0.43515625 0.58203125 0.0453125 0.1078125
1 0.428125 0.86953125 0.0484375 0.115625
1 0.66875 0.2671875 0.0515625 0.13125
0 0.6859375 0.52109375 0.0625 0.0734375
0 0.63046875 0.5125 0.0453125 0.05
0 0.54453125 0.43828125 0.040625 0.053125
0 0.49375 0.42109375 0.053125 0.065625
0 0.54296875 0.50703125 0.025 0.0234375
0 0.603125 0.5328125 0.028125 0.021875
0 0.61640625 0.58125 0.0546875 0.0453125
0 0.6859375 0.659375 0.04375 0.0375
0 0.7234375 0.6671875 0.021875 0.0328125
0 0.77421875 0.67109375 0.03125 0.0203125
0 0.83203125 0.7203125 0.0328125 0.034375
0 0.77734375 0.57890625 0.0296875 0.028125
0 0.81953125 0.609375 0.040625 0.028125
0 0.834375 0.57578125 0.0296875 0.028125
0 0.8828125 0.6375 0.0375 0.0359375
0 0.85 0.64609375 0.0328125 0.034375
0 0.95703125 0.70703125 0.0390625 0.0484375
0 0.9171875 0.56484375 0.021875 0.0234375
0 0.7953125 0.49609375 0.0203125 0.021875
0 0.775 0.328125 0.028125 0.0296875
0 0.86328125 0.2359375 0.0359375 0.0359375
0 0.890625 0.1546875 0.0484375 0.046875
0 0.95 0.14765625 0.0359375 0.0296875
0 0.740625 0.1609375 0.059375 0.0671875
0 0.634375 0.06875 0.053125 0.0359375
0 0.40703125 0.0484375 0.0296875 0.053125
0 0.4375 0.04140625 0.028125 0.0359375
0 0.26875 0.0078125 0.03125 0.015625
0 0.0734375 0.19921875 0.0359375 0.040625
0 0.09296875 0.253125 0.053125 0.034375
0 0.14140625 0.21640625 0.0625 0.059375
0 0.20078125 0.24921875 0.046875 0.0578125
0 0.22578125 0.21328125 0.03125 0.03125
0 0.37109375 0.32265625 0.0328125 0.0375
0 0.33515625 0.3859375 0.0296875 0.0234375
0 0.12421875 0.375 0.0375 0.0453125
0 0.1984375 0.3875 0.021875 0.0328125
0 0.0515625 0.803125 0.103125 0.071875
0 0.21171875 0.7875 0.03125 0.0421875
0 0.24609375 0.8140625 0.03125 0.040625
0 0.28828125 0.83828125 0.0296875 0.0421875
0 0.34609375 0.946875 0.0625 0.075
0 0.53515625 0.8515625 0.025 0.034375
0 0.628125 0.865625 0.028125 0.034375
0 0.709375 0.8796875 0.0328125 0.046875
0 0.75078125 0.8875 0.0203125 0.028125
0 0.7578125 0.94140625 0.0265625 0.0453125