0 0.3046875 0.11328125 0.04375 0.04375
0 0.34921875 0.15625 0.0515625 0.0515625
0 0.44375 0.16953125 0.059375 0.0671875
0 0.3328125 0.35625 0.053125 0.0546875
0 0.37578125 0.39453125 0.0609375 0.053125
0 0.528125 0.0625 0.0453125 0.0484375
0 0.6390625 0.13515625 0.040625 0.05
0 0.49453125 0.27578125 0.0328125 0.0359375
0 0.51796875 0.34140625 0.090625 0.071875
0 0.4359375 0.5265625 0.053125 0.0296875
0 0.3515625 0.58515625 0.0640625 0.0515625
0 0.434375 0.6125 0.0421875 0.0359375
0 0.3796875 0.68515625 0.0484375 0.046875
0 0.40234375 0.765625 0.0609375 0.0546875