1 0.8265625 0.07890625 0.025 0.0703125
1 0.92890625 0.0515625 0.025 0.0578125
1 0.7546875 0.2296875 0.0296875 0.0890625
0 0.81953125 0.4171875 0.0734375 0.115625
0 0.8890625 0.64296875 0.0578125 0.059375
0 0.75390625 0.49921875 0.0609375 0.1359375
0 0.6046875 0.56953125 0.05 0.1328125
0 0.53046875 0.2828125 0.028125 0.05625
0 0.5625 0.39921875 0.025 0.0609375
0 0.63046875 0.7296875 0.034375 0.05625
0 0.55546875 0.74375 0.0234375 0.0421875
0 0.5296875 0.7421875 0.0234375 0.034375
0 0.4109375 0.4484375 0.0296875 0.0703125
0 0.415625 0.59296875 0.0328125 0.046875
0 0.4546875 0.603125 0.0203125 0.109375
0 0.48125 0.52265625 0.028125 0.1953125
0 0.37421875 0.27109375 0.0296875 0.09375
0 0.37890625 0.49375 0.0375 0.11875
0 0.3796875 0.5703125 0.0234375 0.0296875
0 0.38046875 0.61796875 0.0265625 0.03125
0 0.37890625 0.6734375 0.0359375 0.0484375
0 0.359375 0.82421875 0.028125 0.0484375
0 0.321875 0.48828125 0.03125 0.0609375
0 0.3171875 0.43515625 0.021875 0.0203125
0 0.31875 0.3234375 0.0375 0.109375
0 0.29296875 0.303125 0.021875 0.0890625
0 0.2734375 0.3828125 0.0328125 0.04375
0 0.259375 0.3265625 0.0265625 0.053125
0 0.20859375 0.3984375 0.01875 0.0625
0 0.1078125 0.21484375 0.0359375 0.0265625
0 0.1234375 0.325 0.0265625 0.025