0 0.58125 0.15546875 0.046875 0.034375
0 0.63203125 0.1421875 0.0375 0.0359375
0 0.79453125 0.27109375 0.0234375 0.0453125
0 0.90703125 0.29453125 0.03125 0.0453125
0 0.9578125 0.46171875 0.0296875 0.046875
0 0.9296875 0.39765625 0.0328125 0.04375
0 0.8328125 0.39140625 0.028125 0.0375
0 0.8484375 0.58359375 0.0359375 0.04375
0 0.8484375 0.66875 0.0328125 0.034375
0 0.8453125 0.72734375 0.021875 0.034375
0 0.796875 0.69609375 0.0265625 0.028125
0 0.7078125 0.703125 0.025 0.0390625
0 0.515625 0.13046875 0.040625 0.028125
1 0.41953125 0.12578125 0.0234375 0.096875
1 0.36171875 0.23359375 0.0265625 0.0828125
1 0.4640625 0.2515625 0.0140625 0.040625
1 0.73828125 0.3921875 0.0234375 0.0953125
1 0.8984375 0.50390625 0.025 0.0625
1 0.78046875 0.40390625 0.0140625 0.0671875