1 0.925 0.178125 0.0359375 0.071875
1 0.81640625 0.30546875 0.0421875 0.090625
0 0.8296875 0.503125 0.090625 0.1234375
0 0.8390625 0.7390625 0.065625 0.0671875
0 0.74609375 0.56484375 0.08125 0.1421875
0 0.5828125 0.59453125 0.0703125 0.1359375
0 0.5859375 0.29765625 0.0375 0.059375
0 0.58671875 0.41875 0.034375 0.0625
0 0.56640625 0.75546875 0.0421875 0.0609375
0 0.490625 0.75 0.0296875 0.0453125
0 0.46640625 0.7421875 0.028125 0.0359375
0 0.42734375 0.42734375 0.0390625 0.0734375
0 0.39453125 0.56796875 0.040625 0.0515625
0 0.4296875 0.58828125 0.0359375 0.109375
0 0.4765625 0.5171875 0.0578125 0.19375
0 0.43828125 0.24609375 0.0421875 0.0953125
0 0.38515625 0.4625 0.0546875 0.121875
0 0.36484375 0.53671875 0.028125 0.0328125
0 0.35390625 0.5828125 0.03125 0.034375
0 0.33828125 0.63671875 0.0421875 0.053125
0 0.28046875 0.7765625 0.034375 0.0515625
0 0.33125 0.4421875 0.040625 0.0640625
0 0.340625 0.38984375 0.025 0.0234375
0 0.3703125 0.28203125 0.053125 0.1125
0 0.3515625 0.25625 0.0359375 0.090625
0 0.3109375 0.328125 0.0390625 0.046875
0 0.3125 0.2703125 0.034375 0.05625
0 0.24453125 0.3265625 0.028125 0.0640625
0 0.1953125 0.12265625 0.0390625 0.03125
0 0.18125 0.23359375 0.0296875 0.0296875