1 0.54296875 0.8328125 0.021875 0.0890625
1 0.7953125 0.63359375 0.03359375 0.10859375
1 0.5234375 0.34921875 0.02578125 0.04765625
1 0.81796875 0.52265625 0.059375 0.059375
1 0.94765625 0.3640625 0.01015625 0.096875
0 0.25 0.4359375 0.03125 0.07890625
0 0.32421875 0.39609375 0.02578125 0.0390625
0 0.37421875 0.44453125 0.059375 0.053125
0 0.434375 0.36875 0.06484375 0.05546875
0 0.4984375 0.4453125 0.03515625 0.07109375
0 0.6109375 0.3828125 0.04375 0.04375
0 0.62265625 0.36875 0.0515625 0.04375
0 0.66171875 0.325 0.0453125 0.04375
0 0.83359375 0.334375 0.03515625 0.0296875
0 0.8859375 0.2859375 0.0375 0.03125
0 0.84296875 0.4359375 0.05703125 0.090625
0 0.67421875 0.5203125 0.0984375 0.07109375
0 0.8921875 0.63671875 0.03359375 0.04765625
0 0.96484375 0.53359375 0.0453125 0.08046875