1 0.20078125 0.059375 0.021875 0.0546875
1 0.17890625 0.2953125 0.0328125 0.109375
1 0.14765625 0.4109375 0.015625 0.0421875
1 0.25859375 0.2625 0.0328125 0.071875
1 0.86171875 0.328125 0.0171875 0.0421875
1 0.99140625 0.10625 0.0171875 0.059375
0 0.40234375 0.1625 0.0296875 0.040625
0 0.43515625 0.12109375 0.0328125 0.0359375
0 0.44453125 0.215625 0.0265625 0.03125
0 0.484375 0.23046875 0.03125 0.0359375
0 0.42109375 0.33828125 0.0234375 0.028125
0 0.45078125 0.290625 0.0234375 0.021875
0 0.26484375 0.6921875 0.034375 0.2109375
0 0.146875 0.83828125 0.04375 0.0484375
0 0.6765625 0.1546875 0.0203125 0.025
0 0.7359375 0.11875 0.0328125 0.05
0 0.8734375 0.1046875 0.025 0.0234375
0 0.73203125 0.23984375 0.025 0.0328125
0 0.828125 0.384375 0.0390625 0.0546875
0 0.8671875 0.44375 0.0265625 0.03125
0 0.91171875 0.5015625 0.0203125 0.0375
0 0.92421875 0.5578125 0.0390625 0.053125
0 0.9359375 0.378125 0.0296875 0.028125
0 0.871875 0.23671875 0.0265625 0.0375
0 0.80703125 0.19921875 0.0234375 0.03125
0 0.61796875 0.121875 0.0234375 0.025
0 0.5796875 0.046875 0.025 0.03125