1 0.596875 0.11171875 0.08125 0.0703125
1 0.56015625 0.2234375 0.0796875 0.0609375
1 0.15703125 0.33125 0.0359375 0.071875
1 0.26796875 0.38203125 0.059375 0.15625
1 0.4109375 0.415625 0.065625 0.15625
1 0.5515625 0.41328125 0.0625 0.1453125
1 0.77734375 0.75078125 0.0609375 0.1359375
0 0.234375 0.0390625 0.13125 0.078125
0 0.56171875 0.03359375 0.0765625 0.0671875
0 0.465625 0.109375 0.04375 0.0546875
0 0.415625 0.1015625 0.053125 0.053125
0 0.3765625 0.11640625 0.0375 0.0359375
0 0.69140625 0.20234375 0.0328125 0.04375
0 0.77734375 0.234375 0.040625 0.0453125
0 0.85859375 0.2578125 0.034375 0.0375
0 0.9 0.26171875 0.028125 0.0421875
0 0.86328125 0.1390625 0.0296875 0.0296875
0 0.93203125 0.22578125 0.034375 0.0453125
0 0.93671875 0.29765625 0.034375 0.0296875
0 0.89765625 0.45625 0.034375 0.03125
0 0.81875 0.4625 0.053125 0.059375
0 0.7734375 0.45390625 0.0234375 0.0296875
0 0.73984375 0.446875 0.034375 0.0296875
0 0.89296875 0.53359375 0.065625 0.053125
0 0.98515625 0.521875 0.0296875 0.03125
0 0.8375 0.54765625 0.04375 0.040625
0 0.83359375 0.5921875 0.040625 0.040625
0 0.778125 0.55703125 0.034375 0.025
0 0.6390625 0.48671875 0.040625 0.040625
0 0.60390625 0.51796875 0.03125 0.0296875
0 0.6765625 0.57421875 0.0828125 0.0828125
0 0.51015625 0.58203125 0.0546875 0.06875
0 0.45546875 0.56796875 0.0765625 0.078125
0 0.3046875 0.525 0.0375 0.034375
0 0.3 0.59921875 0.0484375 0.0453125
0 0.11015625 0.4453125 0.0359375 0.0390625
0 0.18515625 0.4609375 0.0328125 0.0375
0 0.02578125 0.53203125 0.0515625 0.0453125
0 0.11875 0.59140625 0.0546875 0.0515625
0 0.0515625 0.58984375 0.071875 0.05625
0 0.0640625 0.8453125 0.0375 0.0328125
0 0.128125 0.83046875 0.0234375 0.028125
0 0.2265625 0.87109375 0.0609375 0.0640625
0 0.4265625 0.9515625 0.0578125 0.0375
0 0.55546875 0.91796875 0.075 0.0609375
0 0.66640625 0.77890625 0.028125 0.0296875
0 0.6546875 0.9078125 0.028125 0.028125
0 0.7 0.8984375 0.0390625 0.0375
0 0.70234375 0.98359375 0.0484375 0.0328125
0 0.91015625 0.8421875 0.0640625 0.0609375