0 0.2515625 0.58515625 0.0515625 0.071875
0 0.29296875 0.5140625 0.0328125 0.046875
0 0.3484375 0.4265625 0.0265625 0.0546875
0 0.378125 0.4328125 0.01875 0.025
0 0.5203125 0.33203125 0.0421875 0.065625
0 0.52421875 0.27421875 0.03125 0.0515625
0 0.5421875 0.2359375 0.028125 0.03125
0 0.68515625 0.11015625 0.0203125 0.0484375
0 0.68203125 0.17109375 0.01875 0.0609375
0 0.734375 0.2453125 0.0546875 0.075
0 0.6484375 0.41328125 0.0703125 0.0875
0 0.6859375 0.35703125 0.034375 0.025
0 0.85 0.06875 0.0375 0.059375
0 0.89375 0.15 0.0484375 0.06875
0 0.8625 0.2453125 0.0421875 0.0578125
0 0.88984375 0.38671875 0.0421875 0.03125
1 0.79921875 0.4171875 0.0140625 0.0875
1 0.74296875 0.10703125 0.0140625 0.0734375
1 0.59765625 0.228125 0.01875 0.078125
1 0.45703125 0.33046875 0.021875 0.078125
1 0.71875 0.746875 0.0234375 0.0765625