0 0.0609375 0.15390625 0.03125 0.03125
0 0.02421875 0.2203125 0.0421875 0.034375
0 0.0515625 0.35 0.0328125 0.034375
0 0.37421875 0.25546875 0.04375 0.040625
0 0.240625 0.0953125 0.034375 0.0328125
0 0.315625 0.1296875 0.05 0.046875
0 0.43359375 0.06640625 0.0421875 0.0296875
0 0.384375 0.33359375 0.0359375 0.040625
0 0.5734375 0.2546875 0.03125 0.04375
0 0.41171875 0.42265625 0.021875 0.0296875
0 0.47421875 0.49453125 0.0265625 0.0265625
0 0.684375 0.50625 0.04375 0.0328125
0 0.63203125 0.39375 0.0359375 0.03125
0 0.56875 0.56875 0.046875 0.0359375
0 0.5203125 0.5765625 0.034375 0.034375
0 0.4734375 0.58515625 0.0359375 0.034375
0 0.696875 0.64375 0.0359375 0.04375
0 0.7 0.7234375 0.0375 0.0328125
0 0.45390625 0.66328125 0.0453125 0.040625
0 0.4890625 0.6828125 0.0296875 0.025
0 0.28125 0.61640625 0.0375 0.025
0 0.16796875 0.50546875 0.034375 0.0296875
0 0.03359375 0.58359375 0.0359375 0.0359375
0 0.171875 0.63828125 0.053125 0.028125
0 0.2875 0.84375 0.034375 0.034375
1 0.853125 0.64609375 0.0265625 0.0578125
1 0.6515625 0.8703125 0.025 0.05625
1 0.73671875 0.44296875 0.021875 0.04375
1 0.5515625 0.38125 0.01875 0.046875