0 0.5375 0.1984375 0.1234375 0.059375
0 0.40859375 0.2015625 0.05 0.05
0 0.2765625 0.21875 0.0484375 0.0625
0 0.3125 0.20234375 0.0234375 0.0265625
0 0.34453125 0.1984375 0.0296875 0.0265625
0 0.24140625 0.23671875 0.0484375 0.0328125
0 0.23515625 0.2578125 0.04375 0.028125
0 0.2109375 0.21484375 0.0265625 0.025
0 0.228125 0.1734375 0.0359375 0.03125
0 0.31875 0.28671875 0.0203125 0.021875
0 0.19453125 0.25234375 0.028125 0.04375
0 0.14453125 0.24140625 0.0265625 0.0421875
0 0.609375 0.16953125 0.0265625 0.03125
0 0.10546875 0.30234375 0.040625 0.0421875
0 0.146875 0.30234375 0.0234375 0.034375
0 0.2015625 0.30390625 0.0234375 0.0203125
0 0.04375 0.5171875 0.05 0.0359375
0 0.11328125 0.509375 0.0546875 0.0390625
0 0.10703125 0.478125 0.034375 0.0359375
0 0.20859375 0.4703125 0.0375 0.046875
0 0.2515625 0.475 0.0375 0.040625
0 0.24765625 0.4359375 0.034375 0.0375
0 0.26015625 0.41328125 0.0296875 0.03125
0 0.30390625 0.39609375 0.0296875 0.025
0 0.37578125 0.37578125 0.0703125 0.034375
0 0.42109375 0.38828125 0.025 0.0265625
0 0.4546875 0.33671875 0.0203125 0.0140625
0 0.48203125 0.3375 0.021875 0.021875
0 0.515625 0.33828125 0.025 0.034375
0 0.5203125 0.38125 0.0375 0.0375
0 0.5546875 0.38046875 0.028125 0.0375
0 0.54296875 0.3515625 0.028125 0.0203125
0 0.5703125 0.34140625 0.0203125 0.0203125
0 0.59140625 0.3671875 0.021875 0.028125
0 0.49453125 0.4234375 0.040625 0.03125
0 0.66796875 0.37734375 0.028125 0.0203125
0 0.69296875 0.3671875 0.0328125 0.0296875
0 0.63984375 0.42578125 0.046875 0.0328125
0 0.64921875 0.4515625 0.0328125 0.021875
0 0.58203125 0.46171875 0.025 0.025
0 0.5421875 0.4765625 0.0296875 0.0296875
0 0.4734375 0.503125 0.0609375 0.0359375
0 0.4 0.5171875 0.0515625 0.0359375
0 0.34453125 0.52578125 0.053125 0.0578125
0 0.071875 0.58671875 0.040625 0.0421875
0 0.13125 0.58203125 0.05625 0.0453125
0 0.0703125 0.6890625 0.028125 0.034375
0 0.2453125 0.62890625 0.0421875 0.03125
0 0.28984375 0.6125 0.0421875 0.0390625
0 0.3890625 0.584375 0.0359375 0.0359375
0 0.465625 0.5640625 0.0390625 0.0359375
0 0.56015625 0.55234375 0.0453125 0.0328125
0 0.62109375 0.578125 0.0265625 0.025
0 0.60859375 0.5171875 0.034375 0.0265625
0 0.6296875 0.52578125 0.0640625 0.025
0 0.6875 0.4921875 0.028125 0.034375
0 0.734375 0.475 0.0515625 0.034375
0 0.746875 0.48984375 0.0734375 0.021875
0 0.79609375 0.5109375 0.0265625 0.040625
0 0.68125 0.5375 0.0296875 0.0296875
0 0.6921875 0.56640625 0.0359375 0.0359375
0 0.7328125 0.5765625 0.0421875 0.03125
0 0.66328125 0.61328125 0.0203125 0.028125
0 0.40546875 0.6328125 0.0453125 0.0359375
0 0.378125 0.66640625 0.0453125 0.0390625
0 0.46796875 0.61171875 0.0328125 0.04375
0 0.51015625 0.67578125 0.0484375 0.040625
0 0.51953125 0.6421875 0.0546875 0.034375
0 0.29453125 0.665625 0.03125 0.0234375
0 0.1265625 0.71875 0.0421875 0.0390625
0 0.5296875 0.725 0.04375 0.0375
0 0.590625 0.57578125 0.01875 0.021875
0 0.55234375 0.5828125 0.0296875 0.0265625