0 0.015625 0.65390625 0.03125 0.0328125
0 0.1421875 0.765625 0.05 0.0296875
0 0.05625 0.790625 0.03359375 0.03984375
0 0.44453125 0.10234375 0.040625 0.021875
0 0.85703125 0.17890625 0.03125 0.0203125
0 0.76328125 0.35703125 0.03828125 0.0296875
0 0.74296875 0.42734375 0.03828125 0.02890625
0 0.5953125 0.44921875 0.040625 0.02890625
0 0.5625 0.4296875 0.03984375 0.0296875
0 0.52109375 0.40625 0.03984375 0.02734375
0 0.534375 0.325 0.02734375 0.02578125
0 0.56796875 0.31796875 0.02578125 0.021875
0 0.3546875 0.30859375 0.02578125 0.0203125
0 0.2640625 0.2515625 0.02421875 0.01484375
0 0.11484375 0.25078125 0.0328125 0.0296875
0 0.21484375 0.371875 0.02578125 0.01875
0 0.40546875 0.52578125 0.02890625 0.01640625
0 0.48515625 0.48984375 0.02734375 0.0203125
0 0.059375 0.47265625 0.0234375 0.0203125
0 0.0078125 0.5796875 0.01484375 0.0296875
0 0.053125 0.53828125 0.03515625 0.02734375
0 0.3109375 0.6625 0.03515625 0.02734375
0 0.35703125 0.603125 0.03828125 0.0234375
0 0.23828125 0.6796875 0.02734375 0.01796875
0 0.23125 0.7578125 0.03984375 0.0296875
0 0.30859375 0.85859375 0.03125 0.02734375
0 0.4953125 0.7375 0.02890625 0.01875
0 0.6859375 0.54609375 0.03125 0.01484375
0 0.59765625 0.63359375 0.03125 0.02734375
1 0.2234375 0.52578125 0.01640625 0.0671875
1 0.3890625 0.7125 0.01796875 0.06171875
1 0.534375 0.63203125 0.0109375 0.0640625
1 0.5078125 0.81484375 0.0203125 0.06015625
1 0.83671875 0.49921875 0.0109375 0.0640625