1 0.50234375 0.084375 0.021875 0.046875
1 0.36796875 0.15078125 0.0203125 0.040625
1 0.575 0.05 0.0203125 0.0484375
1 0.49609375 0.24765625 0.0171875 0.0359375
1 0.8828125 0.6296875 0.0296875 0.0625
0 0.675 0.24140625 0.034375 0.0328125
0 0.82578125 0.6359375 0.0375 0.0453125
0 0.8828125 0.375 0.03125 0.034375
0 0.9546875 0.3921875 0.0390625 0.0390625
0 0.85 0.34453125 0.0296875 0.053125
0 0.62890625 0.77890625 0.0328125 0.071875
0 0.1546875 0.3640625 0.0375 0.0421875
0 0.28125 0.41015625 0.0328125 0.040625
0 0.68671875 0.17734375 0.046875 0.0234375
0 0.7328125 0.16796875 0.0265625 0.028125
0 0.5578125 0.73359375 0.0265625 0.0578125
0 0.74453125 0.7515625 0.03125 0.0265625
0 0.8625 0.46875 0.03125 0.028125