0 0.36015625 0.30390625 0.021875 0.05859375
0 0.0828125 0.25390625 0.03046875 0.0265625
0 0.20390625 0.4171875 0.01484375 0.0765625
0 0.15546875 0.51796875 0.0234375 0.0234375
0 0.134375 0.62109375 0.021875 0.04140625
0 0.2609375 0.40703125 0.01796875 0.0484375
0 0.24296875 0.3484375 0.01640625 0.0515625
0 0.28046875 0.4078125 0.01796875 0.05546875
0 0.2609375 0.4609375 0.01875 0.03828125
0 0.2625 0.52421875 0.01796875 0.04140625
0 0.31171875 0.45703125 0.01875 0.028125
0 0.3171875 0.5078125 0.0203125 0.04375
0 0.334375 0.6890625 0.0203125 0.0421875
0 0.28515625 0.646875 0.0265625 0.06328125
0 0.271875 0.31328125 0.0203125 0.10703125
0 0.30390625 0.325 0.0234375 0.13046875
0 0.378125 0.50234375 0.025 0.1
0 0.3890625 0.61015625 0.0234375 0.08359375
0 0.3890625 0.684375 0.03515625 0.04140625
0 0.42265625 0.60390625 0.01796875 0.028125
0 0.4109375 0.4484375 0.0296875 0.03984375
0 0.40703125 0.484375 0.025 0.0203125
0 0.35546875 0.24921875 0.01796875 0.04140625
0 0.46015625 0.58046875 0.021875 0.06328125
0 0.47421875 0.6828125 0.0265625 0.0734375
0 0.3828125 0.834375 0.01171875 0.03671875
0 0.47421875 0.4875 0.0234375 0.10546875
0 0.55390625 0.746875 0.01640625 0.0296875
0 0.57734375 0.73671875 0.03359375 0.05
0 0.64296875 0.7046875 0.0234375 0.03515625
0 0.63125 0.63203125 0.0265625 0.078125
0 0.5890625 0.4921875 0.028125 0.06328125
0 0.50625 0.23828125 0.03828125 0.028125
0 0.52265625 0.290625 0.0203125 0.0234375
0 0.7578125 0.4671875 0.01875 0.03046875
0 0.796875 0.37265625 0.03515625 0.06484375
0 0.85625 0.44296875 0.03359375 0.0515625
0 0.91640625 0.49140625 0.021875 0.04375
0 0.88515625 0.57890625 0.03203125 0.0453125
0 0.9390625 0.6375 0.03359375 0.0546875
1 0.64609375 0.0859375 0.02578125 0.0625
1 0.09921875 0.053125 0.05703125 0.02890625
1 0.86484375 0.084375 0.02109375 0.04921875
1 0.775 0.228125 0.0390625 0.06484375