0 0.2203125 0.21015625 0.025 0.021875
0 0.4265625 0.3375 0.02265625 0.0265625
0 0.4484375 0.31171875 0.028125 0.028125
0 0.63984375 0.23515625 0.03515625 0.0359375
0 0.65234375 0.30546875 0.040625 0.025
0 0.46171875 0.41171875 0.02890625 0.021875
0 0.50859375 0.40546875 0.0375 0.02421875
0 0.54765625 0.40390625 0.04375 0.0265625
0 0.6765625 0.434375 0.0359375 0.02421875
0 0.47734375 0.5015625 0.03046875 0.015625
0 0.43828125 0.5796875 0.02890625 0.03046875
0 0.65 0.55234375 0.03828125 0.01953125
0 0.271875 0.42734375 0.025 0.0171875
0 0.1921875 0.559375 0.03046875 0.01796875
0 0.1234375 0.734375 0.028125 0.01796875
0 0.08984375 0.81953125 0.00859375 0.0109375
0 0.1265625 0.85546875 0.02890625 0.02421875
0 0.09453125 0.95546875 0.03515625 0.021875
0 0.175 0.909375 0.03125 0.025
0 0.3015625 0.99375 0.0265625 0.01171875
0 0.35703125 0.925 0.021875 0.025
0 0.42421875 0.8703125 0.03046875 0.0328125
0 0.4375 0.746875 0.03046875 0.02890625
0 0.54375 0.89765625 0.02265625 0.01953125
0 0.63359375 0.69609375 0.021875 0.02890625
0 0.6046875 0.0296875 0.03203125 0.0203125
1 0.70625 0.15234375 0.028125 0.0734375
1 0.36015625 0.1140625 0.01796875 0.06015625
1 0.3078125 0.35 0.021875 0.08203125
1 0.3328125 0.65 0.028125 0.1
1 0.54453125 0.63828125 0.015625 0.07578125
0 0.43984375 0.6671875 0.03359375 0.02578125