0 0.1421875 0.0921875 0.028125 0.025
0 0.0453125 0.2140625 0.0375 0.0359375
0 0.02890625 0.10703125 0.0328125 0.0296875
0 0.06953125 0.3640625 0.0328125 0.03125
0 0.0421875 0.340625 0.0265625 0.025
0 0.0296875 0.39375 0.0390625 0.0515625
0 0.03828125 0.45 0.040625 0.0375
0 0.0640625 0.47421875 0.034375 0.028125
0 0.04375 0.496875 0.0328125 0.0234375
0 0.04296875 0.56171875 0.0234375 0.0203125
0 0.04609375 0.53984375 0.015625 0.0171875
0 0.09921875 0.6125 0.028125 0.0265625
0 0.115625 0.66796875 0.025 0.025
0 0.075 0.82109375 0.025 0.021875
0 0.15 0.8421875 0.028125 0.0171875
0 0.1 0.87109375 0.028125 0.021875
0 0.09140625 0.9078125 0.028125 0.021875
0 0.10234375 0.98046875 0.028125 0.0359375
0 0.11484375 0.1703125 0.0203125 0.0234375
0 0.1296875 0.19375 0.021875 0.03125
0 0.13671875 0.2078125 0.0375 0.015625
0 0.14140625 0.2609375 0.0234375 0.01875
0 0.13984375 0.28203125 0.021875 0.0234375
0 0.17578125 0.228125 0.0234375 0.01875
0 0.19296875 0.27578125 0.0265625 0.028125
0 0.203125 0.340625 0.01875 0.0203125
0 0.21015625 0.36875 0.0203125 0.025
0 0.215625 0.47421875 0.0265625 0.0265625
0 0.2015625 0.52421875 0.03125 0.0234375
0 0.23203125 0.565625 0.0265625 0.03125
0 0.2171875 0.72734375 0.0421875 0.0328125
0 0.20625 0.771875 0.0234375 0.0234375
0 0.25625 0.7421875 0.0234375 0.0234375
0 0.29140625 0.7421875 0.021875 0.021875
0 0.209375 0.0828125 0.025 0.025
0 0.24375 0.12890625 0.025 0.025
0 0.271875 0.12265625 0.0234375 0.0203125
0 0.2734375 0.053125 0.0203125 0.0203125
0 0.22890625 0.17578125 0.0296875 0.0296875
0 0.284375 0.1671875 0.028125 0.021875
0 0.27265625 0.209375 0.025 0.028125
0 0.23515625 0.23359375 0.021875 0.0234375
0 0.22109375 0.25234375 0.025 0.025
0 0.2859375 0.23828125 0.028125 0.025
0 0.21875 0.290625 0.025 0.025
0 0.2828125 0.2796875 0.021875 0.0375
0 0.22421875 0.36015625 0.0203125 0.0265625
0 0.234375 0.41796875 0.03125 0.0421875
0 0.278125 0.40546875 0.028125 0.025
0 0.28671875 0.3921875 0.021875 0.0234375
0 0.28828125 0.440625 0.025 0.025
0 0.26796875 0.45390625 0.0234375 0.021875
0 0.27109375 0.478125 0.0203125 0.0203125
0 0.26875 0.50390625 0.0234375 0.0125
0 0.278125 0.5234375 0.01875 0.0203125
0 0.2765625 0.58515625 0.028125 0.025
0 0.3328125 0.03671875 0.0375 0.0265625
0 0.3078125 0.09140625 0.025 0.03125
0 0.34453125 0.1203125 0.03125 0.0453125
0 0.31328125 0.13046875 0.0234375 0.021875
0 0.3125 0.15625 0.01875 0.015625
0 0.35546875 0.178125 0.0203125 0.0234375
0 0.31484375 0.17734375 0.021875 0.01875
0 0.3171875 0.21328125 0.0171875 0.0265625
0 0.33828125 0.25703125 0.03125 0.028125
0 0.34375 0.30625 0.040625 0.046875
0 0.34921875 0.3359375 0.034375 0.025
0 0.3765625 0.34765625 0.0265625 0.028125
0 0.353125 0.3671875 0.03125 0.028125
0 0.35234375 0.428125 0.03125 0.0265625
0 0.35078125 0.46015625 0.028125 0.0359375
0 0.38359375 0.43984375 0.021875 0.0390625
0 0.35625 0.52109375 0.0484375 0.0578125
0 0.353125 0.578125 0.028125 0.0546875
0 0.3859375 0.58125 0.0359375 0.046875
0 0.35390625 0.61796875 0.0296875 0.0390625
0 0.378125 0.63828125 0.0234375 0.0390625
0 0.35546875 0.69296875 0.0328125 0.0328125
0 0.37890625 0.72421875 0.0296875 0.0359375
0 0.3609375 0.753125 0.0234375 0.0453125
0 0.37109375 0.1984375 0.0234375 0.0265625
0 0.36875 0.14296875 0.01875 0.021875
0 0.41875 0.1421875 0.01875 0.01875
0 0.4125 0.19453125 0.01875 0.025
0 0.425 0.32578125 0.025 0.0296875
0 0.4234375 0.46328125 0.0203125 0.025
0 0.4265625 0.534375 0.01875 0.021875
0 0.43359375 0.565625 0.0234375 0.0203125
0 0.434375 0.58359375 0.025 0.015625
0 0.4578125 0.13203125 0.0234375 0.021875
0 0.45078125 0.35078125 0.025 0.0328125
0 0.45859375 0.40625 0.0265625 0.0203125
0 0.45859375 0.4328125 0.01875 0.01875
0 0.46171875 0.45703125 0.025 0.0328125
0 0.4546875 0.50859375 0.0234375 0.0203125
0 0.4609375 0.5265625 0.0203125 0.01875
0 0.47421875 0.559375 0.021875 0.021875
0 0.47265625 0.15078125 0.025 0.021875
0 0.38828125 0.02734375 0.0171875 0.0171875
0 0.36640625 0.03359375 0.0171875 0.015625
0 0.4765625 0.18359375 0.0203125 0.0234375
0 0.475 0.20859375 0.01875 0.01875
0 0.475 0.22578125 0.0203125 0.015625
0 0.4453125 0.24609375 0.0265625 0.025
0 0.496875 0.22734375 0.01875 0.0234375
0 0.471875 0.26015625 0.015625 0.0140625
0 0.478125 0.315625 0.01875 0.01875
0 0.4796875 0.36953125 0.0203125 0.0203125
0 0.503125 0.39609375 0.0203125 0.0234375
0 0.53671875 0.2140625 0.0109375 0.0203125
0 0.56875 0.24765625 0.0296875 0.0234375
0 0.56640625 0.29921875 0.025 0.0234375
0 0.5734375 0.3296875 0.015625 0.0140625
0 0.56796875 0.3484375 0.0203125 0.01875
0 0.571875 0.37734375 0.0171875 0.015625
0 0.50234375 0.4703125 0.025 0.0171875
0 0.50078125 0.5171875 0.01875 0.021875
0 0.5265625 0.365625 0.021875 0.0125
0 0.525 0.41640625 0.021875 0.01875
0 0.52421875 0.3046875 0.025 0.028125
0 0.5609375 0.45703125 0.0234375 0.0203125
0 0.62578125 0.3765625 0.0234375 0.0234375
0 0.6546875 0.44375 0.0203125 0.021875
0 0.51484375 0.59453125 0.021875 0.0203125
0 0.51796875 0.6328125 0.015625 0.0265625
0 0.528125 0.66640625 0.025 0.0265625
0 0.76171875 0.1765625 0.03125 0.0328125
0 0.8625 0.240625 0.0578125 0.05625