0 0.15 0.24765625 0.0625 0.040625
0 0.2078125 0.27265625 0.071875 0.0421875
0 0.29609375 0.2390625 0.090625 0.0671875
0 0.21953125 0.06484375 0.0875 0.075
0 0.28359375 0.03671875 0.0390625 0.0546875
0 0.309375 0.10546875 0.04375 0.059375
0 0.12421875 0.07421875 0.06875 0.0640625
0 0.39453125 0.30625 0.046875 0.0453125
0 0.44296875 0.35625 0.0921875 0.08125
0 0.271875 0.43984375 0.09375 0.084375
0 0.34375 0.4671875 0.06875 0.05625
0 0.40859375 0.634375 0.053125 0.075
0 0.42109375 0.571875 0.0359375 0.06875
0 0.54296875 0.3890625 0.0421875 0.0890625
0 0.4921875 0.621875 0.025 0.06875
0 0.484375 0.72890625 0.046875 0.0375
0 0.53984375 0.77421875 0.05625 0.05625
0 0.5171875 0.68125 0.0453125 0.0515625
0 0.65234375 0.721875 0.04375 0.0703125
0 0.19140625 0.7515625 0.03125 0.053125