0 0.475 0.16875 0.09375 0.05625
0 0.6125 0.1984375 0.05625 0.034375
0 0.7078125 0.196875 0.028125 0.03125
0 0.74375 0.203125 0.03125 0.025
0 0.73125 0.2265625 0.03125 0.021875
0 0.8 0.16875 0.04375 0.0375
0 0.7796875 0.24375 0.040625 0.05
0 0.871875 0.2375 0.03125 0.025
0 0.8078125 0.3125 0.028125 0.03125
0 0.8640625 0.3109375 0.028125 0.028125
0 0.9078125 0.3109375 0.021875 0.021875
0 0.4640625 0.371875 0.053125 0.05625
0 0.4 0.3484375 0.03125 0.046875
0 0.571875 0.3796875 0.0375 0.040625
0 0.634375 0.3765625 0.05625 0.040625
0 0.7 0.396875 0.0375 0.0375
0 0.74375 0.4890625 0.04375 0.046875
0 0.79375 0.49375 0.03125 0.06875
0 0.8890625 0.525 0.028125 0.0625
0 0.75625 0.446875 0.0375 0.03125
0 0.353125 0.4140625 0.04375 0.046875
0 0.0359375 0.2609375 0.046875 0.034375
0 0.0125 0.33125 0.025 0.0625
0 0.09375 0.340625 0.0625 0.04375
0 0.171875 0.378125 0.0375 0.03125
0 0.2515625 0.4109375 0.053125 0.059375
0 0.4015625 0.45625 0.034375 0.05
0 0.5109375 0.4921875 0.040625 0.040625
0 0.5828125 0.51875 0.040625 0.0375
0 0.6390625 0.53125 0.046875 0.06875
0 0.8609375 0.615625 0.059375 0.05625
0 0.9203125 0.6125 0.034375 0.05
0 0.6890625 0.628125 0.046875 0.05
0 0.7421875 0.6609375 0.040625 0.046875
0 0.5640625 0.64375 0.034375 0.04375
0 0.590625 0.603125 0.04375 0.06875
0 0.2890625 0.51875 0.034375 0.0375
0 0.3625 0.5078125 0.05625 0.040625
0 0.425 0.5390625 0.05 0.040625
0 0.509375 0.5640625 0.05 0.040625
0 0.9375 0.7390625 0.09375 0.040625
0 0.678125 0.6859375 0.04375 0.040625
0 0.446875 0.6546875 0.05625 0.084375
0 0.2390625 0.5515625 0.034375 0.028125
0 0.38125 0.634375 0.0296875 0.03203125
0 0.56796875 0.71796875 0.071875 0.03984375
0 0.60234375 0.67734375 0.03984375 0.0421875