1 0.31328125 0.0984375 0.0171875 0.053125
1 0.24609375 0.0703125 0.01171875 0.0578125
1 0.3921875 0.03671875 0.015625 0.053125
1 0.25703125 0.2703125 0.01171875 0.06015625
1 0.353125 0.2359375 0.01328125 0.06015625
1 0.89765625 0.43828125 0.0140625 0.06015625
0 0.51796875 0.159375 0.02265625 0.02578125
0 0.5390625 0.12890625 0.0203125 0.0390625
0 0.56875 0.121875 0.01875 0.02734375
0 0.4515625 0.13359375 0.02578125 0.034375
0 0.5421875 0.209375 0.03125 0.03046875
0 0.1078125 0.64921875 0.02578125 0.06484375
0 0.26328125 0.559375 0.03125 0.06015625
0 0.45703125 0.33515625 0.02265625 0.02890625
0 0.51328125 0.2671875 0.0203125 0.03125
0 0.8546875 0.5234375 0.0359375 0.034375
0 0.80703125 0.3265625 0.0203125 0.03125
0 0.8625 0.2234375 0.02890625 0.04453125
0 0.746875 0.221875 0.021875 0.04140625
0 0.98984375 0.25390625 0.0203125 0.0359375