0 0.0140625 0.64453125 0.028125 0.0328125
0 0.1375 0.759375 0.05 0.03125
0 0.0515625 0.7828125 0.034375 0.040625
0 0.4515625 0.1015625 0.040625 0.021875
0 0.8625 0.18515625 0.03125 0.0203125
0 0.765625 0.36171875 0.0390625 0.0296875
0 0.74453125 0.43125 0.0390625 0.0296875
0 0.59609375 0.45078125 0.040625 0.0296875
0 0.5640625 0.43046875 0.040625 0.0296875
0 0.52265625 0.40625 0.040625 0.028125
0 0.5375 0.32578125 0.028125 0.0265625
0 0.57109375 0.31953125 0.0265625 0.021875
0 0.3578125 0.30625 0.0265625 0.0203125
0 0.26875 0.24765625 0.025 0.015625
0 0.11953125 0.24375 0.0328125 0.0296875
0 0.2171875 0.3671875 0.0265625 0.01875
0 0.4046875 0.52421875 0.0296875 0.0171875
0 0.48515625 0.48984375 0.028125 0.0203125
0 0.06015625 0.46484375 0.0234375 0.0203125
0 0.00703125 0.57109375 0.0140625 0.0296875
0 0.05234375 0.53046875 0.0359375 0.028125
0 0.3078125 0.659375 0.0359375 0.028125
0 0.35546875 0.60078125 0.0390625 0.0234375
0 0.23515625 0.675 0.028125 0.01875
0 0.2265625 0.753125 0.040625 0.0296875
0 0.30234375 0.85546875 0.03125 0.028125
0 0.49140625 0.7375 0.0296875 0.01875
0 0.68515625 0.54921875 0.03125 0.015625
0 0.5953125 0.63515625 0.03125 0.028125
1 0.22265625 0.52109375 0.0171875 0.0671875
1 0.38515625 0.71015625 0.01875 0.0625
1 0.53203125 0.6328125 0.0125 0.0640625
1 0.50234375 0.81484375 0.021875 0.0609375
1 0.83671875 0.50546875 0.0125 0.0640625