0 0.40390625 0.27890625 0.0328125 0.0625
0 0.14296875 0.17265625 0.0359375 0.0328125
0 0.22734375 0.3578125 0.0296875 0.078125
0 0.159375 0.44609375 0.028125 0.028125
0 0.1171875 0.5421875 0.0296875 0.0453125
0 0.28515625 0.359375 0.028125 0.0515625
0 0.28046875 0.2984375 0.0265625 0.053125
0 0.3046875 0.3640625 0.0296875 0.0578125
0 0.27421875 0.41171875 0.0265625 0.040625
0 0.2625 0.47421875 0.0265625 0.04375
0 0.325 0.41875 0.0234375 0.03125
0 0.31953125 0.46953125 0.0296875 0.046875
0 0.2984375 0.65078125 0.028125 0.0453125
0 0.259375 0.59921875 0.0390625 0.0671875
0 0.315625 0.2703125 0.0421875 0.109375
0 0.34453125 0.28828125 0.05 0.1328125
0 0.38046875 0.47734375 0.0453125 0.103125
0 0.36875 0.584375 0.040625 0.0859375
0 0.353125 0.65703125 0.04375 0.0484375
0 0.403125 0.5859375 0.0234375 0.03125
0 0.4234375 0.43125 0.0375 0.0453125
0 0.4125 0.465625 0.028125 0.025
0 0.4109375 0.225 0.0265625 0.04375
0 0.44453125 0.5703125 0.034375 0.0671875
0 0.43671875 0.6734375 0.040625 0.078125
0 0.315625 0.80234375 0.01875 0.0390625
0 0.47734375 0.48203125 0.0453125 0.1078125
0 0.5015625 0.75234375 0.021875 0.0328125
0 0.5265625 0.74765625 0.04375 0.05625
0 0.59765625 0.7296875 0.0296875 0.0390625
0 0.60078125 0.65625 0.0421875 0.08125
0 0.5890625 0.5109375 0.040625 0.0671875
0 0.56015625 0.2453125 0.04375 0.0359375
0 0.565625 0.3 0.025 0.0265625
0 0.759375 0.521875 0.025 0.034375
0 0.8171875 0.4375 0.0484375 0.0703125
0 0.86015625 0.51796875 0.04375 0.0578125
0 0.909375 0.578125 0.03125 0.046875
0 0.86015625 0.65703125 0.040625 0.0515625
0 0.90078125 0.72578125 0.04375 0.0609375
1 0.72890625 0.125 0.0375 0.0671875
1 0.94296875 0.16953125 0.03125 0.053125
1 0.82578125 0.29140625 0.0515625 0.071875