1 0.26015625 0.55703125 0.040625 0.1078125
1 0.45078125 0.5921875 0.03125 0.1046875
1 0.49296875 0.8765625 0.0328125 0.1125
1 0.62578125 0.24140625 0.0328125 0.128125
1 0.98125 0.18515625 0.028125 0.075
0 0.68671875 0.48828125 0.053125 0.0671875
0 0.63125 0.48984375 0.0390625 0.04375
0 0.5328125 0.43125 0.034375 0.05
0 0.4796875 0.4234375 0.0453125 0.0609375
0 0.54375 0.49921875 0.0234375 0.0203125
0 0.60703125 0.51484375 0.025 0.01875
0 0.628125 0.559375 0.05 0.0390625
0 0.7109375 0.62421875 0.0390625 0.03125
0 0.74921875 0.62578125 0.01875 0.0296875
0 0.8 0.6203125 0.0296875 0.015625
0 0.865625 0.659375 0.028125 0.0296875
0 0.78671875 0.5296875 0.0265625 0.025
0 0.83359375 0.55234375 0.0390625 0.0234375
0 0.8421875 0.51640625 0.0265625 0.025
0 0.90078125 0.56875 0.034375 0.03125
0 0.8703125 0.58359375 0.028125 0.0296875
0 0.984375 0.6234375 0.03125 0.04375
0 0.921875 0.4921875 0.0203125 0.021875
0 0.790625 0.44453125 0.0171875 0.0203125
0 0.98359375 0.30078125 0.0265625 0.0390625
0 0.740625 0.28359375 0.025 0.0265625
0 0.81171875 0.1765625 0.0328125 0.0328125
0 0.825 0.0921875 0.0421875 0.040625
0 0.88203125 0.07421875 0.0328125 0.025
0 0.678125 0.12421875 0.0515625 0.0609375
0 0.5578125 0.05234375 0.05 0.0296875
0 0.3296875 0.071875 0.0234375 0.0515625
0 0.35859375 0.059375 0.0234375 0.0328125
0 0.1859375 0.0484375 0.028125 0.0265625
0 0.02734375 0.278125 0.03125 0.0375
0 0.05625 0.32734375 0.05 0.028125
0 0.09765625 0.2828125 0.05625 0.0515625
0 0.1625 0.30546875 0.040625 0.053125
0 0.18046875 0.26484375 0.028125 0.0265625
0 0.34296875 0.34765625 0.028125 0.034375
0 0.31796875 0.41640625 0.0265625 0.0203125
0 0.10859375 0.4421875 0.03125 0.040625
0 0.18359375 0.44140625 0.0171875 0.03125
0 0.10625 0.878125 0.1078125 0.0578125
0 0.265625 0.8328125 0.025 0.0390625
0 0.3046875 0.853125 0.0265625 0.0375
0 0.35 0.86953125 0.025 0.0390625
0 0.425 0.96640625 0.053125 0.0671875
0 0.59609375 0.83984375 0.021875 0.03125
0 0.68984375 0.83828125 0.025 0.03125
0 0.77265625 0.8375 0.0265625 0.04375
0 0.81484375 0.83828125 0.015625 0.0265625
0 0.83046875 0.88984375 0.0203125 0.0421875