1 0.5984375 0.30390625 0.0359375 0.0984375
1 0.6609375 0.46484375 0.040625 0.109375
1 0.6390625 0.13359375 0.071875 0.1671875
1 0.8265625 0.47734375 0.0390625 0.09375
1 0.85234375 0.203125 0.0546875 0.1203125
1 0.32421875 0.66015625 0.05 0.109375
1 0.053125 0.3765625 0.10625 0.065625
1 0.1925666265625 0.5603776875 0.19862035312499998 0.561602175 0.19981048437499999 0.571295009375 0.20997936875 0.5739820124999999 0.21392521874999998 0.542012840625 0.20511825468749997 0.470285871875 0.1805291328125 0.4703533484375 0.1848810765625 0.5298366718749999 0.1938254734375 0.5385774015625 0.1884858265625 0.5431686124999999 0.1957296828125 0.554085934375 0.1925666265625 0.5603776875
1 0.12265625 0.0984375 0.0421875 0.04375
0 0.12109375 0.25703125 0.078125 0.059375
0 0.05859375 0.45859375 0.03125 0.053125
0 0.11171875 0.590625 0.065625 0.0796875
0 0.378125 0.04921875 0.0515625 0.0671875
0 0.4328125 0.0203125 0.0515625 0.0375
0 0.38671875 0.1140625 0.0421875 0.0453125
0 0.5265625 0.09140625 0.04375 0.040625
0 0.52265625 0.16640625 0.0390625 0.034375
0 0.4640625 0.29296875 0.0375 0.04375
0 0.3921875 0.30546875 0.034375 0.0328125
0 0.44140625 0.446875 0.06875 0.06875
0 0.440625 0.50390625 0.0765625 0.0484375
0 0.47109375 0.65390625 0.08125 0.103125
0 0.55078125 0.62421875 0.03125 0.04375
0 0.053125 0.734375 0.059375 0.065625
0 0.13203125 0.73515625 0.0359375 0.0390625
0 0.2515625 0.6828125 0.03125 0.040625
0 0.496875 0.7765625 0.03125 0.0375
0 0.46953125 0.82578125 0.034375 0.028125
0 0.509375 0.8953125 0.0265625 0.0390625
0 0.509375 0.83046875 0.025 0.034375
0 0.60390625 0.72265625 0.0234375 0.0328125
0 0.59140625 0.7984375 0.053125 0.034375
0 0.6078125 0.88046875 0.0296875 0.0421875
0 0.553125 0.98125 0.028125 0.034375
0 0.8015625 0.82265625 0.040625 0.0328125
0 0.79296875 0.86015625 0.034375 0.021875
0 0.8421875 0.88828125 0.0328125 0.025
0 0.81328125 0.7375 0.040625 0.0296875
0 0.834375 0.6484375 0.0296875 0.0265625
0 0.984375 0.52265625 0.03125 0.0703125
0 0.91171875 0.41015625 0.05 0.0390625
0 0.8859375 0.3171875 0.053125 0.0390625
0 0.90859375 0.36171875 0.05625 0.0359375
0 0.94765625 0.18984375 0.046875 0.09375