1 0.1859375 0.31015625 0.0359375 0.109375
1 0.6859375 0.4109375 0.040625 0.159375
1 0.58515625 0.5578125 0.046875 0.1375
1 0.81640625 0.63515625 0.0296875 0.1125
1 0.77578125 0.190625 0.046875 0.146875
0 0.2859375 0.04765625 0.04375 0.0375
0 0.23125 0.13203125 0.071875 0.0609375
0 0.1015625 0.30546875 0.0359375 0.06875
0 0.10703125 0.4453125 0.065625 0.065625
0 0.0890625 0.53203125 0.034375 0.04375
0 0.07578125 0.5875 0.0359375 0.0421875
0 0.01640625 0.5578125 0.0328125 0.0640625
0 0.2015625 0.56796875 0.03125 0.075
0 0.41328125 0.6421875 0.0625 0.096875
0 0.403125 0.7484375 0.0484375 0.03125
0 0.35234375 0.79375 0.0390625 0.028125
0 0.47265625 0.81796875 0.0625 0.034375
0 0.37265625 0.87265625 0.0328125 0.034375
0 0.4609375 0.89375 0.0359375 0.0453125
0 0.396875 0.8515625 0.03125 0.0421875
0 0.384375 0.9625 0.01875 0.0359375
0 0.49921875 0.63359375 0.0328125 0.04375
0 0.5140625 0.73984375 0.028125 0.0296875
0 0.4765625 0.5921875 0.0328125 0.0265625
0 0.45234375 0.46171875 0.06875 0.121875
0 0.4671875 0.28515625 0.034375 0.040625
0 0.54296875 0.2921875 0.0359375 0.021875
0 0.4875 0.0984375 0.0375 0.0234375
0 0.52421875 0.0984375 0.040625 0.028125
0 0.6703125 0.1265625 0.04375 0.0359375
0 0.57265625 0.02578125 0.1265625 0.0515625
0 0.921875 0.46484375 0.0375 0.028125
0 0.9328125 0.51171875 0.0515625 0.0375
0 0.9171875 0.56015625 0.059375 0.0359375
0 0.96640625 0.69453125 0.0671875 0.0703125
0 0.7578125 0.75546875 0.0421875 0.0265625
0 0.709375 0.83203125 0.0359375 0.021875
0 0.66640625 0.90390625 0.0328125 0.0375
0 0.64921875 0.94453125 0.040625 0.0421875