0 0.11640625 0.21796875 0.0453125 0.034375
0 0.28203125 0.1234375 0.0328125 0.0359375
0 0.20234375 0.2234375 0.046875 0.04375
0 0.284375 0.3203125 0.0515625 0.0390625
0 0.33359375 0.38828125 0.0375 0.0421875
0 0.4796875 0.2421875 0.04375 0.0453125
0 0.390625 0.46328125 0.0375 0.021875
0 0.4703125 0.50390625 0.034375 0.0359375
0 0.02578125 0.51875 0.0328125 0.025
0 0.58125 0.353125 0.0328125 0.0234375
0 0.6765625 0.440625 0.0359375 0.0234375
0 0.590625 0.5390625 0.0390625 0.0203125
0 0.55 0.56484375 0.0421875 0.0296875
0 0.5109375 0.5921875 0.034375 0.0328125
0 0.33671875 0.68515625 0.0359375 0.03125
0 0.19375 0.625 0.0421875 0.028125
0 0.51640625 0.66953125 0.0390625 0.03125
0 0.734375 0.56484375 0.04375 0.0234375
0 0.7671875 0.63515625 0.04375 0.05
0 0.1015625 0.74375 0.0375 0.0265625
0 0.24453125 0.75234375 0.0453125 0.0375
1 0.47109375 0.1546875 0.0234375 0.059375
1 0.42578125 0.28515625 0.0359375 0.0671875
1 0.16796875 0.40078125 0.0265625 0.0734375
1 0.82734375 0.4734375 0.0296875 0.084375