0 0.2296875 0.10859375 0.046875 0.0375
0 0.41640625 0.0734375 0.034375 0.0375
0 0.30859375 0.14140625 0.05 0.046875
0 0.3546875 0.26015625 0.053125 0.0421875
0 0.37890625 0.33984375 0.040625 0.0453125
0 0.56484375 0.24921875 0.046875 0.0484375
0 0.40859375 0.4296875 0.0390625 0.025
0 0.47109375 0.49375 0.0359375 0.0390625
0 0.04609375 0.36328125 0.034375 0.028125
0 0.62421875 0.3875 0.034375 0.0265625
0 0.68671875 0.5015625 0.0375 0.025
0 0.57265625 0.56640625 0.040625 0.0234375
0 0.52578125 0.57734375 0.04375 0.0328125
0 0.4796875 0.590625 0.0359375 0.034375
0 0.28515625 0.621875 0.0375 0.0328125
0 0.16953125 0.51875 0.04375 0.03125
0 0.46015625 0.665625 0.040625 0.034375
0 0.70078125 0.6375 0.04375 0.0265625
0 0.70859375 0.7140625 0.0484375 0.053125
0 0.04375 0.60078125 0.0375 0.028125
0 0.1765625 0.65546875 0.046875 0.040625
1 0.58515625 0.1640625 0.028125 0.059375
1 0.5 0.27265625 0.0421875 0.06875
1 0.21875 0.29765625 0.03125 0.0734375
1 0.81796875 0.58125 0.0375 0.084375