1 0.39765625 0.1984375 0.05 0.1
1 0.60703125 0.60625 0.05625 0.15
1 0.5921875 0.7921875 0.0484375 0.146875
1 0.93046875 0.425 0.05625 0.15625
1 0.22734375 0.3859375 0.0421875 0.05
1 0.20078125 0.07421875 0.05 0.0640625
0 0.10390625 0.17265625 0.05625 0.0640625
0 0.08359375 0.1296875 0.0359375 0.040625
0 0.1984375 0.1953125 0.0375 0.0421875
0 0.1734375 0.246875 0.0359375 0.034375
0 0.140625 0.34140625 0.071875 0.065625
0 0.05859375 0.44609375 0.04375 0.0703125
0 0.29609375 0.2640625 0.0421875 0.0328125
0 0.26484375 0.3015625 0.0453125 0.034375
0 0.50859375 0.08515625 0.0265625 0.0265625
0 0.646875 0.02890625 0.0265625 0.0578125
0 0.6734375 0.14140625 0.03125 0.0484375
0 0.64609375 0.21875 0.053125 0.0625
0 0.63671875 0.25625 0.0234375 0.0203125
0 0.59140625 0.115625 0.0453125 0.065625
0 0.565625 0.1703125 0.03125 0.0546875
0 0.52734375 0.16640625 0.0375 0.05625
0 0.5421875 0.2265625 0.0265625 0.0375
0 0.503125 0.33984375 0.08125 0.109375
0 0.56796875 0.3828125 0.0375 0.0578125
0 0.52421875 0.40234375 0.025 0.0234375
0 0.50859375 0.46484375 0.0359375 0.0453125
0 0.43984375 0.51171875 0.0640625 0.1125
0 0.346875 0.67265625 0.0453125 0.0734375
0 0.42265625 0.69375 0.034375 0.0453125
0 0.07265625 0.6625 0.053125 0.0578125
0 0.04453125 0.81875 0.03125 0.040625
0 0.28671875 0.725 0.0296875 0.0328125
0 0.28515625 0.8359375 0.0671875 0.0578125
0 0.2796875 0.9109375 0.046875 0.046875
0 0.32421875 0.953125 0.0390625 0.05625
0 0.28046875 0.98203125 0.0484375 0.0359375
0 0.43359375 0.896875 0.034375 0.034375
0 0.871875 0.65390625 0.046875 0.046875
0 0.8578125 0.7 0.05625 0.0546875
0 0.82890625 0.73828125 0.040625 0.04375
0 0.86640625 0.8953125 0.0546875 0.115625
0 0.96875 0.58359375 0.0625 0.0609375
0 0.85 0.41015625 0.0359375 0.0265625
0 0.846875 0.325 0.034375 0.0390625
0 0.85078125 0.2328125 0.03125 0.0359375
0 0.84921875 0.20078125 0.034375 0.034375
0 0.9015625 0.1796875 0.04375 0.0375
0 0.9625 0.26875 0.034375 0.0453125