1 0.57734375 0.8265625 0.03125 0.090625
1 0.8078125 0.60234375 0.0453125 0.1109375
1 0.5078125 0.34765625 0.03125 0.05
1 0.81875 0.4890625 0.065625 0.065625
1 0.93125 0.31796875 0.0203125 0.096875
0 0.24453125 0.4625 0.0390625 0.08125
0 0.3140625 0.41484375 0.0296875 0.0421875
0 0.36875 0.4578125 0.0640625 0.059375
0 0.42109375 0.3765625 0.0703125 0.0625
0 0.49296875 0.44609375 0.0421875 0.075
0 0.5984375 0.371875 0.0484375 0.0484375
0 0.60859375 0.35703125 0.05625 0.0484375
0 0.6421875 0.309375 0.05 0.0484375
0 0.81484375 0.30078125 0.0375 0.0328125
0 0.86171875 0.246875 0.040625 0.034375
0 0.834375 0.40078125 0.065625 0.0953125
0 0.675 0.50234375 0.1046875 0.08125
0 0.9046875 0.5953125 0.0390625 0.0515625
0 0.965625 0.48515625 0.053125 0.084375