0 0.20546875 0.225 0.0265625 0.0234375
0 0.41796875 0.34140625 0.0234375 0.028125
0 0.43828125 0.31484375 0.0296875 0.0296875
0 0.62578125 0.228125 0.0375 0.0375
0 0.6421875 0.29765625 0.0421875 0.0265625
0 0.45703125 0.4140625 0.0296875 0.0234375
0 0.50390625 0.40546875 0.0390625 0.0265625
0 0.5421875 0.4015625 0.0453125 0.028125
0 0.67265625 0.425 0.0375 0.0265625
0 0.47734375 0.503125 0.03125 0.0171875
0 0.4421875 0.5828125 0.0296875 0.03125
0 0.65234375 0.54453125 0.0390625 0.021875
0 0.26875 0.4390625 0.0265625 0.01875
0 0.19609375 0.57578125 0.03125 0.0203125
0 0.1359375 0.75390625 0.0296875 0.01875
0 0.10703125 0.840625 0.009375 0.0109375
0 0.1453125 0.87421875 0.0296875 0.025
0 0.11875 0.97578125 0.0359375 0.0234375
0 0.196875 0.92578125 0.0328125 0.0265625
0 0.32734375 0.9984375 0.0265625 0.003125
0 0.3796875 0.93203125 0.0234375 0.0265625
0 0.44375 0.8734375 0.0328125 0.034375
0 0.45078125 0.75 0.03125 0.0296875
0 0.56484375 0.89453125 0.0234375 0.0203125
0 0.64375 0.6890625 0.0234375 0.0296875
0 0.5796875 0.025 0.0328125 0.021875
1 0.6875 0.1421875 0.03125 0.075
1 0.33984375 0.121875 0.0203125 0.0609375
1 0.3 0.36015625 0.0265625 0.0828125
1 0.340625 0.65859375 0.0328125 0.1015625
1 0.5515625 0.6359375 0.0203125 0.0765625
0 0.4484375 0.6703125 0.034375 0.028125