1 0.57734375 0.17109375 0.021875 0.0515625
1 0.79765625 0.4046875 0.0296875 0.09375
1 0.76796875 0.09140625 0.021875 0.0609375
1 0.7171875 0.7671875 0.0296875 0.0796875
0 0.5328125 0.27578125 0.0390625 0.059375
0 0.55546875 0.23046875 0.034375 0.028125
0 0.5265625 0.3375 0.0453125 0.0640625
0 0.65546875 0.41796875 0.0828125 0.0921875
0 0.75078125 0.25859375 0.096875 0.0890625
0 0.68984375 0.184375 0.0296875 0.05
0 0.703125 0.11640625 0.025 0.0625
0 0.8875 0.2625 0.059375 0.0578125
0 0.86484375 0.0796875 0.0515625 0.0484375
0 0.3484375 0.42421875 0.03125 0.04375
0 0.29765625 0.51171875 0.0390625 0.0453125
0 0.25625 0.58359375 0.06875 0.0703125
0 0.40625 0.415625 0.028125 0.021875