1 0.5515625 0.234375 0.0671875 0.1640625
1 0.590625 0.42734375 0.04375 0.1265625
1 0.6546875 0.54921875 0.059375 0.146875
1 0.95546875 0.60546875 0.065625 0.1484375
1 0.33984375 0.74140625 0.0484375 0.16875
1 0.11953125 0.48828125 0.05625 0.1328125
0 0.06640625 0.153125 0.03125 0.04375
0 0.08984375 0.21015625 0.028125 0.028125
0 0.08515625 0.315625 0.065625 0.059375
0 0.06015625 0.528125 0.05 0.0640625
0 0.12265625 0.653125 0.0734375 0.0734375
0 0.26328125 0.68359375 0.0390625 0.034375
0 0.090625 0.809375 0.0625 0.075
0 0.0671875 0.85078125 0.05 0.0515625
0 0.1609375 0.7359375 0.0328125 0.0328125
0 0.17265625 0.78984375 0.0515625 0.053125
0 0.28671875 0.721875 0.034375 0.034375
0 0.496875 0.65703125 0.090625 0.1078125
0 0.5359375 0.77109375 0.03125 0.0328125
0 0.56953125 0.615625 0.0359375 0.04375
0 0.521875 0.596875 0.0359375 0.0375
0 0.6328125 0.7 0.034375 0.034375
0 0.63203125 0.78515625 0.034375 0.0609375
0 0.66328125 0.853125 0.0359375 0.046875
0 0.575 0.88359375 0.0359375 0.059375
0 0.628125 0.96796875 0.040625 0.0640625
0 0.5140625 0.8296875 0.0296875 0.04375
0 0.55703125 0.82578125 0.0296875 0.0359375
0 0.4328125 0.4796875 0.084375 0.1015625
0 0.36640625 0.31875 0.0375 0.065625
0 0.43515625 0.30234375 0.03125 0.0328125
0 0.46484375 0.09609375 0.0453125 0.0578125
0 0.30078125 0.0171875 0.0515625 0.034375
0 0.309375 0.07265625 0.05 0.0546875
0 0.3515625 0.04140625 0.04375 0.06875
0 0.3171875 0.1390625 0.0453125 0.05625
0 0.903125 0.11484375 0.0828125 0.1109375
0 0.8578125 0.2671875 0.0421875 0.05
0 0.8859375 0.29765625 0.046875 0.046875
0 0.88828125 0.353125 0.0421875 0.0359375
0 0.975 0.42578125 0.05 0.0796875
0 0.85 0.5859375 0.0375 0.0453125
0 0.846875 0.68671875 0.03125 0.0453125
0 0.846875 0.76484375 0.0375 0.0375
0 0.83984375 0.80546875 0.0359375 0.025
0 0.89609375 0.82578125 0.0484375 0.0375