1 0.4859375 0.1 0.075 0.0609375
1 0.48203125 0.21796875 0.075 0.0515625
1 0.12421875 0.43203125 0.0265625 0.0703125
1 0.24453125 0.45078125 0.0390625 0.1546875
1 0.39140625 0.44375 0.0453125 0.1546875
1 0.52578125 0.40234375 0.04375 0.1421875
1 0.8359375 0.66484375 0.04375 0.1328125
0 0.115625 0.1234375 0.1234375 0.0765625
0 0.43125 0.0328125 0.06875 0.0625
0 0.359375 0.13359375 0.0390625 0.05
0 0.30859375 0.140625 0.046875 0.046875
0 0.275 0.165625 0.034375 0.0328125
0 0.6015625 0.1609375 0.028125 0.0421875
0 0.69375 0.16875 0.0359375 0.0421875
0 0.77734375 0.16796875 0.03125 0.034375
0 0.81875 0.1609375 0.0234375 0.0390625
0 0.75 0.05234375 0.0265625 0.028125
0 0.83984375 0.1171875 0.028125 0.04375
0 0.8640625 0.18515625 0.03125 0.025
0 0.8703125 0.34765625 0.03125 0.028125
0 0.79609375 0.37578125 0.046875 0.053125
0 0.75 0.38046875 0.0203125 0.0265625
0 0.715625 0.3828125 0.03125 0.025
0 0.88671875 0.4234375 0.0609375 0.0453125
0 0.9765625 0.38671875 0.034375 0.0265625
0 0.8375 0.453125 0.040625 0.0359375
0 0.84609375 0.496875 0.0359375 0.0359375
0 0.7828125 0.478125 0.03125 0.0203125
0 0.6296875 0.4484375 0.0359375 0.0359375
0 0.6046875 0.4890625 0.0296875 0.0265625
0 0.690625 0.52265625 0.075 0.075
0 0.5328125 0.57578125 0.046875 0.0640625
0 0.47578125 0.57734375 0.06875 0.0703125
0 0.31875 0.57734375 0.034375 0.03125
0 0.33515625 0.65 0.04375 0.040625
0 0.11015625 0.5546875 0.03125 0.0359375
0 0.1859375 0.54921875 0.028125 0.0359375
0 0.0484375 0.6640625 0.0578125 0.0390625
0 0.15859375 0.69296875 0.0484375 0.0453125
0 0.09375 0.71015625 0.065625 0.0484375
0 0.0265625 0.71484375 0.0265625 0.04375
0 0.17578125 0.9515625 0.034375 0.0296875
0 0.23359375 0.9203125 0.0203125 0.025
0 0.3390625 0.93203125 0.0546875 0.0578125
0 0.55390625 0.9546875 0.05625 0.03125
0 0.66875 0.8859375 0.0703125 0.0515625
0 0.7375 0.72265625 0.025 0.028125
0 0.7609375 0.84921875 0.0265625 0.0265625
0 0.80234375 0.828125 0.0359375 0.0328125
0 0.8296875 0.915625 0.04375 0.0421875
0 0.9796875 0.71484375 0.040625 0.0546875