0 0.1171875 0.35703125 0.05546875 0.06015625
0 0.32109375 0.49453125 0.03515625 0.04609375
0 0.31015625 0.54453125 0.01875 0.025
0 0.3046875 0.62421875 0.0203125 0.04296875
0 0.2875 0.71875 0.0265625 0.1125
0 0.3578125 0.7125 0.025 0.0890625
0 0.24765625 0.65078125 0.0234375 0.07421875
0 0.259375 0.58359375 0.0203125 0.04453125
0 0.20546875 0.58125 0.0296875 0.08359375
0 0.2859375 0.3484375 0.0265625 0.04609375
0 0.37890625 0.49609375 0.03046875 0.08359375
0 0.40859375 0.53359375 0.0125 0.04921875
0 0.396875 0.3953125 0.0234375 0.0875
0 0.42578125 0.3953125 0.01875 0.04140625
0 0.3875 0.16796875 0.0203125 0.03359375
0 0.47578125 0.35 0.0234375 0.0921875
0 0.4796875 0.428125 0.015625 0.04453125
0 0.575 0.26484375 0.04921875 0.03984375
0 0.64609375 0.3609375 0.028125 0.06171875
0 0.61328125 0.459375 0.03046875 0.03671875
0 0.5734375 0.57578125 0.025 0.05078125
0 0.65625 0.3046875 0.03828125 0.03203125
0 0.66953125 0.2390625 0.0234375 0.03984375
0 0.7046875 0.20546875 0.01875 0.0265625
0 0.6875 0.1546875 0.03046875 0.03203125
0 0.81796875 0.6078125 0.04140625 0.05703125
0 0.8671875 0.459375 0.0296875 0.021875
0 0.89765625 0.4140625 0.0265625 0.05703125
0 0.91640625 0.52265625 0.0265625 0.025
0 0.90234375 0.5484375 0.0234375 0.025
1 0.70625 0.81875 0.021875 0.07109375
1 0.871875 0.81640625 0.0140625 0.06640625
1 0.64296875 0.7234375 0.025 0.090625
1 0.01484375 0.621875 0.0171875 0.06640625
0 0.08125 0.73828125 0.03828125 0.03359375
0 0.1546875 0.47578125 0.0234375 0.03828125