1 0.55 0.32421875 0.0421875 0.1578125
1 0.66328125 0.50234375 0.0390625 0.1234375
1 0.44375 0.8171875 0.046875 0.1328125
1 0.9703125 0.4734375 0.059375 0.134375
1 0.896875 0.08671875 0.05 0.096875
1 0.484375 0.1171875 0.053125 0.09375
0 0.053125 0.44453125 0.0515625 0.0546875
0 0.08515625 0.65078125 0.0484375 0.053125
0 0.18515625 0.75 0.084375 0.0734375
0 0.1890625 0.909375 0.053125 0.0546875
0 0.2703125 0.87109375 0.0359375 0.040625
0 0.353125 0.77265625 0.03125 0.0328125
0 0.4265625 0.48125 0.0703125 0.0578125
0 0.44765625 0.53515625 0.0765625 0.0421875
0 0.54609375 0.63984375 0.0578125 0.1140625
0 0.17734375 0.08046875 0.059375 0.046875
0 0.22890625 0.09765625 0.0453125 0.0515625
0 0.2 0.14375 0.0515625 0.0609375
0 0.2234375 0.203125 0.0390625 0.05625
0 0.353125 0.12265625 0.0484375 0.0515625
0 0.3796875 0.1890625 0.0234375 0.028125
0 0.59453125 0.59765625 0.0328125 0.0625
0 0.60625 0.7484375 0.021875 0.0265625
0 0.609375 0.815625 0.015625 0.05625
0 0.64296875 0.8 0.028125 0.0375
0 0.68046875 0.8515625 0.034375 0.04375
0 0.68671875 0.67421875 0.0296875 0.0578125
0 0.7 0.7453125 0.0359375 0.05
0 0.753125 0.79375 0.0265625 0.03125
0 0.753125 0.92421875 0.0359375 0.0859375
0 0.321875 0.3625 0.0375 0.0828125
0 0.38671875 0.32734375 0.028125 0.034375
0 0.778125 0.03359375 0.071875 0.0671875
0 0.77109375 0.17734375 0.034375 0.040625
0 0.81328125 0.203125 0.034375 0.05
0 0.83671875 0.24375 0.0328125 0.05625
0 0.96015625 0.3015625 0.053125 0.071875
0 0.86640625 0.4921875 0.0265625 0.0265625
0 0.88671875 0.584375 0.0296875 0.0484375
0 0.9125 0.665625 0.0328125 0.025
0 0.97734375 0.709375 0.0328125 0.0328125