0 0.56171875 0.1734375 0.1046875 0.078125
0 0.68671875 0.2375 0.0625 0.0484375
0 0.77890625 0.2609375 0.0359375 0.0375
0 0.8125 0.2765625 0.0359375 0.0328125
0 0.79453125 0.29609375 0.0359375 0.0296875
0 0.87578125 0.2578125 0.0515625 0.046875
0 0.83671875 0.325 0.0515625 0.059375
0 0.92734375 0.34296875 0.0359375 0.0328125
0 0.84609375 0.3984375 0.0359375 0.0375
0 0.90078125 0.41171875 0.034375 0.034375
0 0.94296875 0.42265625 0.0265625 0.0265625
0 0.4984375 0.3671875 0.065625 0.06875
0 0.44296875 0.32734375 0.0421875 0.053125
0 0.60078125 0.40234375 0.046875 0.0484375
0 0.66171875 0.415625 0.065625 0.053125
0 0.71953125 0.45234375 0.0453125 0.0453125
0 0.73828125 0.55234375 0.0546875 0.05625
0 0.78515625 0.5703125 0.0484375 0.075
0 0.86953125 0.625 0.04375 0.0671875
0 0.7609375 0.51484375 0.04375 0.040625
0 0.38046875 0.37890625 0.0546875 0.05625
0 0.11328125 0.14921875 0.0546875 0.0453125
0 0.07265625 0.2109375 0.040625 0.0671875
0 0.14921875 0.240625 0.071875 0.0578125
0 0.21484375 0.29765625 0.04375 0.040625
0 0.2828125 0.35 0.0671875 0.071875
0 0.41640625 0.43203125 0.046875 0.0578125
0 0.5125 0.4953125 0.05 0.05
0 0.575 0.53984375 0.0484375 0.046875
0 0.6265625 0.56640625 0.0625 0.078125
0 0.81875 0.70546875 0.071875 0.0703125
0 0.8765625 0.7171875 0.046875 0.0578125
0 0.64921875 0.67265625 0.0578125 0.0609375
0 0.6921875 0.71796875 0.0515625 0.05625
0 0.525 0.65546875 0.04375 0.0515625
0 0.5609375 0.6234375 0.059375 0.078125
0 0.29140625 0.46328125 0.0421875 0.0453125
0 0.36484375 0.471875 0.065625 0.053125
0 0.4171875 0.51796875 0.059375 0.0515625
0 0.4921875 0.5640625 0.059375 0.0515625
0 0.8609375 0.84453125 0.1015625 0.0640625
0 0.62421875 0.72578125 0.053125 0.05
0 0.40859375 0.6359375 0.0765625 0.0953125
0 0.234375 0.48203125 0.040625 0.0359375
0 0.35078125 0.59921875 0.0375 0.0390625
0 0.509375 0.728125 0.0796875 0.0578125
0 0.553125 0.69765625 0.05 0.0515625