1 0.6390625 0.1921875 0.015625 0.05
1 0.81015625 0.46328125 0.01875 0.09375
1 0.84140625 0.15 0.0140625 0.0609375
1 0.6625 0.803125 0.0203125 0.078125
0 0.575 0.2859375 0.0328125 0.05625
0 0.60546875 0.24609375 0.03125 0.025
0 0.55703125 0.3453125 0.0375 0.059375
0 0.66796875 0.4484375 0.0734375 0.084375
0 0.7921875 0.3109375 0.0890625 0.078125
0 0.74609375 0.2265625 0.0234375 0.0484375
0 0.77265625 0.1625 0.01875 0.0609375
0 0.925 0.340625 0.053125 0.0515625
0 0.93828125 0.15703125 0.046875 0.04375
0 0.36640625 0.396875 0.0265625 0.040625
0 0.29921875 0.47265625 0.034375 0.040625
0 0.24453125 0.5359375 0.0625 0.0625
0 0.4234375 0.4 0.0265625 0.0203125