1 0.8484375 0.096875 0.021875 0.06875
1 0.9515625 0.075 0.021875 0.05625
1 0.76875 0.24375 0.025 0.0875
0 0.8234375 0.434375 0.06796875 0.1125
0 0.88125 0.66328125 0.05546875 0.05703125
0 0.75390625 0.5125 0.05390625 0.13359375
0 0.60078125 0.575 0.04375 0.13046875
0 0.5421875 0.284375 0.02578125 0.05546875
0 0.56796875 0.40234375 0.02265625 0.059375
0 0.61796875 0.7359375 0.03125 0.05546875
0 0.54296875 0.74609375 0.02109375 0.04140625
0 0.5171875 0.74375 0.02109375 0.0328125
0 0.4140625 0.44375 0.02578125 0.06953125
0 0.4109375 0.58828125 0.03125 0.0453125
0 0.44921875 0.60078125 0.0140625 0.109375
0 0.48046875 0.521875 0.0171875 0.19453125
0 0.38671875 0.26484375 0.02421875 0.0921875
0 0.3796875 0.4875 0.03125 0.11796875
0 0.37578125 0.5640625 0.02265625 0.028125
0 0.37421875 0.61171875 0.02578125 0.0296875
0 0.3703125 0.6671875 0.0328125 0.046875
0 0.34296875 0.81640625 0.02578125 0.046875
0 0.32265625 0.47890625 0.028125 0.059375
0 0.32109375 0.42578125 0.02109375 0.01875
0 0.328125 0.3140625 0.03125 0.1078125
0 0.30390625 0.2921875 0.0171875 0.08828125
0 0.2796875 0.37109375 0.03125 0.04140625
0 0.26875 0.3140625 0.02421875 0.05234375
0 0.2140625 0.38359375 0.015625 0.0625
0 0.1234375 0.19453125 0.034375 0.02421875
0 0.1328125 0.30546875 0.02578125 0.02421875