1 0.178125 0.09765625 0.0234375 0.09140625
1 0.95859375 0.103125 0.02578125 0.0546875
1 0.18359375 0.34765625 0.03359375 0.09609375
0 0.39765625 0.13828125 0.03203125 0.05078125
0 0.41640625 0.1015625 0.05078125 0.040625
0 0.325 0.153125 0.03671875 0.04609375
0 0.440625 0.1953125 0.04765625 0.02109375
0 0.64296875 0.153125 0.0265625 0.04609375
0 0.62734375 0.10390625 0.02265625 0.028125
0 0.74921875 0.1125 0.03359375 0.028125
0 0.73359375 0.22734375 0.03203125 0.03515625
0 0.84765625 0.403125 0.04765625 0.053125
0 0.8734375 0.4890625 0.02265625 0.0390625
0 0.3078125 0.528125 0.025 0.04609375
0 0.234375 0.65546875 0.0390625 0.03671875
0 0.41484375 0.321875 0.0265625 0.03515625
0 0.70625 0.61484375 0.0296875 0.06171875
0 0.759375 0.7296875 0.040625 0.0546875
0 0.89296875 0.09453125 0.0375 0.0296875