1 0.628125 0.1875 0.0140625 0.04921875
1 0.80859375 0.45234375 0.01484375 0.09296875
1 0.82890625 0.13828125 0.0125 0.06015625
1 0.67265625 0.79765625 0.01796875 0.078125
0 0.5671875 0.28359375 0.03125 0.0546875
0 0.596875 0.2421875 0.03046875 0.0234375
0 0.5515625 0.34375 0.0359375 0.05859375
0 0.66640625 0.44296875 0.07109375 0.08203125
0 0.78515625 0.30078125 0.0859375 0.07578125
0 0.73671875 0.21796875 0.021875 0.04765625
0 0.7609375 0.153125 0.01640625 0.0609375
0 0.91953125 0.32578125 0.0515625 0.05
0 0.92578125 0.1421875 0.0453125 0.0421875
0 0.3625 0.4015625 0.02578125 0.03984375
0 0.2984375 0.4796875 0.03359375 0.03984375
0 0.24609375 0.54453125 0.06015625 0.0609375
0 0.4203125 0.40234375 0.02578125 0.01875